[name]
unknown

[dist]
# distance from previous block
# <min> <max>
0	159

[block]
# block no. 0 follows, 21 sequences, length 9
# corresponding to MSA columns:
# 159-167
name=unknown_A
#
# <colnr> <probs for GDERKNQSTAVLIFYWHMCP>
#	G	D	E	R	K	N	Q	S	T	A	V	L	I	F	Y	W	H	M	C	P
0	0.01337	0.06217	0.01406	0.01279	0.01480	0.01033	0.01031	0.01661	0.01947	0.02666	0.17922	0.22734	0.05269	0.02044	0.01013	0.00318	0.00598	0.21874	0.07380	0.00789
1	0.01841	0.02790	0.24979	0.17334	0.18209	0.02006	0.15462	0.02571	0.01854	0.02610	0.01583	0.02075	0.01197	0.00786	0.00867	0.00272	0.01213	0.00766	0.00393	0.01188
2	0.01478	0.00739	0.01109	0.01109	0.01109	0.00739	0.00739	0.01109	0.01109	0.01478	0.01478	0.02587	0.01478	0.02956	0.03326	0.75240	0.00739	0.00739	0.00370	0.00370
3	0.01985	0.01533	0.01826	0.09063	0.02355	0.01676	0.01315	0.20802	0.12097	0.03617	0.14642	0.18607	0.03803	0.01538	0.00937	0.00287	0.00714	0.01323	0.00802	0.01078
4	0.01397	0.16861	0.01765	0.01151	0.01339	0.01358	0.00841	0.01519	0.01506	0.01938	0.03131	0.29915	0.03636	0.27436	0.02175	0.00487	0.00714	0.01525	0.00589	0.00718
5	0.19287	0.02835	0.24276	0.01816	0.02587	0.07784	0.01877	0.10756	0.02191	0.08148	0.08755	0.02312	0.01960	0.00964	0.00771	0.00261	0.00963	0.00722	0.00591	0.01144
6	0.03326	0.03455	0.02311	0.02036	0.02525	0.51609	0.01554	0.03571	0.02417	0.16658	0.01786	0.01848	0.01329	0.00918	0.00788	0.00229	0.01348	0.00619	0.00580	0.01093
7	0.02071	0.18027	0.15153	0.03031	0.24529	0.02341	0.02159	0.03053	0.15982	0.02767	0.01921	0.02125	0.01526	0.00852	0.00774	0.00248	0.00957	0.00712	0.00499	0.01272
8	0.09876	0.01232	0.01592	0.01517	0.01792	0.01288	0.06356	0.02240	0.15832	0.02728	0.03746	0.40546	0.04011	0.01932	0.00965	0.00318	0.00638	0.01736	0.00746	0.00909

[dist]
# distance from previous block
# <min> <max>
0	1

[block]
# block no. 1 follows, 21 sequences, length 11
# corresponding to MSA columns:
# 169-179
name=unknown_B
#
# <colnr> <probs for GDERKNQSTAVLIFYWHMCP>
#	G	D	E	R	K	N	Q	S	T	A	V	L	I	F	Y	W	H	M	C	P
0	0.23395	0.19123	0.04507	0.01431	0.01981	0.07672	0.04995	0.02265	0.01785	0.02687	0.03266	0.03317	0.18299	0.01150	0.00723	0.00247	0.00807	0.00871	0.00538	0.00941
1	0.01398	0.19778	0.01954	0.01242	0.01498	0.01436	0.00973	0.01617	0.01770	0.02307	0.12426	0.41773	0.04743	0.02004	0.00927	0.00290	0.00594	0.01756	0.00695	0.00817
2	0.21594	0.01081	0.01168	0.01084	0.01373	0.01104	0.00835	0.01850	0.02147	0.03523	0.47144	0.05003	0.06095	0.01481	0.00874	0.00266	0.00471	0.01246	0.00825	0.00835
3	0.01192	0.00832	0.01030	0.01030	0.01127	0.00795	0.00685	0.01393	0.01817	0.02512	0.30375	0.15628	0.05671	0.29493	0.02361	0.00505	0.00587	0.01551	0.00744	0.00670
4	0.01757	0.01282	0.01523	0.01312	0.01644	0.01303	0.01025	0.18032	0.02842	0.03944	0.47378	0.05183	0.06238	0.01544	0.00962	0.00264	0.00547	0.01329	0.00914	0.00978
5	0.01969	0.01319	0.01581	0.01363	0.01719	0.01331	0.01063	0.18211	0.02765	0.09239	0.35934	0.11349	0.05474	0.01579	0.00958	0.00272	0.00585	0.01359	0.00909	0.01023
6	0.02122	0.01065	0.01423	0.01239	0.01590	0.00953	0.00962	0.02476	0.02350	0.25407	0.37363	0.10651	0.05707	0.01576	0.00958	0.00273	0.00525	0.01372	0.00966	0.01023
7	0.01520	0.01986	0.18976	0.01706	0.02203	0.01445	0.01677	0.06946	0.01707	0.02458	0.02055	0.02812	0.01784	0.04412	0.43211	0.00975	0.01888	0.00822	0.00463	0.00953
8	0.02201	0.21071	0.04601	0.02864	0.03645	0.09089	0.39147	0.02746	0.01974	0.02463	0.01533	0.01964	0.01217	0.00737	0.00855	0.00251	0.01302	0.00808	0.00413	0.01116
9	0.01878	0.01789	0.03042	0.33933	0.37857	0.01962	0.02498	0.02412	0.01830	0.02503	0.01560	0.02181	0.01250	0.00801	0.00846	0.00267	0.01067	0.00757	0.00402	0.01164
10	0.01814	0.01629	0.01826	0.19517	0.02864	0.08138	0.01414	0.12225	0.02369	0.02987	0.15676	0.04482	0.18879	0.01393	0.00912	0.00270	0.00817	0.01158	0.00681	0.00950

[dist]
# distance from previous block
# <min> <max>
0	2

[block]
# block no. 2 follows, 21 sequences, length 11
# corresponding to MSA columns:
# 182-192
name=unknown_C
#
# <colnr> <probs for GDERKNQSTAVLIFYWHMCP>
#	G	D	E	R	K	N	Q	S	T	A	V	L	I	F	Y	W	H	M	C	P
0	0.01151	0.00960	0.01462	0.01413	0.01616	0.00879	0.08334	0.01385	0.01744	0.02269	0.05177	0.47811	0.17899	0.02312	0.01059	0.00326	0.00597	0.02108	0.00745	0.00754
1	0.02491	0.02596	0.12446	0.05209	0.03672	0.09947	0.30631	0.03094	0.02111	0.16267	0.01992	0.02261	0.01409	0.00828	0.00909	0.00271	0.01256	0.00853	0.00555	0.01201
2	0.01037	0.00741	0.00987	0.01185	0.01234	0.00691	0.00790	0.01185	0.01629	0.02172	0.04690	0.69537	0.05629	0.02666	0.01086	0.00346	0.00494	0.02419	0.00790	0.00691
3	0.02097	0.11011	0.02212	0.01605	0.02048	0.01536	0.06136	0.02666	0.09556	0.16199	0.03360	0.22297	0.03231	0.01576	0.00917	0.00289	0.00740	0.07644	0.00755	0.04124
4	0.01216	0.00890	0.01256	0.01241	0.01383	0.00973	0.00930	0.01499	0.01576	0.02243	0.15853	0.04312	0.03549	0.14304	0.43658	0.01052	0.01666	0.01094	0.00569	0.00735
5	0.01256	0.00913	0.01110	0.01077	0.01302	0.00902	0.00818	0.01687	0.04961	0.02797	0.25370	0.05553	0.19663	0.02721	0.15255	0.00503	0.00831	0.01333	0.11150	0.00798
6	0.12351	0.26739	0.21130	0.01647	0.02506	0.02274	0.01772	0.02496	0.01717	0.02625	0.01355	0.01579	0.01101	0.00739	0.00638	0.00207	0.00914	0.00517	0.00416	0.17279
7	0.07992	0.23460	0.42548	0.02036	0.03079	0.02376	0.02470	0.02636	0.01748	0.02586	0.01399	0.01637	0.01069	0.00784	0.00709	0.00244	0.01107	0.00564	0.00374	0.01182
8	0.01098	0.00779	0.01013	0.01128	0.01204	0.00732	0.00759	0.01283	0.01750	0.02378	0.17432	0.47818	0.05836	0.10851	0.01472	0.00388	0.00515	0.02081	0.00788	0.00694
9	0.01680	0.00924	0.01236	0.01231	0.01447	0.00838	0.00893	0.01924	0.01978	0.16215	0.17669	0.40966	0.05396	0.02109	0.01018	0.00310	0.00523	0.01883	0.00880	0.00881
10	0.02414	0.17966	0.22595	0.10158	0.03207	0.02330	0.02105	0.15683	0.02329	0.10795	0.01787	0.01949	0.01296	0.00873	0.00771	0.00248	0.01029	0.00664	0.00556	0.01247

[dist]
# distance from previous block
# <min> <max>
5	19

[block]
# block no. 3 follows, 21 sequences, length 8
# corresponding to MSA columns:
# 212-219
name=unknown_D
#
# <colnr> <probs for GDERKNQSTAVLIFYWHMCP>
#	G	D	E	R	K	N	Q	S	T	A	V	L	I	F	Y	W	H	M	C	P
0	0.02241	0.02055	0.02584	0.12157	0.03135	0.08283	0.10073	0.15869	0.14302	0.03249	0.02437	0.05172	0.02071	0.01191	0.01013	0.00292	0.04555	0.07535	0.00649	0.01139
1	0.09303	0.00919	0.00993	0.00979	0.01069	0.00962	0.00620	0.01473	0.01326	0.02061	0.02491	0.04671	0.02678	0.49771	0.09651	0.00757	0.00908	0.01080	0.07679	0.00610
2	0.09443	0.01910	0.09639	0.06921	0.05667	0.01564	0.05352	0.07147	0.02120	0.14672	0.08211	0.02736	0.04403	0.00968	0.00801	0.00240	0.00827	0.00812	0.00652	0.15914
3	0.13137	0.22151	0.06424	0.01748	0.02451	0.02102	0.10070	0.02616	0.01831	0.09389	0.01826	0.02392	0.01525	0.00883	0.00720	0.00229	0.00889	0.05096	0.00528	0.13994
4	0.02535	0.06184	0.18976	0.06591	0.03239	0.02051	0.10632	0.17288	0.02469	0.14782	0.01997	0.02138	0.01402	0.00881	0.00835	0.00256	0.01047	0.00751	0.00626	0.05321
5	0.01262	0.08386	0.01367	0.01078	0.01336	0.01115	0.00806	0.01608	0.06430	0.02256	0.05772	0.21669	0.31377	0.10095	0.01359	0.00354	0.00563	0.01674	0.00718	0.00776
6	0.02225	0.01344	0.01922	0.11649	0.08582	0.01267	0.01424	0.02583	0.01965	0.21717	0.02963	0.16619	0.02678	0.01352	0.00887	0.00269	0.00755	0.05560	0.00725	0.13513
7	0.07798	0.09288	0.01962	0.03439	0.02025	0.15460	0.01215	0.02742	0.12046	0.07093	0.10661	0.13001	0.07178	0.01370	0.00843	0.00264	0.00821	0.01111	0.00686	0.00998

[dist]
# distance from previous block
# <min> <max>
4	7

[block]
# block no. 4 follows, 21 sequences, length 24
# corresponding to MSA columns:
# 227-250
name=unknown_E
#
# <colnr> <probs for GDERKNQSTAVLIFYWHMCP>
#	G	D	E	R	K	N	Q	S	T	A	V	L	I	F	Y	W	H	M	C	P
0	0.02311	0.10957	0.02432	0.02197	0.13453	0.06620	0.01487	0.07553	0.10950	0.11962	0.13947	0.07080	0.03092	0.01180	0.00848	0.00256	0.00797	0.00991	0.00720	0.01168
1	0.01230	0.00856	0.01083	0.01083	0.01136	0.00909	0.00709	0.01337	0.01283	0.01765	0.02540	0.04785	0.02754	0.47664	0.26294	0.01016	0.01337	0.01123	0.00495	0.00602
2	0.02029	0.49640	0.14212	0.01605	0.02339	0.02807	0.01681	0.02426	0.01689	0.02114	0.01397	0.01719	0.01237	0.01548	0.10029	0.00366	0.01163	0.00549	0.00376	0.01072
3	0.02223	0.18044	0.29116	0.06879	0.05539	0.02132	0.02213	0.05119	0.02000	0.12894	0.04723	0.02152	0.01605	0.00884	0.00773	0.00249	0.01022	0.00690	0.00524	0.01219
4	0.02179	0.01975	0.03060	0.11683	0.13599	0.04682	0.14258	0.02957	0.11904	0.08587	0.01980	0.02347	0.01529	0.01002	0.01258	0.00293	0.14160	0.00840	0.00541	0.01167
5	0.01325	0.00980	0.01205	0.01152	0.01165	0.01099	0.00754	0.01377	0.01258	0.01735	0.02424	0.04851	0.02730	0.54892	0.09414	0.00807	0.10607	0.01140	0.00490	0.00596
6	0.02408	0.25990	0.03110	0.02148	0.11177	0.02552	0.01592	0.10468	0.22137	0.06845	0.02221	0.02235	0.01724	0.00926	0.00748	0.00241	0.00839	0.00725	0.00636	0.01276
7	0.02092	0.01967	0.03164	0.20370	0.14166	0.06641	0.18456	0.02729	0.05666	0.07884	0.02363	0.02735	0.06001	0.00931	0.00898	0.00273	0.01112	0.00906	0.00521	0.01122
8	0.01172	0.01035	0.01509	0.01352	0.01651	0.00922	0.09404	0.01454	0.01901	0.02407	0.10654	0.23583	0.35623	0.02056	0.01027	0.00301	0.00589	0.01831	0.00750	0.00779
9	0.12006	0.00947	0.01137	0.01231	0.01411	0.00934	0.00890	0.01667	0.01696	0.07805	0.04064	0.49778	0.04604	0.02238	0.00993	0.00330	0.00558	0.06140	0.00774	0.00795
10	0.07443	0.11000	0.03156	0.23190	0.34156	0.02154	0.02258	0.02464	0.01803	0.02572	0.01488	0.02002	0.01219	0.00784	0.00782	0.00253	0.01008	0.00695	0.00409	0.01162
11	0.02664	0.17066	0.15983	0.11245	0.03067	0.05955	0.01891	0.05934	0.02119	0.23003	0.02060	0.02126	0.01443	0.00891	0.00773	0.00247	0.00993	0.00686	0.00618	0.01233
12	0.02117	0.01380	0.01743	0.01537	0.01878	0.01490	0.01233	0.02951	0.16788	0.17080	0.21976	0.04453	0.04148	0.01462	0.01207	0.00297	0.10291	0.06022	0.00852	0.01095
13	0.02008	0.03981	0.56595	0.02296	0.03468	0.01873	0.02874	0.02902	0.01888	0.11636	0.01788	0.01954	0.01225	0.00843	0.00815	0.00269	0.01182	0.00661	0.00458	0.01285
14	0.02508	0.05140	0.02080	0.05091	0.02318	0.10983	0.01387	0.17453	0.05628	0.13063	0.02760	0.13932	0.02482	0.01735	0.05692	0.00356	0.00999	0.04542	0.00735	0.01118
15	0.09200	0.02042	0.02598	0.07922	0.26535	0.07367	0.01892	0.14188	0.02399	0.08757	0.07152	0.02425	0.01930	0.00939	0.00825	0.00256	0.00940	0.00790	0.00612	0.01230
16	0.01935	0.01462	0.02119	0.01757	0.02091	0.01560	0.09744	0.13013	0.02013	0.07338	0.02440	0.08934	0.02318	0.17935	0.15538	0.00638	0.06534	0.01083	0.00605	0.00945
17	0.01902	0.01442	0.02041	0.12229	0.02660	0.01548	0.06574	0.09539	0.12262	0.06096	0.06457	0.11625	0.02838	0.01634	0.01288	0.10989	0.00828	0.06396	0.00675	0.00979
18	0.02270	0.02611	0.14807	0.11610	0.16511	0.13275	0.06495	0.02788	0.02005	0.10345	0.02016	0.07810	0.01678	0.00997	0.00858	0.00266	0.01119	0.00867	0.00518	0.01155
19	0.06038	0.02058	0.05762	0.03052	0.26293	0.04750	0.01885	0.10450	0.13391	0.06189	0.04704	0.07396	0.02153	0.01066	0.00852	0.00268	0.00882	0.00923	0.00637	0.01253
20	0.05653	0.01781	0.03132	0.23229	0.25380	0.01879	0.13631	0.02384	0.01846	0.02602	0.01896	0.05055	0.01659	0.00963	0.00893	0.00283	0.01077	0.05102	0.00455	0.01102
21	0.01976	0.01461	0.02253	0.24480	0.13934	0.01601	0.01838	0.02483	0.04681	0.12394	0.02628	0.12655	0.02391	0.01316	0.01015	0.00299	0.04358	0.06566	0.00612	0.01060
22	0.07201	0.01510	0.02060	0.18832	0.08237	0.01633	0.01593	0.04556	0.04460	0.02670	0.02171	0.12046	0.02072	0.01208	0.01015	0.00268	0.07258	0.03916	0.00539	0.16755
23	0.07657	0.01731	0.02302	0.02629	0.20803	0.04941	0.04189	0.05562	0.07440	0.11625	0.13938	0.03487	0.07772	0.01142	0.00869	0.00263	0.00802	0.00992	0.00698	0.01158

[dist]
# distance from previous block
# <min> <max>
45	116

[block]
# block no. 5 follows, 21 sequences, length 7
# corresponding to MSA columns:
# 367-373
name=unknown_F
#
# <colnr> <probs for GDERKNQSTAVLIFYWHMCP>
#	G	D	E	R	K	N	Q	S	T	A	V	L	I	F	Y	W	H	M	C	P
0	0.09750	0.08542	0.06468	0.02294	0.14230	0.01965	0.01658	0.09482	0.02067	0.10938	0.01725	0.01939	0.01332	0.00865	0.00907	0.00232	0.06773	0.00647	0.00566	0.17618
1	0.09723	0.14473	0.19074	0.02045	0.08656	0.01970	0.01851	0.02968	0.05688	0.16237	0.07456	0.02429	0.02014	0.00943	0.00768	0.00251	0.00887	0.00743	0.00613	0.01210
2	0.09531	0.02113	0.07930	0.08654	0.21275	0.01973	0.05573	0.10583	0.08363	0.03242	0.01789	0.02087	0.01389	0.00829	0.00793	0.00247	0.00936	0.00719	0.00537	0.11436
3	0.07786	0.02051	0.02711	0.03222	0.28841	0.08151	0.05559	0.05710	0.04801	0.02921	0.01826	0.06030	0.01590	0.00893	0.00799	0.00237	0.00943	0.00793	0.00511	0.14627
4	0.02181	0.02322	0.08580	0.09504	0.40998	0.05935	0.02402	0.07312	0.07039	0.02941	0.01754	0.02140	0.01400	0.00830	0.00838	0.00258	0.01041	0.00751	0.00482	0.01292
5	0.26637	0.02476	0.08489	0.05761	0.10256	0.12236	0.01692	0.12836	0.06351	0.03459	0.01609	0.01819	0.01232	0.00869	0.00727	0.00257	0.00974	0.00630	0.00553	0.01137
6	0.28922	0.02050	0.01992	0.01893	0.08371	0.08420	0.01365	0.13817	0.08085	0.08681	0.01818	0.01917	0.01363	0.00881	0.00710	0.00247	0.00837	0.00639	0.00640	0.07351

[dist]
# distance from previous block
# <min> <max>
0	1

[block]
# block no. 6 follows, 21 sequences, length 8
# corresponding to MSA columns:
# 375-382
name=unknown_G
#
# <colnr> <probs for GDERKNQSTAVLIFYWHMCP>
#	G	D	E	R	K	N	Q	S	T	A	V	L	I	F	Y	W	H	M	C	P
0	0.01992	0.01828	0.06039	0.03821	0.42301	0.01684	0.02069	0.02415	0.01866	0.06793	0.05539	0.03008	0.02083	0.13230	0.01475	0.00357	0.00936	0.00889	0.00507	0.01170
1	0.04349	0.01250	0.01668	0.06159	0.08868	0.01166	0.01242	0.01856	0.01715	0.02485	0.02789	0.15887	0.02944	0.09904	0.01305	0.00331	0.00736	0.12070	0.00593	0.22683
2	0.02202	0.01438	0.01680	0.01498	0.01915	0.01512	0.01160	0.03506	0.31165	0.17211	0.14471	0.11849	0.03832	0.01423	0.00915	0.00286	0.00614	0.01221	0.00911	0.01192
3	0.01611	0.01280	0.01696	0.01937	0.11179	0.01303	0.01277	0.07663	0.09174	0.03090	0.19208	0.19568	0.06993	0.01755	0.00989	0.00300	0.00644	0.08568	0.00785	0.00977
4	0.02011	0.10361	0.13387	0.01577	0.02044	0.01709	0.01454	0.15199	0.01956	0.02631	0.01577	0.02173	0.01352	0.01865	0.01979	0.35803	0.00897	0.00691	0.00475	0.00859
5	0.01864	0.29856	0.08335	0.04371	0.02285	0.02475	0.01611	0.02175	0.01541	0.02052	0.01480	0.02140	0.01390	0.06132	0.12097	0.00472	0.17689	0.00675	0.00391	0.00971
6	0.02258	0.62985	0.04179	0.01487	0.02187	0.03229	0.01444	0.02767	0.08545	0.02175	0.01436	0.01566	0.01259	0.00775	0.00581	0.00194	0.00884	0.00511	0.00420	0.01120
7	0.15520	0.10252	0.02163	0.01532	0.02071	0.07857	0.06235	0.02614	0.12018	0.02826	0.03327	0.03342	0.15540	0.01131	0.00769	0.00244	0.00786	0.00902	0.00603	0.10267

[dist]
# distance from previous block
# <min> <max>
0	9

[block]
# block no. 7 follows, 21 sequences, length 12
# corresponding to MSA columns:
# 392-403
name=unknown_H
#
# <colnr> <probs for GDERKNQSTAVLIFYWHMCP>
#	G	D	E	R	K	N	Q	S	T	A	V	L	I	F	Y	W	H	M	C	P
0	0.01983	0.02155	0.08915	0.03677	0.37573	0.06448	0.02150	0.04949	0.02107	0.02903	0.12227	0.06446	0.02657	0.01052	0.00874	0.00260	0.00940	0.00952	0.00541	0.01190
1	0.02349	0.32320	0.27346	0.01837	0.02754	0.02438	0.02061	0.02906	0.01888	0.14207	0.01724	0.01818	0.01278	0.00820	0.00705	0.00231	0.01008	0.00597	0.00492	0.01222
2	0.01833	0.01076	0.01418	0.01466	0.04630	0.00981	0.01109	0.02143	0.02058	0.17172	0.08835	0.12958	0.21036	0.01911	0.01018	0.00314	0.00631	0.17632	0.00841	0.00940
3	0.02713	0.14033	0.26744	0.02260	0.05321	0.09207	0.02223	0.10632	0.02365	0.12676	0.02027	0.02231	0.01522	0.01021	0.00871	0.00288	0.01154	0.00723	0.00623	0.01362
4	0.05908	0.02197	0.10792	0.07154	0.10029	0.01902	0.07719	0.16253	0.02508	0.23611	0.02246	0.02308	0.01542	0.00923	0.00848	0.00265	0.00969	0.00786	0.00716	0.01324
5	0.01059	0.00756	0.01008	0.01183	0.01236	0.00721	0.00792	0.01208	0.01592	0.02132	0.04435	0.62059	0.05278	0.06487	0.05294	0.00434	0.00621	0.02264	0.00755	0.00686
6	0.02275	0.70604	0.04459	0.01456	0.02184	0.03367	0.01456	0.02548	0.01729	0.02002	0.01183	0.01365	0.01092	0.00728	0.00546	0.00182	0.00910	0.00455	0.00364	0.01092
7	0.01602	0.01486	0.02474	0.49536	0.04838	0.01805	0.05194	0.02099	0.01687	0.02200	0.01856	0.03150	0.01624	0.05056	0.01233	0.00332	0.05978	0.06508	0.00428	0.00914
8	0.03229	0.02563	0.02539	0.01983	0.02638	0.09507	0.01620	0.55667	0.03831	0.05011	0.01965	0.01989	0.01410	0.01006	0.00842	0.00252	0.01001	0.00743	0.00807	0.01398
9	0.06346	0.01942	0.05311	0.11285	0.37989	0.01925	0.02192	0.08807	0.02152	0.03117	0.08795	0.02551	0.02064	0.00913	0.00843	0.00260	0.00937	0.00826	0.00525	0.01222
10	0.10534	0.08870	0.12105	0.11639	0.06743	0.01998	0.08530	0.04923	0.08519	0.06726	0.02019	0.02600	0.01617	0.00947	0.00807	0.00265	0.00971	0.04662	0.00544	0.04980
11	0.10415	0.01660	0.04681	0.01741	0.07920	0.08234	0.01248	0.02337	0.03751	0.10928	0.13045	0.16502	0.11132	0.01522	0.00892	0.00278	0.00725	0.01285	0.00725	0.00979

[dist]
# distance from previous block
# <min> <max>
0	27

[block]
# block no. 8 follows, 21 sequences, length 16
# corresponding to MSA columns:
# 431-446
name=unknown_I
#
# <colnr> <probs for GDERKNQSTAVLIFYWHMCP>
#	G	D	E	R	K	N	Q	S	T	A	V	L	I	F	Y	W	H	M	C	P
0	0.02197	0.03282	0.37618	0.02546	0.03584	0.01880	0.17837	0.02987	0.01976	0.14960	0.01935	0.02140	0.01334	0.00833	0.00868	0.00273	0.01199	0.00770	0.00513	0.01267
1	0.03213	0.01614	0.02174	0.08079	0.06909	0.01571	0.01483	0.13533	0.02597	0.40613	0.06985	0.02872	0.02253	0.01055	0.00864	0.00263	0.00797	0.00871	0.00903	0.01350
2	0.02099	0.01507	0.02320	0.08407	0.02711	0.01519	0.11914	0.08212	0.07065	0.13443	0.12555	0.08837	0.03462	0.01408	0.00973	0.00298	0.00849	0.10582	0.00764	0.01078
3	0.01457	0.00999	0.01221	0.01273	0.01466	0.00989	0.00919	0.01984	0.11319	0.07340	0.04607	0.39506	0.10182	0.07101	0.01267	0.00363	0.00578	0.05779	0.00802	0.00849
4	0.02590	0.17735	0.02931	0.17730	0.03231	0.02136	0.05946	0.11292	0.02250	0.18904	0.02069	0.02239	0.01487	0.00897	0.00778	0.00246	0.00930	0.00733	0.04691	0.01186
5	0.02119	0.19316	0.37251	0.02131	0.03134	0.02237	0.06011	0.02918	0.04880	0.09731	0.01762	0.01919	0.01286	0.00829	0.00767	0.00250	0.01098	0.00653	0.00469	0.01238
6	0.01846	0.01443	0.02266	0.08442	0.17963	0.01451	0.05686	0.02432	0.06489	0.08751	0.17163	0.08002	0.03775	0.01374	0.00954	0.00289	0.00797	0.09108	0.00700	0.01066
7	0.01560	0.01410	0.02306	0.46449	0.10331	0.01648	0.02021	0.02082	0.01890	0.02521	0.16235	0.03211	0.02769	0.01050	0.00886	0.00277	0.00951	0.00940	0.00513	0.00950
8	0.07214	0.04476	0.25010	0.13006	0.08775	0.05812	0.02206	0.06625	0.02015	0.07309	0.02321	0.02543	0.07163	0.00971	0.00815	0.00265	0.01044	0.00776	0.00509	0.01146
9	0.02806	0.07394	0.14331	0.01888	0.02576	0.17037	0.01737	0.03666	0.15032	0.21367	0.02406	0.02323	0.01709	0.00965	0.00807	0.00254	0.01017	0.00736	0.00691	0.01259
10	0.01530	0.01394	0.01412	0.01388	0.01545	0.11691	0.01013	0.01740	0.01523	0.01929	0.02363	0.07601	0.02399	0.20179	0.37348	0.00991	0.01709	0.01021	0.00487	0.00735
11	0.01389	0.01313	0.01200	0.01222	0.01471	0.10133	0.00928	0.01636	0.02002	0.02385	0.11492	0.17329	0.32254	0.02046	0.01009	0.00300	0.00645	0.09725	0.00753	0.00769
12	0.36060	0.01918	0.10522	0.01318	0.01988	0.01580	0.01234	0.02372	0.01625	0.03281	0.01480	0.01722	0.01163	0.00763	0.00604	0.00216	0.00711	0.00528	0.07337	0.23575
13	0.07562	0.05983	0.22047	0.02087	0.06084	0.07936	0.01969	0.11430	0.08048	0.10796	0.06212	0.02348	0.01876	0.00963	0.00805	0.00258	0.00988	0.00749	0.00623	0.01234
14	0.08999	0.13732	0.23249	0.10958	0.03095	0.02040	0.02058	0.04373	0.05230	0.07246	0.02049	0.02855	0.01702	0.01028	0.00797	0.00272	0.00990	0.07684	0.00522	0.01123
15	0.26466	0.08452	0.09798	0.01543	0.02125	0.01899	0.01432	0.08131	0.07792	0.07532	0.02335	0.06663	0.02068	0.01185	0.00771	0.00281	0.00797	0.09019	0.00639	0.01072

[dist]
# distance from previous block
# <min> <max>
13	39

[block]
# block no. 9 follows, 21 sequences, length 9
# corresponding to MSA columns:
# 488-496
name=unknown_J
#
# <colnr> <probs for GDERKNQSTAVLIFYWHMCP>
#	G	D	E	R	K	N	Q	S	T	A	V	L	I	F	Y	W	H	M	C	P
0	0.20269	0.01944	0.01943	0.01649	0.02199	0.02217	0.01322	0.20561	0.31304	0.04141	0.02506	0.02417	0.01863	0.01028	0.00780	0.00273	0.00746	0.00785	0.00780	0.01273
1	0.07566	0.01577	0.02335	0.26296	0.16883	0.01720	0.01840	0.06038	0.01911	0.11614	0.01973	0.02721	0.01606	0.10853	0.01328	0.00349	0.00957	0.00819	0.00544	0.01071
2	0.01099	0.00782	0.00985	0.01095	0.01168	0.00735	0.00723	0.01250	0.01661	0.02221	0.11846	0.44121	0.09109	0.17015	0.01769	0.00435	0.00550	0.02017	0.00749	0.00669
3	0.47232	0.01758	0.01683	0.09550	0.02378	0.02038	0.01252	0.11287	0.09528	0.03807	0.01632	0.01810	0.01232	0.00876	0.00656	0.00268	0.00759	0.00604	0.00597	0.01053
4	0.19488	0.12829	0.02622	0.02243	0.11307	0.24050	0.01588	0.11359	0.02251	0.03037	0.01412	0.01630	0.01143	0.00839	0.00703	0.00234	0.01081	0.00576	0.00504	0.01106
5	0.01180	0.00801	0.00945	0.01002	0.01016	0.00787	0.00595	0.01222	0.01350	0.01800	0.03260	0.23978	0.03823	0.50688	0.03398	0.00687	0.00730	0.01578	0.00595	0.00566
6	0.01168	0.00816	0.01037	0.01133	0.01206	0.00787	0.00775	0.01334	0.01655	0.02228	0.12577	0.32269	0.05060	0.24366	0.02138	0.00496	0.00624	0.08948	0.00721	0.00662
7	0.02944	0.02057	0.02810	0.02592	0.13063	0.04488	0.08339	0.20846	0.02665	0.21465	0.02195	0.02291	0.01558	0.00993	0.01053	0.00271	0.07505	0.00807	0.00729	0.01331
8	0.06803	0.02110	0.02458	0.22960	0.12808	0.11294	0.01897	0.10093	0.11455	0.06952	0.01954	0.02236	0.01469	0.00916	0.00821	0.00265	0.01025	0.00748	0.00576	0.01163

[dist]
# distance from previous block
# <min> <max>
0	1

[block]
# block no. 10 follows, 21 sequences, length 19
# corresponding to MSA columns:
# 498-516
name=unknown_K
#
# <colnr> <probs for GDERKNQSTAVLIFYWHMCP>
#	G	D	E	R	K	N	Q	S	T	A	V	L	I	F	Y	W	H	M	C	P
0	0.01119	0.00824	0.01047	0.01080	0.01241	0.00753	0.00776	0.01407	0.02075	0.02830	0.36014	0.28264	0.15189	0.02116	0.01032	0.00297	0.00437	0.01877	0.00866	0.00753
1	0.02606	0.02003	0.02163	0.01767	0.02320	0.02226	0.01422	0.35551	0.22659	0.04527	0.10861	0.02983	0.02698	0.01160	0.00876	0.00268	0.00781	0.00932	0.00867	0.01329
2	0.69346	0.01634	0.01297	0.01132	0.01679	0.01839	0.00930	0.02469	0.01477	0.03723	0.01215	0.01417	0.00952	0.00775	0.00536	0.00251	0.00656	0.00465	0.00525	0.07682
3	0.02731	0.03793	0.14796	0.02170	0.02776	0.44351	0.01895	0.03427	0.11325	0.02423	0.01676	0.01830	0.01316	0.00905	0.00790	0.00239	0.01352	0.00625	0.00486	0.01093
4	0.02260	0.01956	0.03161	0.04035	0.40946	0.01981	0.07768	0.03142	0.14061	0.08797	0.02144	0.02408	0.01660	0.00860	0.00864	0.00264	0.00957	0.00831	0.00569	0.01338
5	0.01379	0.01146	0.01292	0.01125	0.01546	0.00995	0.00875	0.01888	0.07717	0.02766	0.16064	0.05596	0.27745	0.01555	0.00891	0.00242	0.00520	0.03660	0.00741	0.22256
6	0.01031	0.00765	0.00963	0.01121	0.01218	0.00697	0.00762	0.01192	0.01690	0.02197	0.05464	0.57459	0.17206	0.02566	0.01070	0.00334	0.00481	0.02297	0.00790	0.00697
7	0.02290	0.08924	0.18181	0.01881	0.02614	0.02168	0.01823	0.09229	0.30974	0.09044	0.02623	0.02529	0.01924	0.01006	0.00819	0.00268	0.00871	0.00803	0.00708	0.01320
8	0.01994	0.02394	0.17002	0.36416	0.10144	0.06468	0.02409	0.02605	0.01864	0.08267	0.01683	0.02153	0.01229	0.00854	0.00835	0.00271	0.01141	0.00722	0.00445	0.01103
9	0.01989	0.13575	0.41308	0.05690	0.03286	0.02035	0.02478	0.02731	0.01838	0.08446	0.01645	0.01858	0.01196	0.00806	0.00760	0.00244	0.01092	0.00620	0.00439	0.07964
10	0.01994	0.44822	0.21927	0.01712	0.02531	0.02712	0.01884	0.02463	0.01739	0.02219	0.01612	0.07874	0.01513	0.00933	0.00673	0.00223	0.00972	0.00689	0.00403	0.01103
11	0.01084	0.00777	0.01030	0.01153	0.01245	0.00723	0.00794	0.01303	0.01848	0.02521	0.21447	0.51787	0.06303	0.02406	0.01063	0.00324	0.00468	0.02172	0.00831	0.00723
12	0.02338	0.15572	0.25287	0.02092	0.06441	0.02123	0.02066	0.03311	0.14017	0.15211	0.02212	0.02224	0.01601	0.00907	0.00782	0.00255	0.00957	0.00715	0.00602	0.01288
13	0.01852	0.01564	0.01812	0.01302	0.02054	0.01224	0.01045	0.05695	0.01898	0.02927	0.01544	0.01781	0.01272	0.00653	0.00643	0.00134	0.00648	0.00520	0.00525	0.70908
14	0.01597	0.01009	0.01274	0.01121	0.01449	0.00885	0.00863	0.01960	0.02288	0.11970	0.42079	0.05710	0.14586	0.01601	0.00949	0.00257	0.00472	0.01385	0.00893	0.07654
15	0.01152	0.00872	0.01083	0.01166	0.01363	0.00802	0.00910	0.01438	0.01968	0.02548	0.16897	0.20708	0.25252	0.02238	0.01070	0.00325	0.00538	0.18107	0.00815	0.00747
16	0.02186	0.23721	0.22435	0.01927	0.02716	0.11416	0.01976	0.03206	0.17240	0.02617	0.01878	0.01975	0.01465	0.00880	0.00738	0.00241	0.01045	0.00649	0.00499	0.01192
17	0.02167	0.02396	0.12172	0.02826	0.12402	0.01977	0.19259	0.14233	0.02306	0.03259	0.01693	0.02029	0.01293	0.00777	0.00839	0.00237	0.01069	0.00756	0.00518	0.17791
18	0.01248	0.00879	0.01172	0.01329	0.01443	0.00865	0.01032	0.01491	0.01720	0.02260	0.04196	0.26210	0.04751	0.15920	0.01777	0.00465	0.00708	0.31099	0.00732	0.00703

[dist]
# distance from previous block
# <min> <max>
0	9

[block]
# block no. 11 follows, 21 sequences, length 55
# corresponding to MSA columns:
# 526-580
name=unknown_L
#
# <colnr> <probs for GDERKNQSTAVLIFYWHMCP>
#	G	D	E	R	K	N	Q	S	T	A	V	L	I	F	Y	W	H	M	C	P
0	0.01855	0.01806	0.02852	0.35369	0.24459	0.03895	0.02346	0.02333	0.01737	0.02350	0.01474	0.02131	0.01200	0.00921	0.01149	0.00286	0.11620	0.00749	0.00393	0.01076
1	0.01852	0.02102	0.08774	0.03223	0.15507	0.01855	0.28515	0.02611	0.07467	0.02728	0.02376	0.11419	0.02162	0.01114	0.00964	0.00292	0.01110	0.04266	0.00528	0.01135
2	0.01626	0.01427	0.02176	0.02415	0.14402	0.01448	0.08240	0.02392	0.13685	0.02696	0.03634	0.22329	0.05942	0.01700	0.01000	0.00316	0.00788	0.12078	0.00690	0.01017
3	0.01037	0.00741	0.00987	0.01185	0.01234	0.00691	0.00790	0.01185	0.01629	0.02172	0.04690	0.69537	0.05629	0.02666	0.01086	0.00346	0.00494	0.02419	0.00790	0.00691
4	0.01265	0.01013	0.01160	0.01163	0.01439	0.00971	0.00919	0.01838	0.09992	0.02734	0.18072	0.07472	0.32893	0.01984	0.01023	0.00305	0.00530	0.13568	0.00828	0.00830
5	0.18324	0.02759	0.20390	0.01892	0.02699	0.02232	0.01888	0.28620	0.04542	0.06180	0.01797	0.01893	0.01285	0.00916	0.00770	0.00262	0.00955	0.00670	0.00648	0.01278
6	0.02065	0.01979	0.03379	0.10468	0.59865	0.02011	0.02591	0.02575	0.01918	0.02730	0.01593	0.02120	0.01330	0.00766	0.00843	0.00255	0.01021	0.00758	0.00418	0.01314
7	0.03179	0.04056	0.02412	0.02192	0.02631	0.66676	0.01644	0.03398	0.02412	0.02083	0.01315	0.01535	0.01096	0.00877	0.00767	0.00219	0.01535	0.00548	0.00438	0.00987
8	0.01204	0.00870	0.01138	0.01071	0.01271	0.00803	0.00803	0.01606	0.02409	0.03413	0.64335	0.06357	0.08030	0.01740	0.01004	0.00268	0.00401	0.01539	0.00937	0.00803
9	0.03743	0.01570	0.02050	0.01572	0.02233	0.01431	0.01298	0.11647	0.02639	0.57586	0.03187	0.02786	0.02021	0.01049	0.00855	0.00262	0.00752	0.00844	0.01027	0.01448
10	0.02598	0.01945	0.02132	0.01707	0.02302	0.02076	0.01377	0.31069	0.18857	0.07253	0.08043	0.02732	0.02349	0.01072	0.00840	0.00249	0.00770	0.00857	0.00827	0.10946
11	0.01803	0.09282	0.52809	0.02713	0.11494	0.02091	0.02943	0.02673	0.01810	0.02652	0.01510	0.01803	0.01114	0.00796	0.00792	0.00260	0.01198	0.00632	0.00368	0.01256
12	0.01273	0.00992	0.01170	0.01104	0.01363	0.00952	0.00834	0.01888	0.10185	0.03152	0.42424	0.06405	0.21511	0.01768	0.00986	0.00275	0.00444	0.01529	0.00891	0.00852
13	0.03790	0.01493	0.02003	0.01535	0.02195	0.01317	0.01268	0.06912	0.02511	0.62503	0.03295	0.02856	0.02075	0.01052	0.00856	0.00263	0.00734	0.00852	0.01044	0.01448
14	0.02143	0.29863	0.20683	0.02532	0.11029	0.07953	0.09565	0.02689	0.01866	0.02386	0.01408	0.01707	0.01147	0.00765	0.00731	0.00231	0.01134	0.00617	0.00385	0.01168
15	0.02606	0.15106	0.28265	0.01936	0.02852	0.02119	0.02105	0.11512	0.02274	0.20174	0.02042	0.02057	0.01416	0.00892	0.00781	0.00250	0.01003	0.00680	0.00621	0.01308
16	0.01033	0.00818	0.00933	0.01021	0.01209	0.00718	0.00734	0.01228	0.01815	0.02258	0.06865	0.33057	0.38252	0.02370	0.01045	0.00315	0.00471	0.04359	0.00790	0.00710
17	0.01679	0.00973	0.00990	0.00956	0.01204	0.01023	0.00726	0.02425	0.12477	0.03240	0.02896	0.03173	0.02254	0.01020	0.00642	0.00214	0.00445	0.00823	0.61951	0.00890
18	0.06227	0.14992	0.40679	0.02031	0.03054	0.02083	0.02407	0.02912	0.01877	0.13543	0.01768	0.01892	0.01251	0.00836	0.00757	0.00253	0.01073	0.00630	0.00490	0.01244
19	0.02909	0.02457	0.02240	0.01833	0.02385	0.14970	0.01466	0.37432	0.08762	0.04269	0.02123	0.02192	0.01577	0.01001	0.00803	0.00244	0.00960	0.00744	0.10369	0.01263
20	0.01204	0.00870	0.01138	0.01071	0.01271	0.00803	0.00803	0.01606	0.02409	0.03413	0.64335	0.06357	0.08030	0.01740	0.01004	0.00268	0.00401	0.01539	0.00937	0.00803
21	0.01715	0.01599	0.02661	0.11172	0.10363	0.01595	0.16748	0.07455	0.02127	0.02781	0.05587	0.04726	0.19219	0.01358	0.00969	0.00290	0.00929	0.07091	0.00609	0.01007
22	0.02394	0.11144	0.11574	0.01797	0.02465	0.02218	0.01641	0.10281	0.32936	0.10438	0.02718	0.02584	0.02000	0.01023	0.00813	0.00266	0.00824	0.00814	0.00747	0.01323
23	0.02305	0.02097	0.02739	0.02712	0.14910	0.04775	0.09478	0.12191	0.32185	0.03500	0.02578	0.02620	0.01955	0.00989	0.00873	0.00274	0.00912	0.00882	0.00702	0.01321
24	0.01130	0.00820	0.01077	0.01200	0.01327	0.00768	0.00882	0.01382	0.01886	0.02526	0.18373	0.40208	0.10652	0.02364	0.01077	0.00331	0.00518	0.11923	0.00822	0.00734
25	0.01105	0.00826	0.01026	0.01061	0.01232	0.00747	0.00763	0.01381	0.02048	0.02755	0.32245	0.27418	0.20000	0.02136	0.01031	0.00298	0.00438	0.01885	0.00856	0.00747
26	0.69940	0.07402	0.01519	0.01147	0.01691	0.02031	0.00966	0.02505	0.01472	0.03667	0.01185	0.01381	0.00936	0.00785	0.00528	0.00257	0.00679	0.00460	0.00513	0.00936
27	0.02063	0.02142	0.04144	0.04503	0.38224	0.02079	0.28619	0.02662	0.01969	0.02756	0.01654	0.02190	0.01323	0.00740	0.00914	0.00268	0.01198	0.00867	0.00425	0.01260
28	0.01895	0.01858	0.03285	0.28813	0.32383	0.02009	0.10158	0.02441	0.01835	0.02517	0.01566	0.02184	0.01251	0.00813	0.00934	0.00273	0.03435	0.00789	0.00404	0.01154
29	0.01074	0.00769	0.01021	0.01160	0.01242	0.00716	0.00793	0.01278	0.01801	0.02446	0.17828	0.55621	0.06157	0.02462	0.01068	0.00328	0.00473	0.02225	0.00822	0.00716
30	0.26079	0.05808	0.33488	0.02130	0.07967	0.01968	0.02189	0.02589	0.01690	0.03046	0.01407	0.01668	0.01060	0.00785	0.00699	0.00255	0.00993	0.00571	0.00427	0.05181
31	0.17300	0.02087	0.02215	0.07744	0.02680	0.02360	0.01513	0.37373	0.10978	0.04536	0.02010	0.02080	0.01465	0.00978	0.00789	0.00264	0.00865	0.00731	0.00746	0.01285
32	0.01170	0.00807	0.00938	0.00987	0.01022	0.00783	0.00594	0.01223	0.01390	0.01831	0.03646	0.21661	0.08532	0.48022	0.03265	0.00664	0.00712	0.01575	0.00605	0.00575
33	0.02270	0.01809	0.02049	0.01986	0.07114	0.02031	0.01437	0.04338	0.52938	0.09093	0.03308	0.03066	0.02455	0.01114	0.00863	0.00284	0.00705	0.00937	0.00848	0.01356
34	0.11595	0.01701	0.02384	0.46344	0.04680	0.02041	0.02029	0.13990	0.02122	0.03016	0.01575	0.02109	0.01168	0.00877	0.00809	0.00275	0.01034	0.00720	0.00491	0.01041
35	0.01370	0.00919	0.01115	0.01036	0.01309	0.00813	0.00788	0.01699	0.02244	0.08623	0.38943	0.06698	0.27615	0.01826	0.00991	0.00274	0.00441	0.01569	0.00895	0.00831
36	0.02389	0.02203	0.05308	0.03323	0.25100	0.02225	0.10207	0.19181	0.14585	0.03628	0.02102	0.02315	0.01604	0.00904	0.00870	0.00266	0.00991	0.00830	0.00625	0.01344
37	0.02210	0.01866	0.02096	0.10369	0.02747	0.02162	0.01517	0.12401	0.46817	0.03637	0.03008	0.02896	0.02244	0.01096	0.00862	0.00283	0.00771	0.00908	0.00801	0.01309
38	0.01747	0.00982	0.01303	0.01176	0.01460	0.00888	0.00897	0.02110	0.02344	0.16513	0.45934	0.11336	0.06549	0.01677	0.00980	0.00274	0.00479	0.01473	0.00948	0.00930
39	0.01204	0.00870	0.01138	0.01071	0.01271	0.00803	0.00803	0.01606	0.02409	0.03413	0.64335	0.06357	0.08030	0.01740	0.01004	0.00268	0.00401	0.01539	0.00937	0.00803
40	0.01710	0.01713	0.03184	0.51568	0.05500	0.01958	0.17531	0.02315	0.01780	0.02315	0.01566	0.02276	0.01175	0.00817	0.00890	0.00284	0.01211	0.00820	0.00392	0.00997
41	0.05233	0.12167	0.10485	0.06093	0.22365	0.02272	0.02089	0.07665	0.04463	0.07728	0.01698	0.02009	0.01340	0.00922	0.01039	0.00264	0.09737	0.00702	0.00505	0.01226
42	0.03781	0.01508	0.02012	0.01543	0.02202	0.01340	0.01274	0.07854	0.02536	0.61524	0.03273	0.02842	0.02064	0.01051	0.00856	0.00263	0.00738	0.00850	0.01040	0.01448
43	0.01053	0.00752	0.01006	0.01203	0.01260	0.00705	0.00818	0.01213	0.01645	0.02190	0.04682	0.66670	0.05594	0.02651	0.01090	0.00348	0.00508	0.05128	0.00790	0.00696
44	0.01776	0.03988	0.54857	0.02912	0.14313	0.01984	0.03052	0.02681	0.01821	0.02710	0.01540	0.01851	0.01125	0.00800	0.00814	0.00267	0.01215	0.00651	0.00370	0.01273
45	0.05508	0.17559	0.20390	0.05387	0.02783	0.02070	0.01884	0.03252	0.08241	0.21585	0.02188	0.02184	0.01544	0.00902	0.00762	0.00251	0.00929	0.00693	0.00630	0.01257
46	0.03703	0.01633	0.02089	0.01602	0.02264	0.01524	0.01323	0.15536	0.02744	0.53549	0.03098	0.02728	0.01977	0.01047	0.00855	0.00262	0.00766	0.00838	0.01013	0.01448
47	0.01054	0.00809	0.00966	0.01042	0.01208	0.00721	0.00738	0.01272	0.01883	0.02436	0.16566	0.35156	0.28468	0.02310	0.01041	0.00310	0.00454	0.02029	0.00816	0.00721
48	0.01712	0.02154	0.22372	0.01692	0.02257	0.01341	0.01691	0.07062	0.02009	0.08410	0.06557	0.30188	0.03579	0.01714	0.00954	0.00303	0.00806	0.03496	0.00686	0.01017
49	0.01993	0.01750	0.02670	0.46873	0.12872	0.02055	0.02249	0.14008	0.02185	0.02881	0.01629	0.02203	0.01224	0.00872	0.00850	0.00274	0.01079	0.00758	0.00477	0.01096
50	0.01051	0.00864	0.00925	0.00910	0.01177	0.00738	0.00682	0.01309	0.02047	0.02553	0.21348	0.07771	0.51553	0.02060	0.01005	0.00283	0.00424	0.01737	0.00824	0.00738
51	0.01037	0.00741	0.00987	0.01185	0.01234	0.00691	0.00790	0.01185	0.01629	0.02172	0.04690	0.69537	0.05629	0.02666	0.01086	0.00346	0.00494	0.02419	0.00790	0.00691
52	0.02051	0.01787	0.02006	0.10337	0.02686	0.02087	0.01479	0.04217	0.55260	0.03380	0.03211	0.03057	0.02408	0.01115	0.00864	0.00288	0.00733	0.00935	0.00803	0.01295
53	0.01834	0.01575	0.01796	0.01353	0.02055	0.01328	0.01075	0.02612	0.13879	0.02928	0.01897	0.02043	0.01524	0.00734	0.00677	0.00158	0.00639	0.00594	0.00575	0.60724
54	0.01988	0.02263	0.11409	0.13206	0.49028	0.01999	0.02648	0.02564	0.01888	0.02689	0.01579	0.02088	0.01285	0.00777	0.00839	0.00259	0.01059	0.00741	0.00407	0.01283

[dist]
# distance from previous block
# <min> <max>
0	11

[block]
# block no. 12 follows, 21 sequences, length 14
# corresponding to MSA columns:
# 592-605
name=unknown_M
#
# <colnr> <probs for GDERKNQSTAVLIFYWHMCP>
#	G	D	E	R	K	N	Q	S	T	A	V	L	I	F	Y	W	H	M	C	P
0	0.02342	0.02078	0.03193	0.07980	0.46939	0.02159	0.02365	0.16472	0.02407	0.03351	0.01699	0.02101	0.01359	0.00825	0.00845	0.00255	0.01000	0.00760	0.00519	0.01349
1	0.03235	0.02384	0.02554	0.01958	0.02639	0.02639	0.01618	0.61946	0.04001	0.05363	0.02043	0.02043	0.01447	0.01022	0.00851	0.00255	0.00936	0.00766	0.00851	0.01447
2	0.01765	0.01494	0.01604	0.01490	0.01876	0.01654	0.01140	0.03447	0.42788	0.03215	0.09215	0.10826	0.12895	0.01507	0.00920	0.00292	0.00596	0.01282	0.00852	0.01141
3	0.02275	0.70604	0.04459	0.01456	0.02184	0.03367	0.01456	0.02548	0.01729	0.02002	0.01183	0.01365	0.01092	0.00728	0.00546	0.00182	0.00910	0.00455	0.00364	0.01092
4	0.01134	0.00859	0.01046	0.01015	0.01233	0.00771	0.00755	0.01464	0.02219	0.03001	0.43877	0.10890	0.24784	0.01923	0.01010	0.00278	0.00416	0.01672	0.00884	0.00771
5	0.01037	0.00741	0.00987	0.01185	0.01234	0.00691	0.00790	0.01185	0.01629	0.02172	0.04690	0.69537	0.05629	0.02666	0.01086	0.00346	0.00494	0.02419	0.00790	0.00691
6	0.01607	0.01513	0.02552	0.68047	0.05861	0.01891	0.02363	0.02174	0.01702	0.02174	0.01513	0.02269	0.01134	0.00851	0.00851	0.00284	0.01134	0.00756	0.00378	0.00945
7	0.09271	0.03023	0.34153	0.07544	0.08156	0.01835	0.08385	0.02608	0.01815	0.06852	0.01888	0.07314	0.01538	0.00960	0.00831	0.00276	0.01091	0.00827	0.00469	0.01164
8	0.01139	0.00867	0.01047	0.01002	0.01231	0.00775	0.00751	0.01479	0.02254	0.03045	0.45955	0.06962	0.26638	0.01877	0.01004	0.00274	0.00411	0.01624	0.00888	0.00775
9	0.01364	0.01200	0.02097	0.01956	0.04894	0.01134	0.15186	0.01712	0.01844	0.02492	0.09790	0.38233	0.04585	0.01999	0.01057	0.00325	0.00758	0.07822	0.00703	0.00848
10	0.02590	0.15260	0.19327	0.02198	0.03067	0.02030	0.15258	0.03163	0.02046	0.23652	0.02122	0.02198	0.01474	0.00856	0.00819	0.00255	0.01053	0.00757	0.00609	0.01266
11	0.03073	0.01385	0.01974	0.01833	0.08261	0.01269	0.01328	0.03421	0.02219	0.45252	0.07021	0.03114	0.02423	0.01893	0.11050	0.00433	0.00972	0.00900	0.00890	0.01289
12	0.01892	0.01803	0.03067	0.32190	0.39491	0.01966	0.02505	0.02424	0.01836	0.02520	0.01563	0.02176	0.01256	0.00798	0.00846	0.00266	0.01064	0.00757	0.00403	0.01175
13	0.10114	0.09176	0.07342	0.02432	0.11136	0.02069	0.10965	0.13309	0.02358	0.19788	0.02071	0.02163	0.01469	0.00879	0.00808	0.00256	0.00959	0.00754	0.00665	0.01286

[dist]
# distance from previous block
# <min> <max>
0	7

[block]
# block no. 13 follows, 21 sequences, length 66
# corresponding to MSA columns:
# 616-681
name=unknown_N
#
# <colnr> <probs for GDERKNQSTAVLIFYWHMCP>
#	G	D	E	R	K	N	Q	S	T	A	V	L	I	F	Y	W	H	M	C	P
0	0.02193	0.02729	0.23123	0.06876	0.03712	0.01896	0.23597	0.05415	0.02055	0.12125	0.01890	0.02179	0.01340	0.00812	0.00878	0.00265	0.01176	0.00803	0.00521	0.06417
1	0.54319	0.01985	0.01786	0.01995	0.13380	0.09177	0.01314	0.02622	0.01646	0.03433	0.01276	0.01533	0.01020	0.00794	0.00612	0.00256	0.00821	0.00525	0.00497	0.01007
2	0.06938	0.01640	0.02670	0.48802	0.19222	0.01922	0.02320	0.02299	0.01739	0.02430	0.01510	0.02169	0.01169	0.00825	0.00826	0.00275	0.01072	0.00736	0.00399	0.01037
3	0.02421	0.01364	0.01632	0.01320	0.01855	0.01249	0.01051	0.03126	0.12276	0.23391	0.06769	0.02937	0.02376	0.00997	0.00760	0.00221	0.00608	0.00818	0.15033	0.19796
4	0.01219	0.00899	0.01301	0.01301	0.01430	0.01028	0.00981	0.01477	0.01348	0.01926	0.02340	0.03680	0.02274	0.16035	0.57267	0.01285	0.02059	0.00961	0.00465	0.00723
5	0.03003	0.02211	0.02392	0.01857	0.02483	0.02430	0.01525	0.55061	0.03820	0.05141	0.09151	0.02535	0.02198	0.01104	0.00869	0.00257	0.00875	0.00854	0.00861	0.01374
6	0.01043	0.00870	0.00914	0.00922	0.01198	0.00741	0.00704	0.01282	0.01972	0.02390	0.12077	0.08159	0.56792	0.02140	0.01017	0.00293	0.00452	0.05506	0.00800	0.00728
7	0.01418	0.00899	0.01153	0.01068	0.01298	0.00831	0.00808	0.01814	0.02339	0.07418	0.53342	0.05768	0.06977	0.01610	0.00947	0.00259	0.00422	0.01409	0.09375	0.00844
8	0.01253	0.00843	0.00979	0.01001	0.01023	0.00843	0.00613	0.01298	0.01320	0.01752	0.02890	0.06029	0.03300	0.62363	0.03971	0.00776	0.00820	0.07835	0.00546	0.00546
9	0.01245	0.00856	0.01049	0.01001	0.01211	0.00792	0.00750	0.01625	0.02251	0.03246	0.47717	0.06035	0.13492	0.01662	0.00936	0.00258	0.00404	0.01444	0.13234	0.00792
10	0.76103	0.01646	0.01251	0.01119	0.01646	0.01909	0.00922	0.02502	0.01448	0.03818	0.01185	0.01382	0.00922	0.00790	0.00527	0.00263	0.00658	0.00461	0.00527	0.00922
11	0.01142	0.00867	0.01050	0.01005	0.01233	0.00776	0.00754	0.01484	0.02261	0.03061	0.46727	0.06936	0.25857	0.01871	0.01004	0.00274	0.00411	0.01620	0.00890	0.00776
12	0.03179	0.04056	0.02412	0.02192	0.02631	0.66676	0.01644	0.03398	0.02412	0.02083	0.01315	0.01535	0.01096	0.00877	0.00767	0.00219	0.01535	0.00548	0.00438	0.00987
13	0.76103	0.01646	0.01251	0.01119	0.01646	0.01909	0.00922	0.02502	0.01448	0.03818	0.01185	0.01382	0.00922	0.00790	0.00527	0.00263	0.00658	0.00461	0.00527	0.00922
14	0.01204	0.00870	0.01138	0.01071	0.01271	0.00803	0.00803	0.01606	0.02409	0.03413	0.64335	0.06357	0.08030	0.01740	0.01004	0.00268	0.00401	0.01539	0.00937	0.00803
15	0.76103	0.01646	0.01251	0.01119	0.01646	0.01909	0.00922	0.02502	0.01448	0.03818	0.01185	0.01382	0.00922	0.00790	0.00527	0.00263	0.00658	0.00461	0.00527	0.00922
16	0.02106	0.02022	0.03454	0.05223	0.64784	0.02022	0.02612	0.02612	0.01938	0.02780	0.01601	0.02106	0.01348	0.00758	0.00842	0.00253	0.01011	0.00758	0.00421	0.01348
17	0.03235	0.02384	0.02554	0.01958	0.02639	0.02639	0.01618	0.61946	0.04001	0.05363	0.02043	0.02043	0.01447	0.01022	0.00851	0.00255	0.00936	0.00766	0.00851	0.01447
18	0.02117	0.01828	0.01924	0.01732	0.02213	0.02117	0.01347	0.04522	0.63246	0.03560	0.03464	0.03175	0.02598	0.01155	0.00866	0.00289	0.00673	0.00962	0.00866	0.01347
19	0.03187	0.02360	0.02527	0.01948	0.02621	0.02617	0.01606	0.59489	0.06537	0.05286	0.02104	0.02092	0.01496	0.01027	0.00852	0.00257	0.00925	0.00775	0.00852	0.01443
