[name]
unknown

[dist]
# distance from previous block
# <min> <max>
0	520

[block]
# block no. 0 follows, 22 sequences, length 13
# corresponding to MSA columns:
# 522-534
name=unknown_A
#
# <colnr> <probs for GDERKNQSTAVLIFYWHMCP>
#	G	D	E	R	K	N	Q	S	T	A	V	L	I	F	Y	W	H	M	C	P
0	0.01223	0.00855	0.01112	0.01218	0.01309	0.00857	0.00906	0.01414	0.01551	0.02055	0.03606	0.17943	0.04050	0.28337	0.07030	0.00601	0.00836	0.23802	0.00645	0.00650
1	0.01133	0.00833	0.00917	0.00896	0.01136	0.00739	0.00672	0.01430	0.02016	0.02727	0.25698	0.06651	0.36941	0.01795	0.00918	0.00261	0.00406	0.01519	0.12572	0.00739
2	0.02221	0.71304	0.04353	0.01421	0.02132	0.03287	0.01421	0.02488	0.01688	0.01955	0.01155	0.01333	0.01066	0.00711	0.00533	0.00178	0.00888	0.00444	0.00355	0.01066
3	0.01329	0.00914	0.00979	0.00922	0.01248	0.00767	0.00706	0.01553	0.01955	0.10329	0.07766	0.07342	0.57292	0.01968	0.00963	0.00278	0.00457	0.01637	0.00804	0.00791
4	0.76672	0.01607	0.01221	0.01092	0.01607	0.01864	0.00900	0.02442	0.01414	0.03727	0.01157	0.01350	0.00900	0.00771	0.00514	0.00257	0.00643	0.00450	0.00514	0.00900
5	0.03077	0.01240	0.01658	0.01356	0.01859	0.01089	0.01085	0.03377	0.02189	0.49662	0.03424	0.13475	0.02605	0.01270	0.00845	0.00263	0.00639	0.01070	0.08586	0.01232
6	0.03103	0.03959	0.02354	0.02140	0.02568	0.67469	0.01605	0.03317	0.02354	0.02033	0.01284	0.01498	0.01070	0.00856	0.00749	0.00214	0.01498	0.00535	0.00428	0.00963
7	0.01043	0.00736	0.00955	0.01117	0.01158	0.00695	0.00729	0.01165	0.01530	0.02040	0.04270	0.60054	0.05105	0.13343	0.01559	0.00411	0.00533	0.02180	0.00729	0.00648
8	0.01776	0.01391	0.01559	0.01483	0.01817	0.01530	0.01116	0.03246	0.38686	0.06106	0.06660	0.24192	0.03686	0.01610	0.00918	0.00297	0.00593	0.01405	0.00834	0.01095
9	0.02175	0.65756	0.09499	0.01500	0.02253	0.03175	0.01558	0.02499	0.01693	0.02011	0.01183	0.01368	0.01065	0.00717	0.00554	0.00185	0.00917	0.00458	0.00355	0.01079
10	0.02207	0.05861	0.10609	0.01644	0.02347	0.01785	0.01506	0.14543	0.02172	0.08362	0.01675	0.01861	0.01289	0.00840	0.00911	0.00205	0.07792	0.00609	0.00566	0.33214
11	0.01322	0.01014	0.01469	0.13842	0.02288	0.01058	0.01315	0.01739	0.02027	0.02728	0.26134	0.06882	0.05220	0.01804	0.01027	0.00318	0.00692	0.27572	0.00746	0.00801
12	0.01198	0.00847	0.01116	0.01116	0.01188	0.00919	0.00765	0.01343	0.01270	0.01766	0.02426	0.04374	0.02559	0.39234	0.35168	0.01064	0.01500	0.01053	0.00475	0.00620

[dist]
# distance from previous block
# <min> <max>
0	1

[block]
# block no. 1 follows, 22 sequences, length 11
# corresponding to MSA columns:
# 536-542,544-547
name=unknown_B
#
# <colnr> <probs for GDERKNQSTAVLIFYWHMCP>
#	G	D	E	R	K	N	Q	S	T	A	V	L	I	F	Y	W	H	M	C	P
0	0.01922	0.06838	0.02494	0.02157	0.09589	0.01639	0.11776	0.02738	0.14031	0.08577	0.16451	0.03917	0.03377	0.01192	0.00886	0.00268	0.00783	0.06240	0.04042	0.01081
1	0.76672	0.01607	0.01221	0.01092	0.01607	0.01864	0.00900	0.02442	0.01414	0.03727	0.01157	0.01350	0.00900	0.00771	0.00514	0.00257	0.00643	0.00450	0.00514	0.00900
2	0.01770	0.01789	0.01678	0.01814	0.08919	0.16811	0.01208	0.02268	0.08373	0.02638	0.19701	0.13507	0.13176	0.01519	0.00905	0.00264	0.00765	0.01287	0.00694	0.00913
3	0.01187	0.00890	0.01335	0.01335	0.01483	0.01038	0.01038	0.01483	0.01335	0.01928	0.02225	0.03264	0.02077	0.06231	0.67512	0.01335	0.02225	0.00890	0.00445	0.00742
4	0.01750	0.01763	0.02395	0.46354	0.04523	0.09320	0.02059	0.02191	0.01658	0.02080	0.01455	0.02156	0.01175	0.01337	0.06194	0.00363	0.11209	0.00725	0.00381	0.00912
5	0.63520	0.07873	0.01613	0.01194	0.01739	0.02054	0.01006	0.07810	0.01659	0.03703	0.01231	0.01405	0.00960	0.00786	0.00544	0.00249	0.00689	0.00476	0.00528	0.00960
6	0.02280	0.02032	0.03086	0.04208	0.48283	0.02102	0.02264	0.14882	0.06797	0.03279	0.01781	0.02119	0.01424	0.00820	0.00826	0.00250	0.00948	0.00756	0.00528	0.01335
7	0.01933	0.01702	0.03193	0.02624	0.07762	0.01623	0.30214	0.04904	0.01984	0.08285	0.06020	0.07413	0.02483	0.09182	0.01345	0.00346	0.01050	0.06330	0.00580	0.01025
8	0.01841	0.01754	0.02984	0.33209	0.39193	0.01917	0.02443	0.02361	0.01790	0.02453	0.01525	0.02126	0.01224	0.00780	0.00826	0.00260	0.01040	0.00739	0.00393	0.01142
9	0.01818	0.01818	0.02545	0.02181	0.02181	0.02545	0.01818	0.01999	0.01272	0.01999	0.01091	0.01818	0.01091	0.01454	0.02726	0.00364	0.69284	0.00727	0.00364	0.00909
10	0.01723	0.03105	0.39240	0.02073	0.05603	0.01667	0.02269	0.05879	0.01949	0.02883	0.09050	0.02301	0.01923	0.00871	0.00780	0.00233	0.00977	0.00708	0.00476	0.16290

[dist]
# distance from previous block
# <min> <max>
1	29

[block]
# block no. 2 follows, 22 sequences, length 35
# corresponding to MSA columns:
# 577-611
name=unknown_C
#
# <colnr> <probs for GDERKNQSTAVLIFYWHMCP>
#	G	D	E	R	K	N	Q	S	T	A	V	L	I	F	Y	W	H	M	C	P
0	0.01886	0.01548	0.02247	0.08073	0.04802	0.04886	0.12088	0.05426	0.04472	0.09958	0.06356	0.18292	0.10474	0.01467	0.01012	0.00286	0.03766	0.01311	0.00667	0.00983
1	0.01225	0.00871	0.01086	0.01034	0.01264	0.00787	0.00787	0.01572	0.02228	0.05181	0.47377	0.06639	0.20764	0.01795	0.00983	0.00271	0.00425	0.04047	0.00879	0.00785
2	0.01016	0.00740	0.00958	0.01121	0.01198	0.00682	0.00758	0.01178	0.01654	0.02186	0.07611	0.61314	0.11496	0.02514	0.01049	0.00328	0.00472	0.02264	0.00777	0.00682
3	0.08327	0.09548	0.17448	0.05508	0.09277	0.01938	0.11799	0.02904	0.01902	0.18363	0.01896	0.02077	0.01354	0.00843	0.00852	0.00257	0.03239	0.00720	0.00551	0.01197
4	0.01569	0.01477	0.02492	0.68808	0.05722	0.01846	0.02307	0.02123	0.01661	0.02123	0.01477	0.02215	0.01107	0.00831	0.00831	0.00277	0.01107	0.00738	0.00369	0.00923
5	0.03671	0.01504	0.01984	0.01521	0.02166	0.01355	0.01256	0.09850	0.02528	0.60184	0.03151	0.02745	0.01993	0.01025	0.00835	0.00256	0.00727	0.00827	0.01009	0.01414
6	0.01585	0.01257	0.01717	0.01925	0.12596	0.01365	0.01193	0.05549	0.01594	0.02166	0.02824	0.03934	0.11439	0.20954	0.02516	0.13650	0.11440	0.01019	0.00502	0.00773
7	0.02409	0.06140	0.24347	0.06303	0.02954	0.09506	0.02023	0.07600	0.12801	0.14539	0.02140	0.02181	0.01525	0.00913	0.00796	0.00255	0.01018	0.00711	0.00606	0.01232
8	0.02220	0.01561	0.01830	0.01752	0.06615	0.07673	0.01253	0.05109	0.04039	0.17655	0.13370	0.03481	0.02934	0.10637	0.08468	0.00448	0.08298	0.00958	0.00690	0.01008
9	0.61890	0.01760	0.01576	0.01363	0.01830	0.04823	0.03678	0.02440	0.01463	0.03414	0.01177	0.01446	0.00944	0.00848	0.00791	0.00268	0.08376	0.00507	0.00489	0.00913
10	0.01161	0.00838	0.01097	0.01055	0.01238	0.00774	0.00783	0.01530	0.02282	0.03220	0.59619	0.12087	0.07623	0.01781	0.00987	0.00268	0.00400	0.01581	0.00901	0.00774
11	0.08244	0.13487	0.14747	0.06576	0.05834	0.02240	0.12458	0.13287	0.05432	0.07365	0.01753	0.01967	0.01302	0.00830	0.00777	0.00250	0.01019	0.00706	0.00536	0.01190
12	0.02024	0.01904	0.03001	0.11628	0.38423	0.02143	0.02270	0.06925	0.01866	0.02662	0.01471	0.02012	0.01244	0.00944	0.01286	0.00279	0.17575	0.00737	0.00426	0.01178
13	0.00985	0.00830	0.00854	0.00873	0.01130	0.00699	0.00645	0.01189	0.01864	0.02232	0.08037	0.14138	0.59387	0.02153	0.00990	0.00286	0.00427	0.01813	0.00771	0.00699
14	0.00993	0.00830	0.00864	0.00881	0.01135	0.00702	0.00651	0.01204	0.01882	0.02275	0.10295	0.14067	0.57102	0.02137	0.00990	0.00285	0.00426	0.01803	0.00777	0.00702
15	0.01360	0.01056	0.01218	0.01169	0.01426	0.01045	0.00873	0.06396	0.10371	0.02961	0.24912	0.19757	0.20535	0.01867	0.00969	0.00284	0.00493	0.01619	0.00832	0.00858
16	0.01902	0.01619	0.01736	0.01608	0.02012	0.01850	0.01230	0.03907	0.54387	0.03264	0.03568	0.13555	0.02997	0.01357	0.00879	0.00290	0.00630	0.01161	0.00834	0.01215
17	0.27135	0.01549	0.01746	0.01389	0.01992	0.01536	0.01146	0.08241	0.02190	0.41230	0.02493	0.02286	0.01633	0.00943	0.00732	0.00256	0.00703	0.00704	0.00847	0.01248
18	0.76672	0.01607	0.01221	0.01092	0.01607	0.01864	0.00900	0.02442	0.01414	0.03727	0.01157	0.01350	0.00900	0.00771	0.00514	0.00257	0.00643	0.00450	0.00514	0.00900
19	0.02675	0.02484	0.02195	0.01871	0.02395	0.17869	0.01472	0.23481	0.29440	0.03713	0.02421	0.02351	0.01814	0.01019	0.00818	0.00255	0.00943	0.00779	0.00741	0.01263
20	0.01302	0.00837	0.01076	0.01113	0.01288	0.00758	0.00797	0.01539	0.01911	0.08351	0.21520	0.38210	0.13859	0.02144	0.01007	0.00302	0.00470	0.01905	0.00834	0.00776
21	0.02515	0.11907	0.17131	0.02458	0.10603	0.08236	0.07351	0.17570	0.02425	0.09409	0.01753	0.01920	0.01294	0.00846	0.00787	0.00243	0.01065	0.00687	0.00557	0.01247
22	0.01666	0.04297	0.66500	0.02368	0.03596	0.01929	0.03069	0.02631	0.01754	0.02631	0.01491	0.01754	0.01052	0.00789	0.00789	0.00263	0.01228	0.00614	0.00351	0.01228
23	0.03179	0.02185	0.02392	0.01846	0.02498	0.02379	0.01521	0.52581	0.06561	0.12934	0.02224	0.02153	0.01548	0.01007	0.00832	0.00252	0.00876	0.00768	0.00857	0.01408
24	0.01779	0.01681	0.02777	0.28380	0.31561	0.01888	0.02243	0.02255	0.01779	0.02469	0.06577	0.02424	0.01737	0.00923	0.01031	0.00271	0.07911	0.00799	0.00431	0.01085
25	0.07952	0.02611	0.23472	0.02709	0.18745	0.01859	0.02173	0.06937	0.07745	0.14743	0.02021	0.02138	0.01453	0.00864	0.00793	0.00258	0.00953	0.00713	0.00580	0.01280
26	0.03389	0.01391	0.01851	0.01471	0.02055	0.01247	0.01195	0.03859	0.07262	0.56330	0.03384	0.07948	0.02355	0.01155	0.00853	0.00265	0.00686	0.00959	0.00994	0.01350
27	0.01054	0.00755	0.01005	0.01156	0.01235	0.00706	0.00800	0.01250	0.01730	0.02336	0.14489	0.56927	0.05845	0.02440	0.01051	0.00327	0.00480	0.04921	0.00794	0.00697
28	0.02151	0.02335	0.12790	0.17172	0.06582	0.07853	0.14316	0.05920	0.05319	0.09779	0.05976	0.02438	0.01770	0.00898	0.00858	0.00264	0.01091	0.00821	0.00542	0.01124
29	0.01350	0.00896	0.01323	0.01335	0.01501	0.00827	0.04836	0.01561	0.01732	0.08540	0.07431	0.55838	0.05003	0.02276	0.01029	0.00322	0.00559	0.02076	0.00781	0.00782
30	0.02885	0.01287	0.01665	0.01336	0.01856	0.01145	0.01082	0.06309	0.02378	0.43559	0.13354	0.04098	0.12739	0.01295	0.00880	0.00261	0.00626	0.01074	0.00961	0.01208
31	0.01888	0.02010	0.07672	0.39172	0.14148	0.06846	0.02213	0.07851	0.01960	0.02534	0.01671	0.05299	0.01368	0.00914	0.00831	0.00267	0.01080	0.00791	0.00440	0.01045
32	0.02107	0.13063	0.35932	0.02015	0.02946	0.02170	0.02266	0.09541	0.12180	0.07088	0.01922	0.02009	0.01400	0.00871	0.00769	0.00252	0.01018	0.00672	0.00528	0.01251
33	0.02073	0.13894	0.02423	0.01821	0.04918	0.08196	0.01413	0.06974	0.01741	0.05564	0.01710	0.07147	0.01614	0.01746	0.05163	0.12697	0.18719	0.00799	0.00477	0.00911
34	0.01940	0.18355	0.18112	0.16251	0.03258	0.07342	0.01951	0.05230	0.01841	0.02414	0.01454	0.01823	0.01164	0.01057	0.04209	0.00279	0.01100	0.00600	0.00409	0.11211

[dist]
# distance from previous block
# <min> <max>
0	9

[block]
# block no. 3 follows, 22 sequences, length 19
# corresponding to MSA columns:
# 621-639
name=unknown_D
#
# <colnr> <probs for GDERKNQSTAVLIFYWHMCP>
#	G	D	E	R	K	N	Q	S	T	A	V	L	I	F	Y	W	H	M	C	P
0	0.01849	0.06605	0.02941	0.17376	0.16706	0.06428	0.13238	0.02414	0.05985	0.02387	0.02025	0.09329	0.01857	0.05962	0.01097	0.00304	0.01033	0.00963	0.00474	0.01028
1	0.01031	0.00758	0.00949	0.01077	0.01172	0.00696	0.00729	0.01194	0.01668	0.02189	0.09192	0.50677	0.15857	0.07152	0.01259	0.00355	0.00488	0.02119	0.00762	0.00675
2	0.11843	0.01201	0.01405	0.01300	0.01423	0.01423	0.00950	0.01796	0.05599	0.02152	0.02107	0.03695	0.02180	0.33940	0.11253	0.00671	0.14898	0.00946	0.00492	0.00727
3	0.15591	0.01473	0.01507	0.01257	0.01699	0.01579	0.01014	0.21462	0.02428	0.09932	0.02263	0.02413	0.01678	0.00948	0.00672	0.00229	0.00630	0.00714	0.31450	0.01059
4	0.02066	0.01785	0.01878	0.01691	0.02160	0.02066	0.01315	0.04414	0.64121	0.03475	0.03381	0.03099	0.02536	0.01127	0.00845	0.00282	0.00657	0.00939	0.00845	0.01315
5	0.01161	0.00849	0.01090	0.01030	0.01232	0.00778	0.00772	0.01540	0.02317	0.03250	0.60925	0.06340	0.12148	0.01729	0.00980	0.00263	0.00394	0.01521	0.00904	0.00778
6	0.76672	0.01607	0.01221	0.01092	0.01607	0.01864	0.00900	0.02442	0.01414	0.03727	0.01157	0.01350	0.00900	0.00771	0.00514	0.00257	0.00643	0.00450	0.00514	0.00900
7	0.01119	0.00847	0.01031	0.00985	0.01206	0.00759	0.00739	0.01457	0.02216	0.03011	0.48431	0.06734	0.24791	0.01818	0.00980	0.00267	0.00400	0.01576	0.00872	0.00759
8	0.01818	0.01818	0.02545	0.02181	0.02181	0.02545	0.01818	0.01999	0.01272	0.01999	0.01091	0.01818	0.01091	0.01454	0.02726	0.00364	0.69284	0.00727	0.00364	0.00909
9	0.01723	0.01477	0.01723	0.01230	0.01969	0.01107	0.00984	0.02092	0.01723	0.02707	0.01477	0.01723	0.01230	0.00615	0.00615	0.00123	0.00615	0.00492	0.00492	0.75883
10	0.02066	0.01785	0.01878	0.01691	0.02160	0.02066	0.01315	0.04414	0.64121	0.03475	0.03381	0.03099	0.02536	0.01127	0.00845	0.00282	0.00657	0.00939	0.00845	0.01315
11	0.01569	0.01477	0.02492	0.68808	0.05722	0.01846	0.02307	0.02123	0.01661	0.02123	0.01477	0.02215	0.01107	0.00831	0.00831	0.00277	0.01107	0.00738	0.00369	0.00923
12	0.01602	0.00878	0.00887	0.00868	0.01090	0.00907	0.00656	0.02189	0.08127	0.03136	0.02779	0.03097	0.02171	0.00984	0.00608	0.00203	0.00415	0.00791	0.67783	0.00830
13	0.02838	0.02208	0.02966	0.05130	0.09028	0.07263	0.14296	0.27069	0.02827	0.14898	0.02039	0.02169	0.01447	0.00899	0.00855	0.00255	0.01039	0.00794	0.00691	0.01288
14	0.01757	0.03660	0.47419	0.02719	0.03827	0.01982	0.21511	0.02640	0.01818	0.02640	0.01550	0.01905	0.01117	0.00762	0.00848	0.00268	0.01281	0.00727	0.00372	0.01195
15	0.01340	0.01414	0.10628	0.01243	0.01502	0.01083	0.01025	0.01788	0.07920	0.02234	0.11243	0.10977	0.03577	0.37485	0.02633	0.00554	0.00765	0.01244	0.00598	0.00747
16	0.01274	0.01502	0.13391	0.01449	0.04539	0.01033	0.01179	0.01559	0.01572	0.02169	0.09054	0.20807	0.05955	0.28313	0.02207	0.00490	0.00759	0.01409	0.00586	0.00754
17	0.02469	0.02280	0.22726	0.01694	0.02441	0.01435	0.01741	0.03158	0.07002	0.29584	0.09456	0.03217	0.06864	0.01104	0.00847	0.00263	0.00819	0.00906	0.00764	0.01230
18	0.05380	0.34560	0.12915	0.01663	0.02381	0.09330	0.01633	0.03006	0.08242	0.11105	0.01739	0.01801	0.01344	0.00826	0.00667	0.00219	0.00946	0.00584	0.00511	0.01147

[dist]
# distance from previous block
# <min> <max>
0	27

[block]
# block no. 4 follows, 22 sequences, length 54
# corresponding to MSA columns:
# 667-720
name=unknown_E
#
# <colnr> <probs for GDERKNQSTAVLIFYWHMCP>
#	G	D	E	R	K	N	Q	S	T	A	V	L	I	F	Y	W	H	M	C	P
0	0.02363	0.01588	0.02230	0.01697	0.02357	0.01404	0.09497	0.06102	0.06256	0.19934	0.02382	0.02819	0.01843	0.00929	0.00794	0.00219	0.00778	0.05538	0.00691	0.30580
1	0.06187	0.38169	0.16891	0.06775	0.02690	0.02571	0.01788	0.02729	0.05446	0.07523	0.01556	0.01717	0.01225	0.00790	0.00652	0.00220	0.00935	0.00564	0.00448	0.01124
2	0.08446	0.10709	0.17073	0.01864	0.02606	0.06844	0.05807	0.03326	0.12373	0.19552	0.02210	0.02194	0.01571	0.00897	0.00768	0.00251	0.00939	0.00712	0.00637	0.01219
3	0.01222	0.00977	0.01344	0.01323	0.01466	0.01099	0.01028	0.01490	0.01598	0.02217	0.11649	0.13040	0.11863	0.03810	0.29740	0.00753	0.09959	0.04067	0.00598	0.00755
4	0.01163	0.00849	0.01067	0.01184	0.01323	0.00809	0.00902	0.01382	0.01699	0.02185	0.04922	0.22939	0.16899	0.15210	0.01672	0.00430	0.00635	0.23330	0.00719	0.00681
5	0.02537	0.07802	0.03430	0.07825	0.10514	0.09169	0.22211	0.08030	0.02197	0.15240	0.01907	0.02157	0.01388	0.00822	0.00848	0.00253	0.01122	0.00794	0.00565	0.01189
6	0.08725	0.03372	0.39632	0.02443	0.07956	0.04822	0.07092	0.06322	0.01952	0.07704	0.01638	0.01863	0.01173	0.00811	0.00786	0.00259	0.01124	0.00658	0.00459	0.01210
7	0.01012	0.00723	0.00964	0.01157	0.01205	0.00675	0.00771	0.01157	0.01591	0.02121	0.04579	0.70262	0.05495	0.02603	0.01060	0.00337	0.00482	0.02362	0.00771	0.00675
8	0.01532	0.01363	0.06402	0.01584	0.04525	0.01243	0.01224	0.02073	0.09753	0.07249	0.03932	0.30586	0.10567	0.02147	0.05442	0.00375	0.06851	0.01545	0.00695	0.00913
9	0.02612	0.14501	0.24683	0.01945	0.02804	0.04901	0.06202	0.03166	0.02016	0.26091	0.02101	0.02103	0.01443	0.00861	0.00774	0.00245	0.01001	0.00689	0.00611	0.01250
10	0.01181	0.00833	0.01035	0.01045	0.01236	0.00749	0.00760	0.01455	0.02022	0.05169	0.31577	0.24992	0.20806	0.02031	0.00998	0.00288	0.00437	0.01785	0.00843	0.00757
11	0.10785	0.01092	0.01217	0.01054	0.01447	0.01034	0.00837	0.02563	0.01940	0.23827	0.03693	0.03644	0.12741	0.01159	0.00725	0.00237	0.00528	0.00924	0.29565	0.00987
12	0.01921	0.07812	0.19175	0.10307	0.21026	0.02051	0.13517	0.06056	0.01936	0.02686	0.01685	0.04989	0.01389	0.00850	0.00833	0.00259	0.01102	0.00802	0.00430	0.01174
13	0.02044	0.40253	0.19182	0.02301	0.10714	0.02689	0.07462	0.02545	0.01754	0.02276	0.01334	0.01607	0.01112	0.00732	0.00671	0.00216	0.01028	0.00571	0.00367	0.01141
14	0.76672	0.01607	0.01221	0.01092	0.01607	0.01864	0.00900	0.02442	0.01414	0.03727	0.01157	0.01350	0.00900	0.00771	0.00514	0.00257	0.00643	0.00450	0.00514	0.00900
15	0.01670	0.01571	0.02721	0.03134	0.25858	0.01520	0.13864	0.02129	0.01911	0.02566	0.03467	0.05011	0.12754	0.01369	0.00966	0.00295	0.00917	0.16683	0.00566	0.01030
16	0.02250	0.02044	0.07145	0.11416	0.30872	0.01969	0.04507	0.09664	0.09866	0.09000	0.01988	0.02258	0.01503	0.00857	0.00832	0.00258	0.00958	0.00775	0.00562	0.01275
17	0.07911	0.35047	0.13799	0.01649	0.02370	0.02599	0.01663	0.10808	0.07073	0.02808	0.01724	0.02178	0.01467	0.00908	0.00681	0.00230	0.00902	0.04557	0.00499	0.01127
18	0.44703	0.01737	0.02155	0.05234	0.19040	0.01881	0.06037	0.02547	0.01636	0.06161	0.01414	0.01709	0.01099	0.00772	0.00659	0.00257	0.00814	0.00597	0.00497	0.01051
19	0.02254	0.02184	0.02855	0.03846	0.41926	0.11164	0.02101	0.07310	0.07883	0.02903	0.01799	0.02138	0.01455	0.00827	0.00799	0.00242	0.00984	0.00733	0.05360	0.01238
20	0.01154	0.00848	0.01080	0.01022	0.01227	0.00774	0.00766	0.01525	0.02299	0.03207	0.58674	0.06411	0.14426	0.01745	0.00980	0.00263	0.00395	0.01531	0.00898	0.00774
21	0.01164	0.00840	0.01099	0.01054	0.01238	0.00776	0.00783	0.01537	0.02295	0.03241	0.60642	0.11006	0.07663	0.01766	0.00986	0.00267	0.00399	0.01567	0.00904	0.00776
22	0.03727	0.01414	0.01928	0.01478	0.02121	0.01221	0.01221	0.04049	0.02378	0.66198	0.03277	0.02828	0.02056	0.01028	0.00835	0.00257	0.00707	0.00835	0.01028	0.01414
23	0.01031	0.00843	0.00909	0.00893	0.01152	0.00722	0.00670	0.01286	0.02009	0.02517	0.22665	0.07546	0.50866	0.02002	0.00981	0.00276	0.00414	0.01690	0.00807	0.00722
24	0.76672	0.01607	0.01221	0.01092	0.01607	0.01864	0.00900	0.02442	0.01414	0.03727	0.01157	0.01350	0.00900	0.00771	0.00514	0.00257	0.00643	0.00450	0.00514	0.00900
25	0.01666	0.04297	0.66500	0.02368	0.03596	0.01929	0.03069	0.02631	0.01754	0.02631	0.01491	0.01754	0.01052	0.00789	0.00789	0.00263	0.01228	0.00614	0.00351	0.01228
26	0.01256	0.00800	0.00872	0.00880	0.01013	0.00765	0.00592	0.01458	0.01622	0.02368	0.08685	0.09609	0.15348	0.25622	0.01989	0.00438	0.00546	0.01277	0.24201	0.00660
27	0.76672	0.01607	0.01221	0.01092	0.01607	0.01864	0.00900	0.02442	0.01414	0.03727	0.01157	0.01350	0.00900	0.00771	0.00514	0.00257	0.00643	0.00450	0.00514	0.00900
28	0.01012	0.00723	0.00964	0.01157	0.01205	0.00675	0.00771	0.01157	0.01591	0.02121	0.04579	0.70262	0.05495	0.02603	0.01060	0.00337	0.00482	0.02362	0.00771	0.00675
29	0.02221	0.71304	0.04353	0.01421	0.02132	0.03287	0.01421	0.02488	0.01688	0.01955	0.01155	0.01333	0.01066	0.00711	0.00533	0.00178	0.00888	0.00444	0.00355	0.01066
30	0.01187	0.00890	0.01335	0.01335	0.01483	0.01038	0.01038	0.01483	0.01335	0.01928	0.02225	0.03264	0.02077	0.06231	0.67512	0.01335	0.02225	0.00890	0.00445	0.00742
31	0.02384	0.56794	0.08681	0.01500	0.02240	0.02905	0.01518	0.02710	0.01787	0.10727	0.01468	0.01567	0.01200	0.00760	0.00593	0.00195	0.00889	0.00510	0.00446	0.01125
32	0.01569	0.01477	0.02492	0.68808	0.05722	0.01846	0.02307	0.02123	0.01661	0.02123	0.01477	0.02215	0.01107	0.00831	0.00831	0.00277	0.01107	0.00738	0.00369	0.00923
33	0.01012	0.00723	0.00964	0.01157	0.01205	0.00675	0.00771	0.01157	0.01591	0.02121	0.04579	0.70262	0.05495	0.02603	0.01060	0.00337	0.00482	0.02362	0.00771	0.00675
34	0.01677	0.03586	0.49146	0.02332	0.03290	0.01946	0.07286	0.02456	0.01671	0.02483	0.01529	0.02047	0.01205	0.05571	0.01284	0.00314	0.09981	0.00696	0.00368	0.01130
35	0.01208	0.00805	0.00906	0.00906	0.00906	0.00805	0.00503	0.01208	0.01208	0.01611	0.02618	0.05436	0.03020	0.70804	0.04228	0.00805	0.00805	0.01208	0.00503	0.00503
36	0.01705	0.00959	0.00977	0.00921	0.01168	0.00996	0.00705	0.06752	0.05961	0.03285	0.02699	0.03013	0.02101	0.00980	0.00617	0.00204	0.00445	0.00783	0.64870	0.00858
37	0.02094	0.23298	0.07912	0.01499	0.02246	0.05110	0.01383	0.09036	0.01986	0.02719	0.01428	0.01625	0.01178	0.00712	0.00634	0.00169	0.00823	0.00518	0.00473	0.35156
38	0.01990	0.01907	0.03253	0.13695	0.57540	0.01957	0.02517	0.02492	0.01861	0.02634	0.01551	0.02078	0.01288	0.00752	0.00824	0.00251	0.01003	0.00740	0.00406	0.01263
39	0.02137	0.21293	0.30909	0.01903	0.02807	0.02276	0.02116	0.07775	0.08662	0.07636	0.01783	0.01888	0.01327	0.00835	0.00729	0.00237	0.00992	0.00628	0.00501	0.03567
40	0.01566	0.01303	0.01503	0.05869	0.01939	0.01415	0.01105	0.02809	0.30092	0.03077	0.20729	0.09670	0.12525	0.01506	0.00915	0.00280	0.00571	0.01296	0.00816	0.01014
41	0.01961	0.02241	0.04902	0.03501	0.04342	0.02101	0.62605	0.02661	0.01961	0.02661	0.01681	0.02241	0.01261	0.00700	0.00980	0.00280	0.01401	0.00980	0.00420	0.01120
42	0.01893	0.02030	0.02753	0.06906	0.08457	0.13558	0.15864	0.02246	0.01786	0.02262	0.02170	0.18359	0.02207	0.01341	0.01265	0.00295	0.14022	0.01147	0.00491	0.00949
43	0.01722	0.01915	0.09772	0.06278	0.30190	0.01653	0.06535	0.02352	0.06238	0.02678	0.07499	0.08481	0.08814	0.01137	0.00880	0.00267	0.00883	0.01050	0.00538	0.01118
44	0.22649	0.01082	0.01243	0.01206	0.01438	0.01240	0.00924	0.01717	0.01340	0.02395	0.01976	0.03024	0.01874	0.13714	0.39611	0.00955	0.01577	0.00809	0.00473	0.00753
45	0.01143	0.00778	0.00925	0.00989	0.01005	0.00762	0.00592	0.01191	0.01334	0.01779	0.03264	0.26808	0.03836	0.48320	0.03184	0.00651	0.00699	0.01588	0.00592	0.00560
46	0.01776	0.05685	0.27691	0.13998	0.12190	0.01804	0.02275	0.02551	0.06191	0.05567	0.05658	0.02711	0.06431	0.00968	0.00821	0.00262	0.00988	0.00812	0.00491	0.01131
47	0.02278	0.01756	0.03024	0.20872	0.28171	0.01793	0.09941	0.02777	0.01945	0.16334	0.01927	0.02289	0.01415	0.00821	0.00848	0.00261	0.01011	0.00791	0.00535	0.01209
48	0.01961	0.02241	0.04902	0.03501	0.04342	0.02101	0.62605	0.02661	0.01961	0.02661	0.01681	0.02241	0.01261	0.00700	0.00980	0.00280	0.01401	0.00980	0.00420	0.01120
49	0.01143	0.00778	0.00925	0.00989	0.01005	0.00762	0.00592	0.01191	0.01334	0.01779	0.03264	0.26808	0.03836	0.48320	0.03184	0.00651	0.00699	0.01588	0.00592	0.00560
50	0.01939	0.08726	0.31491	0.02367	0.03283	0.02082	0.15828	0.03056	0.15025	0.05123	0.01972	0.02153	0.01452	0.00843	0.00825	0.00264	0.01098	0.00759	0.00497	0.01216
51	0.01089	0.00844	0.01080	0.01160	0.01268	0.00835	0.00825	0.01282	0.01726	0.02299	0.13259	0.44846	0.16613	0.02301	0.01160	0.00318	0.05614	0.02009	0.00760	0.00712
52	0.02820	0.01205	0.01618	0.01322	0.01787	0.01062	0.01048	0.03128	0.02253	0.43841	0.17780	0.07428	0.03657	0.05804	0.01102	0.00298	0.00628	0.01098	0.00954	0.01167
53	0.02115	0.02408	0.22615	0.12336	0.07497	0.01666	0.07491	0.05522	0.01996	0.15684	0.02513	0.06942	0.05420	0.01039	0.00855	0.00270	0.00991	0.00907	0.00578	0.01158

[dist]
# distance from previous block
# <min> <max>
0	9

[block]
# block no. 5 follows, 22 sequences, length 18
# corresponding to MSA columns:
# 730-747
name=unknown_F
#
# <colnr> <probs for GDERKNQSTAVLIFYWHMCP>
#	G	D	E	R	K	N	Q	S	T	A	V	L	I	F	Y	W	H	M	C	P
0	0.02225	0.02009	0.15929	0.06890	0.10292	0.01434	0.03808	0.02737	0.02039	0.21800	0.11967	0.06954	0.02710	0.01095	0.00854	0.00259	0.00839	0.00952	0.00683	0.04524
1	0.02076	0.01709	0.01836	0.01645	0.02081	0.01937	0.01274	0.12865	0.45578	0.03542	0.03348	0.12956	0.02806	0.01327	0.00875	0.00285	0.00671	0.01122	0.00832	0.01234
2	0.11913	0.07780	0.02901	0.03190	0.28675	0.11501	0.04405	0.07141	0.02013	0.05870	0.01525	0.01851	0.01232	0.00839	0.00888	0.00248	0.05716	0.00664	0.00480	0.01168
3	0.01012	0.00723	0.00964	0.01157	0.01205	0.00675	0.00771	0.01157	0.01591	0.02121	0.04579	0.70262	0.05495	0.02603	0.01060	0.00337	0.00482	0.02362	0.00771	0.00675
4	0.01723	0.01477	0.01723	0.01230	0.01969	0.01107	0.00984	0.02092	0.01723	0.02707	0.01477	0.01723	0.01230	0.00615	0.00615	0.00123	0.00615	0.00492	0.00492	0.75883
5	0.01066	0.00761	0.01026	0.01218	0.01290	0.00721	0.00865	0.01250	0.01644	0.02181	0.04549	0.60216	0.05377	0.02552	0.01075	0.00345	0.00529	0.11876	0.00770	0.00690
6	0.01205	0.00817	0.00963	0.00963	0.00982	0.00836	0.00574	0.01244	0.01225	0.01653	0.02566	0.05150	0.02896	0.62289	0.12573	0.00875	0.00993	0.01166	0.00496	0.00535
7	0.01012	0.00723	0.00964	0.01157	0.01205	0.00675	0.00771	0.01157	0.01591	0.02121	0.04579	0.70262	0.05495	0.02603	0.01060	0.00337	0.00482	0.02362	0.00771	0.00675
8	0.01818	0.01818	0.02545	0.02181	0.02181	0.02545	0.01818	0.01999	0.01272	0.01999	0.01091	0.01818	0.01091	0.01454	0.02726	0.00364	0.69284	0.00727	0.00364	0.00909
9	0.02881	0.03767	0.07398	0.02064	0.02540	0.57606	0.01652	0.03167	0.02264	0.02155	0.01399	0.01629	0.01142	0.00858	0.00741	0.00217	0.01400	0.00558	0.05592	0.00971
10	0.01569	0.01477	0.02492	0.68808	0.05722	0.01846	0.02307	0.02123	0.01661	0.02123	0.01477	0.02215	0.01107	0.00831	0.00831	0.00277	0.01107	0.00738	0.00369	0.00923
11	0.02991	0.12719	0.02628	0.02028	0.02511	0.54205	0.01579	0.07612	0.02381	0.02260	0.01320	0.01513	0.01095	0.00847	0.00727	0.00212	0.01375	0.00539	0.00448	0.01010
12	0.01941	0.01465	0.01575	0.01399	0.01785	0.01619	0.01090	0.11069	0.31373	0.03595	0.13363	0.03472	0.03179	0.01168	0.00804	0.00254	0.00584	0.00970	0.18180	0.01114
13	0.54120	0.11582	0.04486	0.01359	0.01955	0.02134	0.03797	0.07318	0.01690	0.03510	0.01260	0.01454	0.00986	0.00778	0.00573	0.00247	0.00755	0.00503	0.00507	0.00987
14	0.23618	0.07198	0.21289	0.06898	0.05838	0.02029	0.03968	0.06745	0.06997	0.05720	0.01644	0.01845	0.01221	0.00828	0.00713	0.00257	0.00932	0.00628	0.00506	0.01127
15	0.02221	0.71304	0.04353	0.01421	0.02132	0.03287	0.01421	0.02488	0.01688	0.01955	0.01155	0.01333	0.01066	0.00711	0.00533	0.00178	0.00888	0.00444	0.00355	0.01066
16	0.01150	0.00781	0.00923	0.00981	0.00995	0.00766	0.00583	0.01193	0.01322	0.01763	0.03204	0.24810	0.03760	0.50422	0.03282	0.00666	0.00709	0.01553	0.00583	0.00555
17	0.01221	0.00903	0.01180	0.01190	0.01342	0.00965	0.00875	0.01598	0.05684	0.02207	0.08437	0.13733	0.08278	0.12962	0.31594	0.00831	0.01311	0.01261	0.03686	0.00741

[dist]
# distance from previous block
# <min> <max>
4	19

[block]
# block no. 6 follows, 22 sequences, length 6
# corresponding to MSA columns:
# 768-773
name=unknown_G
#
# <colnr> <probs for GDERKNQSTAVLIFYWHMCP>
#	G	D	E	R	K	N	Q	S	T	A	V	L	I	F	Y	W	H	M	C	P
0	0.01831	0.01789	0.07292	0.13107	0.13828	0.01644	0.15708	0.02451	0.05359	0.07019	0.02525	0.11162	0.02324	0.01216	0.00931	0.00292	0.00990	0.08910	0.00560	0.01062
1	0.01983	0.19358	0.02636	0.01755	0.02051	0.14189	0.01469	0.02223	0.01591	0.01975	0.01448	0.02028	0.01347	0.02448	0.19302	0.00552	0.21670	0.00665	0.00395	0.00913
2	0.01653	0.01498	0.02321	0.30789	0.15887	0.01582	0.01859	0.02115	0.01679	0.02359	0.01590	0.02196	0.01304	0.01456	0.09378	0.00369	0.01105	0.00697	0.00418	0.19746
3	0.05451	0.29084	0.10520	0.01709	0.02368	0.11216	0.01612	0.08761	0.01969	0.02560	0.01334	0.01567	0.01117	0.00826	0.00831	0.00213	0.07144	0.00540	0.00439	0.10738
4	0.01966	0.09428	0.02460	0.24189	0.03265	0.10532	0.01735	0.04865	0.01763	0.02326	0.01508	0.02036	0.01244	0.01002	0.01229	0.00267	0.18100	0.00682	0.10462	0.00941
5	0.01476	0.01538	0.10299	0.02187	0.17239	0.01215	0.01411	0.01707	0.01489	0.02072	0.02355	0.12928	0.02514	0.27161	0.02378	0.08767	0.00852	0.01123	0.00482	0.00808

[dist]
# distance from previous block
# <min> <max>
0	8

[block]
# block no. 7 follows, 22 sequences, length 20
# corresponding to MSA columns:
# 782-801
name=unknown_H
#
# <colnr> <probs for GDERKNQSTAVLIFYWHMCP>
#	G	D	E	R	K	N	Q	S	T	A	V	L	I	F	Y	W	H	M	C	P
0	0.02042	0.01566	0.01946	0.10698	0.06418	0.01706	0.01419	0.17883	0.08765	0.07449	0.03689	0.10374	0.15407	0.01399	0.01006	0.00279	0.05023	0.01146	0.00710	0.01075
1	0.07152	0.14015	0.03025	0.19100	0.11209	0.13869	0.07144	0.02504	0.01779	0.02292	0.01347	0.01812	0.01117	0.00864	0.00988	0.00255	0.09463	0.00652	0.00396	0.01017
2	0.76672	0.01607	0.01221	0.01092	0.01607	0.01864	0.00900	0.02442	0.01414	0.03727	0.01157	0.01350	0.00900	0.00771	0.00514	0.00257	0.00643	0.00450	0.00514	0.00900
3	0.01185	0.00840	0.01036	0.00987	0.01196	0.00771	0.00741	0.01549	0.02222	0.03146	0.50420	0.06156	0.15792	0.01685	0.00940	0.00257	0.00396	0.01466	0.08445	0.00771
4	0.01176	0.00849	0.01110	0.01045	0.01241	0.00784	0.00784	0.01568	0.02352	0.03331	0.65184	0.06206	0.07839	0.01698	0.00980	0.00261	0.00392	0.01502	0.00914	0.00784
5	0.01818	0.01818	0.02545	0.02181	0.02181	0.02545	0.01818	0.01999	0.01272	0.01999	0.01091	0.01818	0.01091	0.01454	0.02726	0.00364	0.69284	0.00727	0.00364	0.00909
6	0.03158	0.02327	0.02493	0.01911	0.02576	0.02576	0.01579	0.62852	0.03906	0.05236	0.01995	0.01995	0.01413	0.00997	0.00831	0.00249	0.00914	0.00748	0.00831	0.01413
7	0.01208	0.00805	0.00906	0.00906	0.00906	0.00805	0.00503	0.01208	0.01208	0.01611	0.02618	0.05436	0.03020	0.70804	0.04228	0.00805	0.00805	0.01208	0.00503	0.00503
8	0.02119	0.25501	0.02723	0.01599	0.02151	0.02483	0.01351	0.03757	0.42822	0.02956	0.02622	0.02497	0.02034	0.00985	0.00739	0.00246	0.00736	0.00770	0.00678	0.01230
9	0.51191	0.15431	0.11520	0.01345	0.02003	0.02148	0.01322	0.02479	0.01517	0.03223	0.01206	0.01406	0.00954	0.00762	0.00559	0.00243	0.00777	0.00473	0.00459	0.00980
10	0.16185	0.05941	0.06666	0.01851	0.06237	0.02149	0.01493	0.20754	0.17557	0.03784	0.02024	0.02071	0.01525	0.00907	0.00737	0.00245	0.00800	0.00690	0.00660	0.07724
11	0.01723	0.01326	0.01988	0.06266	0.23927	0.01314	0.01505	0.02171	0.04463	0.07598	0.10290	0.16370	0.08421	0.01386	0.00881	0.00268	0.00693	0.01243	0.07147	0.01019
12	0.01990	0.27595	0.36030	0.01935	0.02888	0.02388	0.02252	0.02799	0.07176	0.05346	0.01617	0.01771	0.01232	0.00802	0.00706	0.00234	0.01035	0.00592	0.00426	0.01187
13	0.01456	0.02806	0.37562	0.01828	0.02604	0.01471	0.02092	0.02209	0.04922	0.02609	0.08380	0.12298	0.10607	0.01363	0.00886	0.00282	0.00906	0.04134	0.00552	0.01032
14	0.03318	0.01335	0.01827	0.01487	0.02052	0.01176	0.01241	0.03650	0.02298	0.55294	0.03469	0.03947	0.02523	0.01245	0.00889	0.00279	0.00717	0.10967	0.00983	0.01303
15	0.01845	0.02241	0.10426	0.08424	0.14375	0.10323	0.16784	0.02339	0.01874	0.02423	0.02260	0.15972	0.02201	0.01196	0.00909	0.00279	0.01084	0.03526	0.00492	0.01027
16	0.02128	0.06721	0.07143	0.03576	0.34104	0.01985	0.08655	0.05833	0.07397	0.06744	0.02018	0.06401	0.01694	0.00918	0.00836	0.00256	0.00959	0.00863	0.00525	0.01243
17	0.01079	0.00751	0.00944	0.01071	0.01103	0.00719	0.00680	0.01174	0.01460	0.01947	0.03910	0.48147	0.04650	0.25869	0.02141	0.00497	0.00592	0.01968	0.00680	0.00616
18	0.01076	0.00798	0.01009	0.01098	0.01242	0.00732	0.00795	0.01317	0.01873	0.02487	0.20926	0.36517	0.17667	0.02247	0.01032	0.00311	0.00471	0.06880	0.00808	0.00716
19	0.06488	0.28126	0.21021	0.01814	0.02645	0.02616	0.01901	0.20502	0.02352	0.03220	0.01499	0.01649	0.01156	0.00821	0.00692	0.00227	0.00977	0.00582	0.00505	0.01205

[dist]
# distance from previous block
# <min> <max>
1	3

[block]
# block no. 8 follows, 22 sequences, length 19
# corresponding to MSA columns:
# 805-823
name=unknown_I
#
# <colnr> <probs for GDERKNQSTAVLIFYWHMCP>
#	G	D	E	R	K	N	Q	S	T	A	V	L	I	F	Y	W	H	M	C	P
0	0.01076	0.00758	0.00971	0.01088	0.01145	0.00718	0.00715	0.01223	0.01610	0.02172	0.12268	0.47656	0.05273	0.17243	0.01735	0.00428	0.00540	0.01997	0.00732	0.00652
1	0.01189	0.00883	0.01297	0.01297	0.01432	0.01018	0.00991	0.01459	0.01324	0.01900	0.02260	0.03456	0.02161	0.11961	0.61896	0.01288	0.02099	0.00918	0.00450	0.00721
2	0.00982	0.00842	0.00842	0.00842	0.01122	0.00701	0.00631	0.01192	0.01894	0.02244	0.08416	0.07995	0.65285	0.02104	0.00982	0.00281	0.00421	0.01753	0.00771	0.00701
3	0.76672	0.01607	0.01221	0.01092	0.01607	0.01864	0.00900	0.02442	0.01414	0.03727	0.01157	0.01350	0.00900	0.00771	0.00514	0.00257	0.00643	0.00450	0.00514	0.00900
4	0.01070	0.00802	0.00946	0.00990	0.01136	0.00728	0.00684	0.01264	0.01785	0.02333	0.18405	0.25839	0.24657	0.13705	0.01550	0.00382	0.00498	0.01790	0.00757	0.00678
5	0.03103	0.03959	0.02354	0.02140	0.02568	0.67469	0.01605	0.03317	0.02354	0.02033	0.01284	0.01498	0.01070	0.00856	0.00749	0.00214	0.01498	0.00535	0.00428	0.00963
6	0.76672	0.01607	0.01221	0.01092	0.01607	0.01864	0.00900	0.02442	0.01414	0.03727	0.01157	0.01350	0.00900	0.00771	0.00514	0.00257	0.00643	0.00450	0.00514	0.00900
7	0.01819	0.01035	0.01063	0.00965	0.01238	0.01077	0.00748	0.12167	0.02106	0.03456	0.02590	0.02912	0.02009	0.00973	0.00623	0.00203	0.00476	0.00770	0.62890	0.00882
8	0.15505	0.02206	0.02279	0.01774	0.02413	0.02457	0.01465	0.52706	0.03487	0.04982	0.01854	0.01886	0.01327	0.00959	0.00778	0.00251	0.00869	0.00698	0.00778	0.01327
9	0.01093	0.00773	0.01019	0.01186	0.01252	0.00740	0.00831	0.01258	0.01593	0.02114	0.04286	0.51356	0.05043	0.11682	0.01499	0.00408	0.00573	0.11893	0.00734	0.00667
10	0.01917	0.01832	0.03121	0.23253	0.48553	0.01937	0.02480	0.02428	0.01826	0.02545	0.01538	0.02101	0.01256	0.00766	0.00825	0.00255	0.01021	0.00740	0.00399	0.01204
11	0.02066	0.01785	0.01878	0.01691	0.02160	0.02066	0.01315	0.04414	0.64121	0.03475	0.03381	0.03099	0.02536	0.01127	0.00845	0.00282	0.00657	0.00939	0.00845	0.01315
12	0.12344	0.07290	0.21143	0.02194	0.03041	0.01921	0.16952	0.05255	0.01980	0.17220	0.01894	0.02044	0.01326	0.00822	0.00794	0.00259	0.01039	0.00726	0.00562	0.01195
13	0.01854	0.25187	0.44031	0.02127	0.03173	0.02363	0.05454	0.02587	0.01743	0.02420	0.01395	0.01646	0.01067	0.00760	0.00718	0.00237	0.01130	0.00579	0.00356	0.01172
14	0.02962	0.03376	0.02725	0.02273	0.02807	0.44672	0.09767	0.16115	0.02637	0.02810	0.01491	0.01705	0.01170	0.00866	0.00798	0.00231	0.01359	0.00641	0.00514	0.01081
15	0.01010	0.00731	0.00955	0.01135	0.01199	0.00677	0.00761	0.01159	0.01612	0.02129	0.04845	0.65941	0.09644	0.02568	0.01055	0.00333	0.00478	0.02319	0.00771	0.00677
16	0.02125	0.28729	0.17126	0.02098	0.07848	0.02250	0.06032	0.02614	0.01848	0.09709	0.01978	0.02796	0.01709	0.00978	0.00761	0.00246	0.00968	0.08566	0.00496	0.01126
17	0.01568	0.01254	0.01303	0.01212	0.01483	0.05687	0.00919	0.02369	0.15575	0.03231	0.36271	0.04654	0.05206	0.01386	0.00864	0.00250	0.00525	0.01184	0.14150	0.00909
18	0.01292	0.00886	0.01085	0.01013	0.01265	0.00789	0.00768	0.01624	0.02215	0.07311	0.43807	0.06514	0.24782	0.01775	0.00971	0.00267	0.00422	0.01532	0.00879	0.00802

[dist]
# distance from previous block
# <min> <max>
0	1

[block]
# block no. 9 follows, 22 sequences, length 30
# corresponding to MSA columns:
# 825-834,845-864
name=unknown_J
#
# <colnr> <probs for GDERKNQSTAVLIFYWHMCP>
#	G	D	E	R	K	N	Q	S	T	A	V	L	I	F	Y	W	H	M	C	P
0	0.02033	0.02259	0.07115	0.16557	0.35534	0.08654	0.10759	0.02567	0.01896	0.02519	0.01530	0.02037	0.01227	0.00767	0.00836	0.00255	0.01134	0.00745	0.00403	0.01173
1	0.02784	0.04855	0.02539	0.01920	0.02482	0.01935	0.08590	0.22823	0.02652	0.21824	0.02548	0.03229	0.02000	0.01173	0.01034	0.00279	0.06440	0.08885	0.00772	0.01234
2	0.01016	0.00826	0.00901	0.00917	0.01152	0.00711	0.00675	0.01246	0.01923	0.02398	0.16797	0.16342	0.47981	0.02109	0.00992	0.00285	0.00425	0.01798	0.00794	0.00711
3	0.01710	0.01477	0.01785	0.06717	0.02273	0.01167	0.01092	0.02094	0.01718	0.02660	0.01477	0.01763	0.01220	0.00633	0.00633	0.00136	0.00655	0.00512	0.00482	0.69797
4	0.01545	0.00940	0.01191	0.01219	0.01419	0.00880	0.00874	0.05569	0.01888	0.11716	0.04634	0.49284	0.11157	0.02215	0.01004	0.00314	0.00536	0.01969	0.00813	0.00833
5	0.02222	0.37167	0.22562	0.01805	0.02629	0.05229	0.01942	0.08063	0.01948	0.05074	0.01421	0.01602	0.01135	0.00804	0.00732	0.00221	0.03316	0.00552	0.00427	0.01151
6	0.01792	0.01710	0.02964	0.45748	0.15082	0.01943	0.10543	0.05707	0.01867	0.02469	0.01548	0.02180	0.01179	0.00808	0.00850	0.00271	0.01117	0.00772	0.00409	0.01041
7	0.01107	0.00882	0.01005	0.01077	0.01267	0.00828	0.00767	0.01505	0.08106	0.02311	0.06085	0.36968	0.30575	0.02240	0.01005	0.00308	0.00474	0.01958	0.00779	0.00751
8	0.01153	0.00838	0.01117	0.01289	0.01424	0.00802	0.01007	0.01410	0.01764	0.02295	0.04899	0.36895	0.11409	0.02415	0.01091	0.00351	0.00601	0.27755	0.00768	0.00717
9	0.01002	0.00764	0.00921	0.01047	0.01176	0.00684	0.00722	0.01169	0.01696	0.02164	0.05917	0.48544	0.26349	0.02429	0.01033	0.00318	0.00461	0.02149	0.00771	0.00684
10	0.01666	0.04297	0.66500	0.02368	0.03596	0.01929	0.03069	0.02631	0.01754	0.02631	0.01491	0.01754	0.01052	0.00789	0.00789	0.00263	0.01228	0.00614	0.00351	0.01228
11	0.02066	0.01785	0.01878	0.01691	0.02160	0.02066	0.01315	0.04414	0.64121	0.03475	0.03381	0.03099	0.02536	0.01127	0.00845	0.00282	0.00657	0.00939	0.00845	0.01315
12	0.02221	0.71304	0.04353	0.01421	0.02132	0.03287	0.01421	0.02488	0.01688	0.01955	0.01155	0.01333	0.01066	0.00711	0.00533	0.00178	0.00888	0.00444	0.00355	0.01066
13	0.14527	0.01253	0.01471	0.01207	0.01695	0.01188	0.00979	0.03164	0.02036	0.37496	0.02775	0.02676	0.01897	0.00970	0.00709	0.00238	0.00601	0.00757	0.23221	0.01142
14	0.01723	0.01477	0.01723	0.01230	0.01969	0.01107	0.00984	0.02092	0.01723	0.02707	0.01477	0.01723	0.01230	0.00615	0.00615	0.00123	0.00615	0.00492	0.00492	0.75883
15	0.01353	0.00781	0.01171	0.01171	0.01224	0.00833	0.00833	0.01224	0.01171	0.01614	0.01719	0.02785	0.01666	0.04064	0.25883	0.49590	0.01251	0.00781	0.00390	0.00495
16	0.01549	0.00774	0.00774	0.00774	0.00968	0.00774	0.00581	0.01936	0.01742	0.03097	0.02710	0.03097	0.02129	0.00968	0.00581	0.00194	0.00387	0.00774	0.75416	0.00774
17	0.07187	0.47262	0.16059	0.01590	0.02382	0.02740	0.01690	0.02654	0.01745	0.08030	0.01413	0.01552	0.01142	0.00759	0.00609	0.00207	0.00922	0.00513	0.00426	0.01118
18	0.01047	0.00844	0.00933	0.00910	0.01162	0.00729	0.00683	0.01319	0.02049	0.02612	0.27633	0.07389	0.45838	0.01967	0.00981	0.00274	0.00411	0.01668	0.00820	0.00729
19	0.01774	0.01602	0.02501	0.54679	0.08595	0.01934	0.02189	0.07806	0.06020	0.02528	0.01655	0.02245	0.01242	0.00860	0.00831	0.00273	0.01053	0.00753	0.00445	0.01016
20	0.05115	0.01710	0.02175	0.01827	0.07380	0.01563	0.03985	0.14598	0.02308	0.16824	0.01969	0.02049	0.01440	0.00798	0.00734	0.00198	0.00760	0.00656	0.00665	0.33246
21	0.02623	0.01708	0.01930	0.01641	0.02174	0.01847	0.01303	0.07827	0.42245	0.22119	0.03267	0.02953	0.02327	0.01090	0.00842	0.00273	0.00688	0.00897	0.00899	0.01350
22	0.01818	0.01818	0.02545	0.02181	0.02181	0.02545	0.01818	0.01999	0.01272	0.01999	0.01091	0.01818	0.01091	0.01454	0.02726	0.00364	0.69284	0.00727	0.00364	0.00909
23	0.03450	0.01422	0.01899	0.01444	0.02100	0.01205	0.01188	0.03777	0.02287	0.57400	0.03028	0.02674	0.01942	0.00971	0.00805	0.00238	0.00694	0.00788	0.00954	0.11732
24	0.59670	0.01631	0.01357	0.01177	0.01683	0.01864	0.00965	0.10770	0.01789	0.03879	0.01414	0.01597	0.01082	0.00820	0.00564	0.00250	0.00657	0.00521	0.07350	0.00959
25	0.01381	0.01111	0.01493	0.01416	0.01543	0.01333	0.01079	0.01807	0.07712	0.02032	0.02245	0.03468	0.02163	0.18315	0.37363	0.00964	0.12376	0.00935	0.00485	0.00777
26	0.09208	0.01988	0.02977	0.02651	0.13044	0.03956	0.18604	0.13433	0.04301	0.09285	0.01886	0.02133	0.01406	0.00819	0.00811	0.00245	0.00979	0.00770	0.03525	0.07979
27	0.01481	0.01311	0.01819	0.01660	0.01703	0.01699	0.01305	0.01659	0.01307	0.01929	0.01952	0.08990	0.02061	0.14069	0.19764	0.00687	0.34385	0.00996	0.00445	0.00778
28	0.01182	0.00919	0.01085	0.01054	0.01285	0.00864	0.00785	0.01671	0.07738	0.02895	0.36391	0.13003	0.24319	0.01860	0.00976	0.00277	0.00434	0.01614	0.00851	0.00796
29	0.01966	0.01968	0.03520	0.11289	0.32540	0.02028	0.19353	0.02702	0.08217	0.02682	0.01753	0.02223	0.01392	0.00808	0.00948	0.00268	0.03865	0.00828	0.00451	0.01200

[dist]
# distance from previous block
# <min> <max>
0	7

[block]
# block no. 10 follows, 22 sequences, length 6
# corresponding to MSA columns:
# 872-877
name=unknown_K
#
# <colnr> <probs for GDERKNQSTAVLIFYWHMCP>
#	G	D	E	R	K	N	Q	S	T	A	V	L	I	F	Y	W	H	M	C	P
0	0.02351	0.01789	0.01937	0.01685	0.02192	0.02014	0.01327	0.09440	0.51834	0.10805	0.03249	0.02973	0.02384	0.01105	0.00843	0.00276	0.00685	0.00911	0.00865	0.01335
1	0.02114	0.01759	0.02521	0.02238	0.07568	0.01912	0.11582	0.07962	0.21926	0.08565	0.06577	0.05361	0.04812	0.01174	0.01128	0.00285	0.09662	0.00995	0.00691	0.01167
2	0.01345	0.00898	0.01081	0.00999	0.01121	0.00837	0.00631	0.01327	0.01266	0.01755	0.02168	0.04176	0.02374	0.44125	0.03412	0.17301	0.00755	0.00982	0.00470	0.12976
