[name]
unknown

[dist]
# distance from previous block
# <min> <max>
0	197

[block]
# block no. 0 follows, 26 sequences, length 137
# corresponding to MSA columns:
# 203-339
name=unknown_A
#
# <colnr> <probs for GDERKNQSTAVLIFYWHMCP>
#	G	D	E	R	K	N	Q	S	T	A	V	L	I	F	Y	W	H	M	C	P
0	0.01222	0.00873	0.01222	0.01397	0.01572	0.00873	0.01222	0.01572	0.01746	0.02270	0.04016	0.08556	0.04365	0.02095	0.01048	0.00349	0.00698	0.63506	0.00698	0.00698
1	0.01432	0.01348	0.02275	0.71520	0.05224	0.01685	0.02107	0.01938	0.01517	0.01938	0.01348	0.02022	0.01011	0.00758	0.00758	0.00253	0.01011	0.00674	0.00337	0.00843
2	0.01579	0.01369	0.01658	0.01184	0.01861	0.01038	0.02810	0.01925	0.01579	0.02470	0.01354	0.01587	0.01124	0.00564	0.00572	0.00117	0.00583	0.00462	0.00447	0.75716
3	0.00924	0.00660	0.00880	0.01056	0.01100	0.00616	0.00704	0.01056	0.01452	0.01936	0.04181	0.72848	0.05017	0.02376	0.00968	0.00308	0.00440	0.02156	0.00704	0.00616
4	0.01988	0.01680	0.01772	0.01564	0.02011	0.01934	0.01225	0.10372	0.60734	0.03337	0.02958	0.02727	0.02211	0.01017	0.00770	0.00254	0.00624	0.00840	0.00770	0.01210
5	0.01771	0.36104	0.35301	0.01824	0.02706	0.02344	0.05866	0.02343	0.01585	0.02118	0.01230	0.01450	0.00978	0.00683	0.00623	0.00205	0.00987	0.00509	0.00326	0.01047
6	0.01726	0.32102	0.43024	0.01813	0.02744	0.02261	0.02196	0.02349	0.01577	0.02153	0.01238	0.01446	0.00966	0.00692	0.00626	0.00209	0.00996	0.00498	0.00322	0.01061
7	0.01521	0.03923	0.69413	0.02162	0.03283	0.01762	0.02802	0.02402	0.01601	0.02402	0.01361	0.01601	0.00961	0.00721	0.00721	0.00240	0.01121	0.00560	0.00320	0.01121
8	0.01589	0.01299	0.01486	0.01458	0.01772	0.01446	0.01173	0.02970	0.39962	0.02773	0.03486	0.09808	0.03215	0.01493	0.00881	0.00293	0.00623	0.22546	0.00742	0.00986
9	0.01834	0.01723	0.02741	0.10906	0.49643	0.01806	0.02094	0.02607	0.13986	0.02553	0.01730	0.02071	0.01391	0.00750	0.00756	0.00234	0.00856	0.00710	0.00446	0.01165
10	0.01828	0.01511	0.01762	0.01761	0.08640	0.01666	0.01237	0.11945	0.36523	0.03221	0.13327	0.07917	0.03027	0.01154	0.00801	0.00250	0.00614	0.00988	0.00735	0.01094
11	0.01031	0.00735	0.00950	0.00970	0.01085	0.00688	0.00680	0.01275	0.01803	0.02506	0.40358	0.26144	0.05950	0.10804	0.01289	0.00322	0.00430	0.01578	0.00748	0.00653
12	0.01102	0.00740	0.00851	0.00851	0.00859	0.00748	0.00489	0.01118	0.01110	0.01488	0.02369	0.04845	0.02706	0.69310	0.07823	0.00764	0.00813	0.01086	0.00456	0.00473
13	0.01565	0.03079	0.48537	0.02037	0.02925	0.01558	0.08298	0.02271	0.01630	0.06310	0.01917	0.12868	0.01669	0.00985	0.00778	0.00252	0.01001	0.00854	0.00423	0.01043
14	0.01832	0.01756	0.02997	0.11489	0.62134	0.01790	0.02305	0.02288	0.01706	0.02423	0.01419	0.01892	0.01182	0.00684	0.00752	0.00228	0.00912	0.00676	0.00372	0.01165
15	0.00918	0.00705	0.00841	0.00942	0.01072	0.00628	0.00655	0.01080	0.01580	0.02013	0.07426	0.45520	0.29550	0.02176	0.00938	0.00286	0.00416	0.01918	0.00708	0.00628
16	0.02825	0.01831	0.02048	0.01612	0.02181	0.01967	0.01318	0.39500	0.15007	0.20065	0.02339	0.02192	0.01622	0.00939	0.00762	0.00235	0.00745	0.00735	0.00805	0.01274
17	0.01832	0.02417	0.19666	0.03906	0.49189	0.04940	0.02407	0.02379	0.01715	0.02430	0.01399	0.01785	0.01131	0.00692	0.00740	0.00228	0.00978	0.00638	0.00362	0.01166
18	0.01084	0.00813	0.01219	0.01219	0.01354	0.00948	0.00948	0.01354	0.01219	0.01761	0.02032	0.02980	0.01896	0.05689	0.70337	0.01219	0.02032	0.00813	0.00406	0.00677
19	0.00947	0.00773	0.00842	0.00863	0.01091	0.00669	0.00658	0.01167	0.01758	0.02165	0.13329	0.10911	0.52513	0.01925	0.00914	0.00266	0.00414	0.07426	0.00717	0.00652
20	0.78701	0.01467	0.01115	0.00997	0.01467	0.01702	0.00821	0.02230	0.01291	0.03403	0.01056	0.01232	0.00821	0.00704	0.00469	0.00235	0.00587	0.00411	0.00469	0.00821
21	0.09529	0.01499	0.02202	0.34823	0.16943	0.01638	0.01778	0.05866	0.01668	0.02456	0.01362	0.01825	0.01066	0.00712	0.00694	0.00220	0.00860	0.00610	0.00402	0.13846
22	0.02838	0.03475	0.02161	0.01934	0.02346	0.63913	0.01463	0.08954	0.02283	0.02131	0.01233	0.01410	0.01006	0.00794	0.00691	0.00198	0.01318	0.00507	0.00425	0.00918
23	0.01033	0.00763	0.00965	0.00938	0.01114	0.00695	0.00694	0.01344	0.02016	0.02786	0.52975	0.12766	0.15720	0.01688	0.00902	0.00248	0.00370	0.01485	0.00803	0.00695
24	0.01633	0.03142	0.42387	0.02593	0.03566	0.01827	0.29045	0.02414	0.01680	0.02414	0.01433	0.01786	0.01040	0.00687	0.00793	0.00247	0.01187	0.00700	0.00347	0.01080
25	0.01653	0.01710	0.03017	0.12405	0.06951	0.01996	0.23108	0.02040	0.01467	0.02085	0.01384	0.04839	0.01230	0.01023	0.01547	0.00288	0.31176	0.00806	0.00368	0.00909
26	0.00941	0.00672	0.00900	0.01076	0.01128	0.00631	0.00734	0.01086	0.01469	0.01956	0.04171	0.69104	0.04979	0.02360	0.00973	0.00310	0.00455	0.05729	0.00704	0.00621
27	0.01001	0.00765	0.00918	0.00896	0.01093	0.00682	0.00666	0.01284	0.01951	0.02615	0.42424	0.10913	0.28561	0.01739	0.00900	0.00250	0.00373	0.01507	0.00780	0.00682
28	0.02259	0.02543	0.01834	0.01668	0.02037	0.37823	0.01264	0.03093	0.22637	0.02457	0.12318	0.02504	0.02370	0.00980	0.00745	0.00222	0.00967	0.00744	0.00581	0.00955
29	0.01452	0.01345	0.02297	0.62524	0.04847	0.01631	0.05797	0.01955	0.01538	0.02029	0.01438	0.02080	0.01084	0.00760	0.00751	0.00248	0.00981	0.00690	0.05709	0.00844
30	0.01953	0.01632	0.02035	0.01672	0.06721	0.01505	0.05023	0.18176	0.05763	0.03088	0.01580	0.01755	0.01239	0.00688	0.00656	0.00166	0.00699	0.00573	0.00536	0.44542
31	0.02028	0.73799	0.03975	0.01298	0.01947	0.03001	0.01298	0.02271	0.01541	0.01785	0.01055	0.01217	0.00973	0.00649	0.00487	0.00162	0.00811	0.00406	0.00324	0.00973
32	0.01615	0.16849	0.57309	0.02002	0.03036	0.01991	0.02524	0.02378	0.01590	0.02288	0.01304	0.01530	0.00963	0.00707	0.00677	0.00226	0.01064	0.00532	0.00321	0.01094
33	0.01645	0.01539	0.02483	0.30403	0.31225	0.01610	0.01976	0.02097	0.01615	0.02264	0.01381	0.01878	0.01112	0.00687	0.00719	0.00215	0.00882	0.00633	0.00374	0.15262
34	0.01290	0.01073	0.01495	0.01387	0.01458	0.01354	0.01085	0.01488	0.01199	0.01785	0.01769	0.02853	0.01739	0.14680	0.34468	0.00805	0.24637	0.00805	0.03936	0.00694
35	0.01414	0.00707	0.00707	0.00707	0.00884	0.00707	0.00530	0.01767	0.01591	0.02828	0.02474	0.02828	0.01944	0.00884	0.00530	0.00177	0.00353	0.00707	0.77554	0.00707
36	0.01103	0.00735	0.00827	0.00827	0.00827	0.00735	0.00460	0.01103	0.01103	0.01471	0.02390	0.04964	0.02758	0.73343	0.03861	0.00735	0.00735	0.01103	0.00460	0.00460
37	0.01432	0.01348	0.02275	0.71520	0.05224	0.01685	0.02107	0.01938	0.01517	0.01938	0.01348	0.02022	0.01011	0.00758	0.00758	0.00253	0.01011	0.00674	0.00337	0.00843
38	0.00940	0.00676	0.00915	0.01073	0.01126	0.00650	0.00729	0.01087	0.01428	0.01918	0.03961	0.65708	0.04698	0.02715	0.08057	0.00401	0.00603	0.02019	0.00674	0.00622
39	0.01442	0.01362	0.01847	0.01661	0.01738	0.01767	0.01381	0.01643	0.01365	0.01940	0.02767	0.03851	0.14490	0.01565	0.01951	0.00320	0.46749	0.10926	0.00462	0.00772
40	0.30602	0.08997	0.02348	0.07481	0.29469	0.01901	0.01615	0.02237	0.01506	0.02688	0.01226	0.01569	0.01014	0.00717	0.00692	0.00229	0.03763	0.00548	0.00401	0.00995
41	0.02178	0.51239	0.03630	0.01634	0.02239	0.17492	0.07932	0.02452	0.01699	0.01866	0.01129	0.01334	0.00992	0.00677	0.00571	0.00179	0.00980	0.00474	0.00345	0.00958
42	0.01218	0.01105	0.01650	0.42077	0.03468	0.01254	0.01465	0.01585	0.01579	0.01960	0.03763	0.04121	0.26267	0.04239	0.00940	0.00274	0.00765	0.01039	0.00480	0.00751
43	0.01110	0.00768	0.00981	0.00928	0.01107	0.00715	0.00696	0.01467	0.02088	0.03019	0.61204	0.05363	0.06601	0.01480	0.00856	0.00232	0.00357	0.01301	0.09013	0.00715
44	0.01084	0.00813	0.01219	0.01219	0.01354	0.00948	0.00948	0.01354	0.01219	0.01761	0.02032	0.02980	0.01896	0.05689	0.70337	0.01219	0.02032	0.00813	0.00406	0.00677
45	0.01084	0.00813	0.01219	0.01219	0.01354	0.00948	0.00948	0.01354	0.01219	0.01761	0.02032	0.02980	0.01896	0.05689	0.70337	0.01219	0.02032	0.00813	0.00406	0.00677
46	0.01109	0.00749	0.00865	0.00849	0.01039	0.00689	0.00632	0.01411	0.01859	0.02674	0.32358	0.09094	0.21101	0.01517	0.00805	0.00231	0.00368	0.01301	0.20659	0.00689
47	0.02883	0.02125	0.02276	0.01745	0.02352	0.02352	0.01442	0.66082	0.03566	0.04780	0.01821	0.01821	0.01290	0.00911	0.00759	0.00228	0.00835	0.00683	0.00759	0.01290
48	0.01521	0.03923	0.69413	0.02162	0.03283	0.01762	0.02802	0.02402	0.01601	0.02402	0.01361	0.01601	0.00961	0.00721	0.00721	0.00240	0.01121	0.00560	0.00320	0.01121
49	0.02014	0.01765	0.02669	0.21286	0.35543	0.01910	0.02048	0.18210	0.02134	0.02915	0.01505	0.01901	0.01174	0.00756	0.00755	0.00233	0.00913	0.00677	0.00462	0.01130
50	0.00978	0.00706	0.00932	0.01060	0.01150	0.00660	0.00753	0.01172	0.01609	0.02157	0.14802	0.52124	0.08361	0.02191	0.00961	0.00298	0.00450	0.08271	0.00725	0.00642
51	0.01167	0.00834	0.01159	0.01334	0.01484	0.00826	0.01126	0.01476	0.01692	0.02208	0.04046	0.20448	0.04486	0.02147	0.01033	0.00342	0.00651	0.52158	0.00699	0.00683
52	0.01589	0.01508	0.02559	0.47924	0.27593	0.01726	0.02185	0.02076	0.01591	0.02129	0.01376	0.01971	0.01078	0.00729	0.00756	0.00243	0.00972	0.00675	0.00351	0.00969
53	0.01925	0.01523	0.02778	0.02087	0.02643	0.01412	0.30913	0.05397	0.01941	0.15983	0.06974	0.08112	0.12543	0.01091	0.00867	0.00253	0.00875	0.01086	0.00614	0.00983
54	0.03231	0.01567	0.01931	0.01481	0.02074	0.01525	0.01223	0.24380	0.02634	0.47800	0.02604	0.02330	0.01683	0.00929	0.00761	0.00232	0.00708	0.00736	0.00879	0.01291
55	0.06185	0.01598	0.01672	0.01490	0.01916	0.01834	0.01165	0.07389	0.55971	0.03272	0.06782	0.02851	0.02461	0.01035	0.00761	0.00253	0.00599	0.00853	0.00758	0.01156
56	0.02775	0.03102	0.02108	0.01840	0.02273	0.50059	0.01413	0.18510	0.02471	0.02626	0.01398	0.01553	0.01103	0.00819	0.00695	0.00202	0.01186	0.00547	0.04350	0.00972
57	0.00994	0.00766	0.00867	0.00845	0.01033	0.00683	0.00609	0.01216	0.01783	0.02320	0.28926	0.06335	0.35641	0.13072	0.01364	0.00325	0.00430	0.01439	0.00713	0.00639
58	0.47968	0.01825	0.01544	0.01297	0.01801	0.08278	0.01056	0.18576	0.02000	0.07435	0.01374	0.01473	0.01016	0.00777	0.00580	0.00229	0.00726	0.00508	0.00563	0.00973
59	0.01761	0.01556	0.02172	0.36134	0.09865	0.01826	0.01774	0.08917	0.22659	0.02660	0.01955	0.02246	0.01471	0.00852	0.00762	0.00249	0.00853	0.00734	0.00520	0.01034
60	0.01890	0.54744	0.21820	0.01533	0.02311	0.02663	0.01708	0.02307	0.01558	0.01953	0.01138	0.01322	0.00970	0.00668	0.00550	0.00183	0.00896	0.00448	0.00323	0.01014
61	0.02124	0.02897	0.17221	0.02221	0.02801	0.24471	0.14599	0.06310	0.04884	0.02315	0.01385	0.01691	0.01091	0.00841	0.01014	0.00242	0.11857	0.00640	0.00404	0.00992
62	0.00924	0.00660	0.00880	0.01056	0.01100	0.00616	0.00704	0.01056	0.01452	0.01936	0.04181	0.72848	0.05017	0.02376	0.00968	0.00308	0.00440	0.02156	0.00704	0.00616
63	0.00955	0.00698	0.00905	0.01059	0.01144	0.00648	0.00747	0.01119	0.01520	0.01988	0.04601	0.57331	0.12877	0.02287	0.00968	0.00306	0.00462	0.09052	0.00703	0.00628
64	0.02678	0.01987	0.02255	0.01770	0.02259	0.02275	0.01465	0.50082	0.03022	0.07959	0.01730	0.01834	0.01268	0.00992	0.01092	0.00248	0.14512	0.00684	0.00687	0.01201
65	0.01097	0.00760	0.00869	0.00890	0.01089	0.00672	0.00649	0.01311	0.01707	0.05561	0.12456	0.24328	0.34977	0.01859	0.00875	0.00260	0.00407	0.01602	0.07952	0.00681
66	0.78701	0.01467	0.01115	0.00997	0.01467	0.01702	0.00821	0.02230	0.01291	0.03403	0.01056	0.01232	0.00821	0.00704	0.00469	0.00235	0.00587	0.00411	0.00469	0.00821
67	0.01887	0.01629	0.01715	0.01544	0.01972	0.01887	0.01201	0.04031	0.67241	0.03173	0.03087	0.02830	0.02315	0.01029	0.00772	0.00257	0.00600	0.00858	0.00772	0.01201
68	0.02244	0.01128	0.01540	0.01678	0.13805	0.01062	0.01082	0.02593	0.01833	0.27578	0.02474	0.02560	0.01782	0.00866	0.00658	0.00207	0.00564	0.00722	0.34607	0.01017
69	0.01056	0.00754	0.00947	0.00950	0.01073	0.00709	0.00671	0.01288	0.01762	0.02424	0.37155	0.15420	0.09258	0.18297	0.01598	0.00370	0.00475	0.04441	0.00715	0.00637
70	0.78701	0.01467	0.01115	0.00997	0.01467	0.01702	0.00821	0.02230	0.01291	0.03403	0.01056	0.01232	0.00821	0.00704	0.00469	0.00235	0.00587	0.00411	0.00469	0.00821
71	0.01750	0.01672	0.02848	0.23857	0.50409	0.01769	0.02264	0.02216	0.01667	0.02323	0.01404	0.01919	0.01147	0.00700	0.00753	0.00233	0.00933	0.00675	0.00364	0.01098
72	0.01041	0.00709	0.00845	0.00906	0.00921	0.00694	0.00544	0.01087	0.01223	0.01631	0.03007	0.28364	0.03536	0.48881	0.02864	0.00588	0.00634	0.01466	0.00544	0.00514
73	0.02062	0.01997	0.01795	0.01620	0.02041	0.14541	0.01250	0.03845	0.55201	0.02929	0.02733	0.02559	0.02068	0.00983	0.00756	0.00246	0.00742	0.00789	0.00701	0.01141
74	0.01877	0.01802	0.03079	0.04656	0.68612	0.01802	0.02328	0.02328	0.01727	0.02478	0.01427	0.01877	0.01201	0.00676	0.00751	0.00225	0.00901	0.00676	0.00375	0.01201
75	0.05714	0.02203	0.02012	0.01684	0.02184	0.14734	0.01338	0.30535	0.24969	0.03632	0.02102	0.02057	0.01563	0.00919	0.00737	0.00232	0.00843	0.00695	0.00683	0.01164
76	0.24591	0.01893	0.09135	0.02823	0.29694	0.01865	0.01806	0.02213	0.01480	0.02624	0.01230	0.01617	0.01026	0.00809	0.00986	0.00249	0.13973	0.00583	0.00390	0.01012
77	0.01862	0.01792	0.03026	0.04470	0.63979	0.01838	0.02281	0.02293	0.01688	0.02433	0.01397	0.01862	0.01187	0.00721	0.00872	0.00233	0.05842	0.00675	0.00372	0.01176
78	0.01103	0.00735	0.00827	0.00827	0.00827	0.00735	0.00460	0.01103	0.01103	0.01471	0.02390	0.04964	0.02758	0.73343	0.03861	0.00735	0.00735	0.01103	0.00460	0.00460
79	0.01526	0.01474	0.02254	0.35446	0.03522	0.01958	0.01845	0.01860	0.01335	0.01877	0.01209	0.01890	0.01041	0.01236	0.04502	0.00331	0.34853	0.00675	0.00337	0.00830
80	0.00921	0.00671	0.00869	0.01027	0.01092	0.00619	0.00691	0.01059	0.01480	0.01948	0.04539	0.66149	0.11484	0.02330	0.00961	0.00303	0.00434	0.02100	0.00704	0.00619
81	0.01506	0.01443	0.02190	0.30849	0.03272	0.01917	0.01773	0.01824	0.01315	0.01866	0.01248	0.01945	0.01094	0.01536	0.08703	0.00390	0.35284	0.00683	0.00342	0.00820
82	0.00905	0.00769	0.00780	0.00778	0.01030	0.00644	0.00583	0.01105	0.01750	0.02098	0.10668	0.07219	0.65289	0.01903	0.00896	0.00255	0.00383	0.01590	0.00711	0.00644
83	0.01887	0.01629	0.01715	0.01544	0.01972	0.01887	0.01201	0.04031	0.67241	0.03173	0.03087	0.02830	0.02315	0.01029	0.00772	0.00257	0.00600	0.00858	0.00772	0.01201
84	0.02042	0.01011	0.01233	0.01057	0.01312	0.00962	0.00754	0.05851	0.01658	0.25702	0.02576	0.03789	0.02304	0.38466	0.02352	0.00490	0.00683	0.00931	0.06007	0.00819
85	0.00924	0.00660	0.00880	0.01056	0.01100	0.00616	0.00704	0.01056	0.01452	0.01936	0.04181	0.72848	0.05017	0.02376	0.00968	0.00308	0.00440	0.02156	0.00704	0.00616
86	0.01974	0.66351	0.10950	0.01390	0.02089	0.02869	0.01458	0.02285	0.01548	0.01850	0.01087	0.01258	0.00972	0.00657	0.00512	0.00171	0.00844	0.00422	0.00324	0.00989
87	0.01140	0.00889	0.01302	0.01270	0.01384	0.01068	0.00987	0.01385	0.01207	0.01750	0.01953	0.02971	0.01861	0.09302	0.59850	0.01105	0.08678	0.00816	0.00402	0.00679
88	0.00933	0.00682	0.00881	0.01035	0.01111	0.00630	0.00710	0.01082	0.01498	0.01964	0.04600	0.62180	0.12685	0.02309	0.00963	0.00303	0.00444	0.04663	0.00704	0.00622
89	0.03310	0.01441	0.01853	0.01421	0.02011	0.01338	0.01174	0.14928	0.02422	0.57551	0.02782	0.02445	0.01772	0.00934	0.00762	0.00233	0.00679	0.00748	0.00906	0.01291
90	0.01800	0.02018	0.04316	0.03363	0.11338	0.01905	0.58610	0.02418	0.01783	0.02435	0.01522	0.02027	0.01157	0.00644	0.00879	0.00252	0.01236	0.00870	0.00383	0.01043
91	0.01112	0.00855	0.01274	0.01258	0.01386	0.01017	0.00984	0.01378	0.01216	0.01764	0.01980	0.02914	0.01851	0.05470	0.66936	0.01175	0.05537	0.00805	0.00403	0.00685
92	0.03354	0.01369	0.01809	0.01387	0.01975	0.01231	0.01146	0.09559	0.02302	0.63089	0.02882	0.02510	0.01822	0.00936	0.00762	0.00234	0.00663	0.00755	0.00922	0.01291
93	0.01916	0.01823	0.03145	0.03908	0.46498	0.01820	0.13907	0.08798	0.01913	0.02677	0.01625	0.05461	0.01392	0.00778	0.00789	0.00235	0.00941	0.00791	0.00433	0.01148
94	0.01084	0.00813	0.01219	0.01219	0.01354	0.00948	0.00948	0.01354	0.01219	0.01761	0.02032	0.02980	0.01896	0.05689	0.70337	0.01219	0.02032	0.00813	0.00406	0.00677
95	0.01877	0.01802	0.03079	0.04656	0.68612	0.01802	0.02328	0.02328	0.01727	0.02478	0.01427	0.01877	0.01201	0.00676	0.00751	0.00225	0.00901	0.00676	0.00375	0.01201
96	0.01236	0.00811	0.01066	0.00982	0.01189	0.00743	0.00743	0.01589	0.02149	0.07637	0.63677	0.05451	0.06790	0.01508	0.00885	0.00238	0.00378	0.01329	0.00842	0.00756
97	0.01318	0.00659	0.00988	0.00988	0.00988	0.00659	0.00659	0.00988	0.00988	0.01318	0.01318	0.02306	0.01318	0.02635	0.02964	0.77931	0.00659	0.00659	0.00329	0.00329
98	0.00993	0.00762	0.00909	0.00894	0.01089	0.00678	0.00662	0.01268	0.01925	0.02566	0.39543	0.12591	0.29839	0.01767	0.00902	0.00252	0.00375	0.01531	0.00774	0.00678
99	0.01877	0.01802	0.03079	0.04656	0.68612	0.01802	0.02328	0.02328	0.01727	0.02478	0.01427	0.01877	0.01201	0.00676	0.00751	0.00225	0.00901	0.00676	0.00375	0.01201
100	0.01611	0.01434	0.01879	0.01358	0.02029	0.01148	0.07598	0.02070	0.04887	0.02502	0.01455	0.01685	0.01186	0.00593	0.00607	0.00134	0.00637	0.00516	0.00459	0.66212
101	0.02748	0.02824	0.02441	0.01993	0.02513	0.34542	0.08036	0.29664	0.02713	0.03153	0.01484	0.01629	0.01127	0.00822	0.00737	0.00215	0.01133	0.00612	0.00546	0.01068
102	0.03134	0.01723	0.02028	0.01555	0.02152	0.01756	0.01284	0.36036	0.02894	0.35776	0.02385	0.02187	0.01573	0.00924	0.00761	0.00231	0.00744	0.00721	0.00845	0.01290
103	0.01521	0.03923	0.69413	0.02162	0.03283	0.01762	0.02802	0.02402	0.01601	0.02402	0.01361	0.01601	0.00961	0.00721	0.00721	0.00240	0.01121	0.00560	0.00320	0.01121
104	0.01222	0.00873	0.01222	0.01397	0.01572	0.00873	0.01222	0.01572	0.01746	0.02270	0.04016	0.08556	0.04365	0.02095	0.01048	0.00349	0.00698	0.63506	0.00698	0.00698
105	0.10507	0.01995	0.02087	0.01644	0.02214	0.02227	0.01348	0.51778	0.11316	0.04438	0.01902	0.01887	0.01371	0.00904	0.00731	0.00232	0.00780	0.00677	0.00731	0.01231
106	0.01103	0.00735	0.00827	0.00827	0.00827	0.00735	0.00460	0.01103	0.01103	0.01471	0.02390	0.04964	0.02758	0.73343	0.03861	0.00735	0.00735	0.01103	0.00460	0.00460
107	0.00924	0.00660	0.00880	0.01056	0.01100	0.00616	0.00704	0.01056	0.01452	0.01936	0.04181	0.72848	0.05017	0.02376	0.00968	0.00308	0.00440	0.02156	0.00704	0.00616
108	0.01084	0.00813	0.01219	0.01219	0.01354	0.00948	0.00948	0.01354	0.01219	0.01761	0.02032	0.02980	0.01896	0.05689	0.70337	0.01219	0.02032	0.00813	0.00406	0.00677
109	0.78701	0.01467	0.01115	0.00997	0.01467	0.01702	0.00821	0.02230	0.01291	0.03403	0.01056	0.01232	0.00821	0.00704	0.00469	0.00235	0.00587	0.00411	0.00469	0.00821
110	0.02836	0.03540	0.02156	0.01944	0.02345	0.66892	0.01464	0.06190	0.02221	0.02003	0.01205	0.01391	0.00993	0.00788	0.00688	0.00197	0.01341	0.00498	0.00409	0.00900
111	0.02344	0.02799	0.02222	0.01970	0.02197	0.41940	0.01546	0.02527	0.01737	0.01843	0.01099	0.01490	0.00985	0.01009	0.01437	0.00252	0.30815	0.00562	0.00366	0.00859
112	0.01003	0.00773	0.00917	0.00881	0.01090	0.00686	0.00661	0.01296	0.01982	0.02649	0.44271	0.06312	0.31342	0.01697	0.00895	0.00246	0.00368	0.01462	0.00783	0.00686
113	0.01398	0.01148	0.01392	0.01232	0.01547	0.01179	0.03859	0.05299	0.21212	0.02941	0.30960	0.04802	0.17172	0.01397	0.00852	0.00248	0.00500	0.01211	0.00766	0.00885
114	0.01877	0.01802	0.03079	0.04656	0.68612	0.01802	0.02328	0.02328	0.01727	0.02478	0.01427	0.01877	0.01201	0.00676	0.00751	0.00225	0.00901	0.00676	0.00375	0.01201
115	0.16903	0.02150	0.02049	0.01627	0.02188	0.08924	0.01329	0.48061	0.03006	0.04238	0.01616	0.01668	0.01172	0.00860	0.00698	0.00226	0.00841	0.00613	0.00669	0.01163
116	0.78701	0.01467	0.01115	0.00997	0.01467	0.01702	0.00821	0.02230	0.01291	0.03403	0.01056	0.01232	0.00821	0.00704	0.00469	0.00235	0.00587	0.00411	0.00469	0.00821
117	0.00924	0.00660	0.00880	0.01056	0.01100	0.00616	0.00704	0.01056	0.01452	0.01936	0.04181	0.72848	0.05017	0.02376	0.00968	0.00308	0.00440	0.02156	0.00704	0.00616
118	0.45896	0.01390	0.01396	0.01151	0.01671	0.01446	0.00949	0.02869	0.01674	0.32041	0.01900	0.01820	0.01282	0.00806	0.00597	0.00235	0.00612	0.00564	0.00674	0.01026
119	0.01432	0.01348	0.02275	0.71520	0.05224	0.01685	0.02107	0.01938	0.01517	0.01938	0.01348	0.02022	0.01011	0.00758	0.00758	0.00253	0.01011	0.00674	0.00337	0.00843
120	0.00981	0.00795	0.00886	0.00931	0.01166	0.00701	0.00744	0.01214	0.01733	0.02106	0.06734	0.07625	0.51749	0.01966	0.00936	0.00280	0.00466	0.17629	0.00703	0.00655
121	0.02071	0.01721	0.01819	0.01581	0.02043	0.01973	0.01245	0.15508	0.55463	0.03470	0.02853	0.02643	0.02126	0.01007	0.00769	0.00252	0.00644	0.00825	0.00769	0.01217
122	0.01557	0.08782	0.64863	0.02102	0.03190	0.01848	0.02698	0.02393	0.01597	0.02359	0.01340	0.01575	0.00962	0.00716	0.00704	0.00235	0.01099	0.00550	0.00321	0.01111
123	0.55353	0.01971	0.01447	0.01270	0.01738	0.15673	0.01017	0.09105	0.01704	0.03234	0.01160	0.01322	0.00902	0.00742	0.00543	0.00226	0.00771	0.00455	0.00484	0.00882
124	0.01679	0.01375	0.01449	0.01323	0.01688	0.01542	0.01023	0.03293	0.48434	0.03006	0.07114	0.03445	0.09281	0.01131	0.00760	0.00246	0.00533	0.00943	0.10684	0.01053
125	0.01573	0.01348	0.01573	0.01123	0.01798	0.01011	0.00899	0.01910	0.01573	0.02472	0.01348	0.01573	0.01123	0.00562	0.00562	0.00112	0.00562	0.00449	0.00449	0.77980
126	0.01794	0.02035	0.04412	0.03264	0.06935	0.01913	0.62937	0.02425	0.01787	0.02432	0.01530	0.02038	0.01153	0.00641	0.00889	0.00254	0.01261	0.00885	0.00383	0.01031
127	0.01084	0.00813	0.01219	0.01219	0.01354	0.00948	0.00948	0.01354	0.01219	0.01761	0.02032	0.02980	0.01896	0.05689	0.70337	0.01219	0.02032	0.00813	0.00406	0.00677
128	0.16248	0.01410	0.01705	0.01331	0.01900	0.01347	0.01099	0.10095	0.02169	0.51016	0.02536	0.02269	0.01634	0.00896	0.00712	0.00234	0.00656	0.00694	0.00839	0.01210
129	0.78701	0.01467	0.01115	0.00997	0.01467	0.01702	0.00821	0.02230	0.01291	0.03403	0.01056	0.01232	0.00821	0.00704	0.00469	0.00235	0.00587	0.00411	0.00469	0.00821
130	0.01168	0.00799	0.01031	0.00959	0.01163	0.00729	0.00724	0.01512	0.02119	0.06010	0.61006	0.05638	0.11166	0.01548	0.00889	0.00240	0.00373	0.01360	0.00831	0.00737
131	0.01046	0.00774	0.00976	0.00925	0.01116	0.00704	0.00694	0.01378	0.02082	0.02887	0.58768	0.05921	0.16697	0.01608	0.00895	0.00241	0.00362	0.01407	0.00815	0.00704
132	0.01074	0.00775	0.01014	0.00954	0.01133	0.00716	0.00716	0.01431	0.02147	0.03042	0.68211	0.05666	0.07157	0.01551	0.00895	0.00239	0.00358	0.01372	0.00835	0.00716
133	0.01086	0.00803	0.01168	0.01168	0.01286	0.00921	0.00885	0.01322	0.01204	0.01723	0.02078	0.03236	0.02007	0.14426	0.61752	0.01157	0.01864	0.00850	0.00413	0.00649
134	0.02867	0.02627	0.02234	0.01816	0.02350	0.25262	0.01450	0.44822	0.03089	0.03794	0.01602	0.01668	0.01184	0.00867	0.00734	0.00217	0.01014	0.00617	0.00635	0.01151
135	0.01194	0.00853	0.01190	0.01365	0.01527	0.00849	0.01174	0.01523	0.01718	0.02239	0.04032	0.14598	0.04427	0.02122	0.01040	0.00345	0.00674	0.57741	0.00699	0.00691
136	0.02807	0.02880	0.02087	0.01808	0.02264	0.43017	0.01396	0.15127	0.09072	0.09779	0.01687	0.01734	0.01270	0.00848	0.00716	0.00212	0.01111	0.00592	0.00558	0.01034

[dist]
# distance from previous block
# <min> <max>
0	1

[block]
# block no. 1 follows, 26 sequences, length 43
# corresponding to MSA columns:
# 341-383
name=unknown_B
#
# <colnr> <probs for GDERKNQSTAVLIFYWHMCP>
#	G	D	E	R	K	N	Q	S	T	A	V	L	I	F	Y	W	H	M	C	P
0	0.02211	0.57823	0.03559	0.01447	0.02037	0.18321	0.01336	0.02444	0.01680	0.01801	0.01081	0.01251	0.00974	0.00679	0.00532	0.00170	0.00938	0.00424	0.00340	0.00952
1	0.01027	0.00813	0.00929	0.00901	0.01125	0.00738	0.00675	0.01391	0.05385	0.02532	0.33348	0.09010	0.35914	0.01733	0.00892	0.00251	0.00387	0.01485	0.00764	0.00702
2	0.01787	0.01341	0.01595	0.01150	0.01814	0.01023	0.00924	0.02119	0.01643	0.10271	0.01541	0.01691	0.01212	0.00606	0.00585	0.00127	0.00572	0.00486	0.00507	0.69008
3	0.00946	0.00675	0.00905	0.01081	0.01134	0.00635	0.00741	0.01093	0.01473	0.01960	0.04169	0.68219	0.04970	0.02356	0.00974	0.00311	0.00459	0.06573	0.00704	0.00622
4	0.78701	0.01467	0.01115	0.00997	0.01467	0.01702	0.00821	0.02230	0.01291	0.03403	0.01056	0.01232	0.00821	0.00704	0.00469	0.00235	0.00587	0.00411	0.00469	0.00821
5	0.01103	0.00735	0.00827	0.00827	0.00827	0.00735	0.00460	0.01103	0.01103	0.01471	0.02390	0.04964	0.02758	0.73343	0.03861	0.00735	0.00735	0.01103	0.00460	0.00460
6	0.78701	0.01467	0.01115	0.00997	0.01467	0.01702	0.00821	0.02230	0.01291	0.03403	0.01056	0.01232	0.00821	0.00704	0.00469	0.00235	0.00587	0.00411	0.00469	0.00821
7	0.01000	0.00772	0.00913	0.00878	0.01088	0.00685	0.00658	0.01290	0.01974	0.02632	0.43226	0.06340	0.32398	0.01704	0.00895	0.00246	0.00369	0.01466	0.00781	0.00685
8	0.02974	0.01349	0.01723	0.01379	0.01915	0.01276	0.01120	0.03690	0.16983	0.51726	0.05377	0.02750	0.02169	0.00982	0.00770	0.00240	0.00625	0.00806	0.00897	0.01249
9	0.03403	0.01291	0.01760	0.01350	0.01936	0.01115	0.01115	0.03697	0.02171	0.69137	0.02992	0.02582	0.01878	0.00939	0.00763	0.00235	0.00645	0.00763	0.00939	0.01291
10	0.01797	0.02027	0.04369	0.03309	0.08913	0.01909	0.60994	0.02422	0.01785	0.02433	0.01526	0.02033	0.01155	0.00642	0.00884	0.00253	0.01250	0.00878	0.00383	0.01037
11	0.02710	0.01577	0.01851	0.01464	0.02028	0.01582	0.01189	0.18435	0.17969	0.30505	0.02550	0.02345	0.01757	0.00911	0.00741	0.00225	0.00670	0.00731	0.00801	0.09959
12	0.01887	0.01629	0.01715	0.01544	0.01972	0.01887	0.01201	0.04031	0.67241	0.03173	0.03087	0.02830	0.02315	0.01029	0.00772	0.00257	0.00600	0.00858	0.00772	0.01201
13	0.01657	0.22656	0.51870	0.01930	0.02925	0.02094	0.02399	0.02367	0.01585	0.02237	0.01279	0.01498	0.00964	0.00701	0.00658	0.00219	0.01038	0.00519	0.00321	0.01081
14	0.01433	0.01218	0.06564	0.01385	0.01618	0.01125	0.01199	0.01751	0.01708	0.08169	0.17633	0.13239	0.03984	0.04485	0.01298	0.00313	0.12141	0.19295	0.00653	0.00789
15	0.01374	0.00796	0.00804	0.00776	0.00994	0.00779	0.00589	0.05037	0.01727	0.02755	0.03626	0.03792	0.17016	0.01121	0.00626	0.00198	0.00386	0.00909	0.55971	0.00723
16	0.01762	0.01738	0.03122	0.19641	0.43730	0.01794	0.12548	0.02256	0.01689	0.02347	0.01426	0.01938	0.01150	0.00689	0.00776	0.00236	0.00987	0.00711	0.00368	0.01091
17	0.08374	0.44587	0.09422	0.01690	0.02381	0.02560	0.11839	0.07189	0.01721	0.02307	0.01218	0.01432	0.01013	0.00678	0.00593	0.00195	0.00897	0.00520	0.00379	0.01006
18	0.00996	0.00775	0.01179	0.01234	0.01338	0.00724	0.06112	0.01170	0.01480	0.01977	0.03961	0.66972	0.04696	0.02232	0.00962	0.00304	0.00510	0.02052	0.00678	0.00650
19	0.01967	0.46766	0.22618	0.01653	0.04390	0.02485	0.01750	0.02403	0.01605	0.06365	0.01280	0.01437	0.01036	0.00689	0.00580	0.00191	0.00892	0.00482	0.00365	0.01044
20	0.02084	0.01391	0.01666	0.01220	0.01869	0.01131	0.00987	0.06937	0.01853	0.17814	0.01757	0.01820	0.01307	0.00673	0.00622	0.00149	0.00600	0.00538	0.00583	0.55001
21	0.07975	0.01683	0.01712	0.01489	0.01954	0.06623	0.01172	0.03749	0.42870	0.18111	0.02778	0.02550	0.02009	0.00967	0.00741	0.00246	0.00665	0.00776	0.00760	0.01170
22	0.22725	0.08484	0.01922	0.01343	0.01910	0.01730	0.01131	0.17380	0.02199	0.30937	0.02037	0.01927	0.01383	0.00844	0.00659	0.00226	0.00689	0.00619	0.00717	0.01138
23	0.01607	0.01705	0.01398	0.01332	0.01575	0.23275	0.01007	0.01831	0.01669	0.01899	0.05661	0.03606	0.16949	0.05050	0.27347	0.00616	0.01338	0.00918	0.00488	0.00729
24	0.01290	0.00813	0.01055	0.00970	0.01183	0.00748	0.00736	0.01642	0.02111	0.08513	0.58322	0.05217	0.06364	0.01454	0.00859	0.00234	0.00381	0.01276	0.06068	0.00763
25	0.01047	0.00774	0.00977	0.00926	0.01117	0.00704	0.00695	0.01380	0.02084	0.02892	0.59066	0.05913	0.16396	0.01607	0.00895	0.00241	0.00362	0.01406	0.00815	0.00704
26	0.00924	0.00660	0.00880	0.01056	0.01100	0.00616	0.00704	0.01056	0.01452	0.01936	0.04181	0.72848	0.05017	0.02376	0.00968	0.00308	0.00440	0.02156	0.00704	0.00616
27	0.01659	0.01659	0.02323	0.01991	0.01991	0.02323	0.01659	0.01825	0.01162	0.01825	0.00996	0.01659	0.00996	0.01328	0.02489	0.00332	0.71955	0.00664	0.00332	0.00830
28	0.01790	0.02046	0.04476	0.03197	0.03964	0.01918	0.65857	0.02430	0.01790	0.02430	0.01535	0.02046	0.01151	0.00639	0.00895	0.00256	0.01279	0.00895	0.00384	0.01023
29	0.08848	0.01494	0.01830	0.01414	0.01996	0.01440	0.01168	0.17790	0.02424	0.49630	0.02583	0.02309	0.01666	0.00915	0.00740	0.00233	0.00684	0.00719	0.00863	0.01256
30	0.02028	0.73799	0.03975	0.01298	0.01947	0.03001	0.01298	0.02271	0.01541	0.01785	0.01055	0.01217	0.00973	0.00649	0.00487	0.00162	0.00811	0.00406	0.00324	0.00973
31	0.00967	0.00771	0.00866	0.00843	0.01068	0.00670	0.00632	0.01225	0.01896	0.02445	0.31823	0.06648	0.43918	0.01773	0.00896	0.00249	0.00374	0.01509	0.00756	0.00670
32	0.78701	0.01467	0.01115	0.00997	0.01467	0.01702	0.00821	0.02230	0.01291	0.03403	0.01056	0.01232	0.00821	0.00704	0.00469	0.00235	0.00587	0.00411	0.00469	0.00821
33	0.01558	0.08954	0.64702	0.02100	0.03187	0.01851	0.02694	0.02393	0.01597	0.02358	0.01339	0.01574	0.00962	0.00715	0.00704	0.00235	0.01099	0.00549	0.00321	0.01110
34	0.01085	0.00806	0.01185	0.01185	0.01308	0.00929	0.00905	0.01332	0.01209	0.01735	0.02063	0.03154	0.01972	0.11616	0.64513	0.01177	0.01918	0.00838	0.00411	0.00658
35	0.00924	0.00660	0.00880	0.01056	0.01100	0.00616	0.00704	0.01056	0.01452	0.01936	0.04181	0.72848	0.05017	0.02376	0.00968	0.00308	0.00440	0.02156	0.00704	0.00616
36	0.01432	0.01348	0.02275	0.71520	0.05224	0.01685	0.02107	0.01938	0.01517	0.01938	0.01348	0.02022	0.01011	0.00758	0.00758	0.00253	0.01011	0.00674	0.00337	0.00843
37	0.20676	0.17606	0.01741	0.01067	0.01436	0.01529	0.00894	0.01927	0.04428	0.02851	0.33549	0.03433	0.03974	0.01113	0.00691	0.00221	0.00528	0.00891	0.00625	0.00820
38	0.01372	0.03110	0.52328	0.01886	0.02739	0.01476	0.02279	0.02067	0.01564	0.02286	0.02064	0.19363	0.01972	0.01133	0.00782	0.00257	0.00951	0.00958	0.00416	0.00995
39	0.01869	0.39951	0.19774	0.01569	0.02286	0.02438	0.01651	0.02704	0.16512	0.02255	0.01594	0.01680	0.01276	0.00753	0.00610	0.00203	0.00840	0.00547	0.00425	0.01062
40	0.01485	0.17822	0.40098	0.01664	0.02489	0.01766	0.01981	0.02076	0.01618	0.02193	0.02736	0.02818	0.16294	0.00979	0.00712	0.00228	0.00888	0.00765	0.00409	0.00981
41	0.01321	0.18980	0.01792	0.01256	0.01504	0.01316	0.01064	0.01570	0.01595	0.02035	0.03334	0.28647	0.03742	0.01831	0.00881	0.00289	0.00638	0.26858	0.00607	0.00739
42	0.01709	0.01040	0.01225	0.01101	0.01318	0.01036	0.00794	0.11319	0.01780	0.12375	0.05807	0.07249	0.06306	0.36043	0.02298	0.00488	0.00687	0.06032	0.00635	0.00756

[dist]
# distance from previous block
# <min> <max>
0	1

# created by:
# /home/cegg/simao/soft/augustus-3.2.1/scripts/msa2prfl.pl ./align_prep/22080.fa
