[name]
unknown

[dist]
# distance from previous block
# <min> <max>
2	335

[block]
# block no. 0 follows, 23 sequences, length 27
# corresponding to MSA columns:
# 339-365
name=unknown_A
#
# <colnr> <probs for GDERKNQSTAVLIFYWHMCP>
#	G	D	E	R	K	N	Q	S	T	A	V	L	I	F	Y	W	H	M	C	P
0	0.02729	0.01493	0.01956	0.12203	0.02589	0.01474	0.01353	0.14401	0.02437	0.31852	0.10520	0.02847	0.02396	0.01019	0.00815	0.00243	0.00744	0.00841	0.00810	0.07278
1	0.28858	0.01841	0.01810	0.01508	0.02053	0.02076	0.01223	0.23247	0.19563	0.06952	0.02087	0.02058	0.01532	0.00932	0.00707	0.00255	0.00722	0.00683	0.00716	0.01178
2	0.02041	0.01700	0.01791	0.01572	0.02035	0.01914	0.01234	0.13262	0.46651	0.03501	0.03763	0.03512	0.11023	0.01212	0.00842	0.00270	0.00650	0.00997	0.00814	0.01217
3	0.01180	0.00787	0.00885	0.00885	0.00885	0.00787	0.00492	0.01180	0.01180	0.01573	0.02557	0.05310	0.02950	0.71483	0.04130	0.00787	0.00787	0.01180	0.00492	0.00492
4	0.02940	0.13280	0.02722	0.01791	0.02448	0.02626	0.01518	0.54038	0.03473	0.04608	0.01819	0.01846	0.01326	0.00930	0.00766	0.00232	0.00889	0.00684	0.00738	0.01326
5	0.01736	0.01490	0.01707	0.01273	0.01952	0.01230	0.01012	0.02401	0.11675	0.02763	0.01736	0.01895	0.01403	0.00680	0.00636	0.00145	0.00607	0.00550	0.00535	0.64574
6	0.02250	0.41824	0.21547	0.01656	0.02482	0.02520	0.01809	0.02710	0.01773	0.12371	0.01547	0.01648	0.01190	0.00765	0.00637	0.00209	0.00933	0.00541	0.00450	0.01139
7	0.65263	0.01549	0.01389	0.11879	0.02204	0.01818	0.01096	0.02336	0.01419	0.03393	0.01179	0.01452	0.00911	0.00762	0.00551	0.00254	0.00699	0.00484	0.00480	0.00882
8	0.01559	0.01469	0.02481	0.65983	0.08934	0.01810	0.02266	0.02096	0.01635	0.02105	0.01447	0.02155	0.01093	0.00806	0.00811	0.00269	0.01075	0.00721	0.00363	0.00923
9	0.01127	0.00986	0.01223	0.01506	0.11420	0.00879	0.00925	0.01371	0.01823	0.02254	0.06830	0.12510	0.50456	0.01888	0.00941	0.00274	0.00504	0.01609	0.00698	0.00777
10	0.13188	0.00910	0.00934	0.00914	0.00993	0.00950	0.00553	0.01370	0.01212	0.01900	0.02331	0.04680	0.02623	0.60314	0.03557	0.00702	0.00762	0.01063	0.00493	0.00553
11	0.01930	0.02148	0.04552	0.03666	0.14061	0.02032	0.53844	0.02582	0.01905	0.02607	0.01623	0.02160	0.01240	0.00690	0.00933	0.00268	0.01304	0.00921	0.00409	0.01125
12	0.01139	0.00829	0.01071	0.01011	0.01206	0.00762	0.00758	0.01513	0.02274	0.03200	0.63084	0.06149	0.10599	0.01679	0.00957	0.00256	0.00384	0.01480	0.00886	0.00762
13	0.01627	0.04197	0.67279	0.02313	0.03512	0.01884	0.02998	0.02570	0.01713	0.02570	0.01456	0.01713	0.01028	0.00771	0.00771	0.00257	0.01199	0.00600	0.00343	0.01199
14	0.01159	0.00869	0.01304	0.01304	0.01449	0.01014	0.01014	0.01449	0.01304	0.01884	0.02173	0.03188	0.02029	0.06086	0.68268	0.01304	0.02173	0.00869	0.00435	0.00724
15	0.03641	0.01381	0.01883	0.01444	0.02071	0.01193	0.01193	0.03954	0.02322	0.66984	0.03201	0.02762	0.02009	0.01004	0.00816	0.00251	0.00690	0.00816	0.01004	0.01381
16	0.05541	0.01929	0.02683	0.03359	0.34919	0.02035	0.01933	0.16240	0.13907	0.06304	0.02005	0.02188	0.01541	0.00862	0.00797	0.00249	0.00862	0.00753	0.00601	0.01293
17	0.02008	0.01928	0.03294	0.04981	0.66422	0.01928	0.02490	0.02490	0.01848	0.02651	0.01526	0.02008	0.01285	0.00723	0.00803	0.00241	0.00964	0.00723	0.00402	0.01285
18	0.03641	0.01381	0.01883	0.01444	0.02071	0.01193	0.01193	0.03954	0.02322	0.66984	0.03201	0.02762	0.02009	0.01004	0.00816	0.00251	0.00690	0.00816	0.01004	0.01381
19	0.01148	0.00829	0.01085	0.01021	0.01212	0.00766	0.00766	0.01531	0.02297	0.03254	0.65994	0.06061	0.07656	0.01659	0.00957	0.00255	0.00383	0.01467	0.00893	0.00766
20	0.01926	0.06588	0.55734	0.02156	0.03256	0.01844	0.02685	0.02754	0.01794	0.11371	0.01682	0.01840	0.01163	0.00800	0.00767	0.00253	0.01116	0.00622	0.00433	0.01218
21	0.02794	0.03632	0.11337	0.02154	0.02727	0.47705	0.04615	0.10828	0.02395	0.02493	0.01388	0.01593	0.01094	0.00838	0.00758	0.00223	0.01350	0.00580	0.00458	0.01039
22	0.03303	0.01922	0.02218	0.01701	0.02341	0.01996	0.01405	0.40230	0.03228	0.29428	0.02441	0.02268	0.01627	0.00986	0.00813	0.00246	0.00813	0.00764	0.00887	0.01380
23	0.67055	0.01666	0.01363	0.01177	0.01699	0.01916	0.00970	0.10791	0.01715	0.03843	0.01242	0.01404	0.00947	0.00783	0.00545	0.00250	0.00664	0.00479	0.00545	0.00947
24	0.01995	0.01762	0.02044	0.01760	0.02258	0.01978	0.05825	0.04083	0.57467	0.03302	0.03097	0.02905	0.02328	0.01048	0.00825	0.00268	0.00693	0.00901	0.00780	0.04681
25	0.02413	0.01348	0.01610	0.01362	0.01817	0.01346	0.01081	0.05295	0.20778	0.27171	0.13564	0.03728	0.07728	0.01210	0.00836	0.00256	0.00593	0.01009	0.05694	0.01163
26	0.01004	0.00804	0.00901	0.00945	0.01157	0.00701	0.00699	0.01223	0.01832	0.02287	0.13069	0.21259	0.43744	0.02130	0.00984	0.00289	0.00439	0.05074	0.00767	0.00691

[dist]
# distance from previous block
# <min> <max>
0	5

[block]
# block no. 1 follows, 23 sequences, length 7
# corresponding to MSA columns:
# 371-377
name=unknown_B
#
# <colnr> <probs for GDERKNQSTAVLIFYWHMCP>
#	G	D	E	R	K	N	Q	S	T	A	V	L	I	F	Y	W	H	M	C	P
0	0.69083	0.01482	0.01146	0.01034	0.01502	0.01706	0.00845	0.02332	0.01415	0.03574	0.01293	0.01502	0.01008	0.00774	0.00509	0.00244	0.00601	0.00473	0.08611	0.00866
1	0.01020	0.00813	0.00918	0.00944	0.01164	0.00711	0.00705	0.01260	0.01895	0.02394	0.18608	0.16572	0.42556	0.02059	0.00979	0.00284	0.00434	0.05203	0.00780	0.00700
2	0.02270	0.02222	0.02809	0.09981	0.35296	0.15566	0.02099	0.02654	0.01886	0.07235	0.01536	0.01941	0.01246	0.00855	0.01001	0.00251	0.08883	0.00687	0.00441	0.01140
3	0.01786	0.00836	0.00901	0.00845	0.01090	0.00812	0.00647	0.02156	0.01781	0.11235	0.02718	0.02991	0.02071	0.00953	0.00599	0.00197	0.00418	0.00764	0.66363	0.00836
4	0.02262	0.01964	0.02756	0.06993	0.24766	0.02109	0.06520	0.19214	0.18443	0.03457	0.02095	0.02275	0.01598	0.00888	0.00823	0.00255	0.00901	0.00792	0.00617	0.01273
5	0.02332	0.59132	0.03884	0.01521	0.02163	0.15468	0.01422	0.02583	0.01771	0.01924	0.01152	0.01332	0.01042	0.00721	0.00560	0.00180	0.00980	0.00451	0.00360	0.01022
6	0.77215	0.01569	0.01193	0.01067	0.01569	0.01820	0.00879	0.02385	0.01381	0.03641	0.01130	0.01318	0.00879	0.00753	0.00502	0.00251	0.00628	0.00439	0.00502	0.00879

[dist]
# distance from previous block
# <min> <max>
0	1

[block]
# block no. 2 follows, 23 sequences, length 17
# corresponding to MSA columns:
# 379-395
name=unknown_C
#
# <colnr> <probs for GDERKNQSTAVLIFYWHMCP>
#	G	D	E	R	K	N	Q	S	T	A	V	L	I	F	Y	W	H	M	C	P
0	0.01119	0.00828	0.01043	0.00989	0.01194	0.00753	0.00742	0.01473	0.02226	0.03086	0.56866	0.06337	0.16888	0.01721	0.00957	0.00258	0.00387	0.01506	0.00871	0.00753
1	0.01069	0.00820	0.00979	0.00952	0.01167	0.00730	0.00709	0.01372	0.02089	0.02793	0.41053	0.10213	0.29406	0.01855	0.00962	0.00266	0.00398	0.01604	0.00833	0.00730
2	0.01088	0.00786	0.01050	0.01226	0.01332	0.00748	0.00921	0.01308	0.01673	0.02193	0.04657	0.47229	0.09044	0.02415	0.01058	0.00340	0.00555	0.20937	0.00751	0.00689
3	0.44630	0.01451	0.01433	0.01194	0.01727	0.01519	0.00982	0.02961	0.01761	0.27968	0.02012	0.01970	0.01381	0.00861	0.00627	0.00248	0.00638	0.00602	0.04972	0.01065
4	0.01649	0.00927	0.01208	0.01079	0.01352	0.00845	0.00830	0.02019	0.02252	0.15265	0.48874	0.05186	0.06127	0.01476	0.00898	0.00249	0.00440	0.01285	0.07157	0.00881
5	0.01931	0.03783	0.55782	0.02199	0.03299	0.01886	0.02712	0.08400	0.01960	0.08162	0.01647	0.01822	0.01142	0.00809	0.00778	0.00255	0.01128	0.00630	0.00441	0.01231
6	0.02097	0.02097	0.03207	0.04729	0.60865	0.07692	0.02410	0.02555	0.01887	0.02593	0.01503	0.01961	0.01264	0.00733	0.00797	0.00238	0.01007	0.00706	0.00403	0.01255
7	0.01596	0.01353	0.01593	0.01525	0.05876	0.01312	0.01083	0.02542	0.22123	0.02810	0.08485	0.12880	0.09369	0.01279	0.00813	0.00234	0.00582	0.01101	0.00687	0.22757
8	0.01030	0.00754	0.00977	0.01141	0.01238	0.00701	0.00814	0.01212	0.01637	0.02138	0.04945	0.53826	0.13324	0.02435	0.01038	0.00328	0.00502	0.10533	0.00752	0.00675
9	0.01661	0.01602	0.01755	0.01603	0.01880	0.13292	0.07969	0.07327	0.01997	0.02470	0.07496	0.36855	0.07180	0.01800	0.00942	0.00286	0.00781	0.01604	0.00668	0.00832
10	0.02776	0.02244	0.02439	0.01941	0.02426	0.06123	0.01598	0.45984	0.03132	0.04204	0.01704	0.01881	0.01288	0.01071	0.01239	0.00268	0.17043	0.00714	0.00684	0.01241
11	0.08731	0.01848	0.02945	0.04255	0.54215	0.01835	0.02194	0.02437	0.01789	0.02739	0.01482	0.01914	0.01241	0.00714	0.00756	0.00230	0.00898	0.00674	0.00419	0.08686
12	0.01239	0.00874	0.01177	0.01328	0.01461	0.00868	0.01076	0.01510	0.01694	0.02217	0.03992	0.17047	0.04442	0.15354	0.01677	0.00445	0.00716	0.41495	0.00700	0.00687
13	0.01028	0.00750	0.00968	0.01070	0.01178	0.00690	0.00743	0.01240	0.01781	0.02398	0.21233	0.47417	0.11985	0.02259	0.01007	0.00304	0.00441	0.02024	0.00791	0.00690
14	0.01170	0.00842	0.01119	0.01116	0.01299	0.00792	0.00867	0.01538	0.02175	0.03033	0.50985	0.10191	0.06967	0.01817	0.00992	0.00282	0.00456	0.12743	0.00858	0.00756
15	0.02448	0.08742	0.07963	0.01478	0.02189	0.01582	0.01326	0.08201	0.06119	0.21831	0.02095	0.02076	0.01506	0.00809	0.00705	0.00197	0.00736	0.00636	0.00661	0.28702
16	0.45177	0.01870	0.01651	0.01549	0.05411	0.07659	0.01164	0.08856	0.10214	0.07143	0.01649	0.01739	0.01241	0.00841	0.00630	0.00249	0.00750	0.00576	0.00591	0.01038

[dist]
# distance from previous block
# <min> <max>
0	2

[block]
# block no. 3 follows, 23 sequences, length 122
# corresponding to MSA columns:
# 398-519
name=unknown_D
#
# <colnr> <probs for GDERKNQSTAVLIFYWHMCP>
#	G	D	E	R	K	N	Q	S	T	A	V	L	I	F	Y	W	H	M	C	P
0	0.02592	0.02028	0.02158	0.01767	0.02328	0.02286	0.01423	0.36254	0.32079	0.04319	0.02574	0.02447	0.01887	0.01033	0.00818	0.00258	0.00777	0.00817	0.00818	0.01336
1	0.09608	0.02307	0.02066	0.01853	0.02075	0.24921	0.01469	0.02346	0.01634	0.02119	0.01349	0.01892	0.01224	0.02043	0.14319	0.00475	0.26371	0.00649	0.00407	0.00874
2	0.01705	0.01618	0.02746	0.46106	0.27666	0.01848	0.02339	0.02225	0.01704	0.02283	0.01473	0.02107	0.01156	0.00779	0.00808	0.00260	0.01039	0.00722	0.00375	0.01041
3	0.01574	0.01499	0.02443	0.57956	0.04995	0.01920	0.02171	0.02053	0.01557	0.02053	0.01377	0.02097	0.01079	0.00916	0.01129	0.00285	0.12919	0.00719	0.00360	0.00899
4	0.01072	0.00881	0.00950	0.00923	0.01188	0.00788	0.00695	0.01451	0.05893	0.02529	0.22186	0.07079	0.47692	0.01898	0.00950	0.00269	0.00418	0.01602	0.00793	0.00742
5	0.01728	0.01514	0.02128	0.01860	0.01930	0.02018	0.01524	0.01932	0.01319	0.05804	0.01494	0.02277	0.01405	0.04961	0.17260	0.00576	0.48219	0.00769	0.00417	0.00866
6	0.06596	0.01687	0.01834	0.01542	0.02028	0.05775	0.01234	0.07193	0.21654	0.26288	0.03239	0.03025	0.07645	0.01128	0.00925	0.00264	0.05048	0.00877	0.00811	0.01204
7	0.01105	0.00822	0.00968	0.00932	0.01152	0.00736	0.00699	0.01424	0.02096	0.02858	0.40987	0.06482	0.28228	0.01753	0.00931	0.00257	0.00393	0.01507	0.05934	0.00736
8	0.07082	0.43377	0.03434	0.01551	0.02177	0.02881	0.01425	0.19817	0.02222	0.02931	0.01357	0.01516	0.01129	0.00823	0.00736	0.00210	0.05189	0.00536	0.00489	0.01118
9	0.01925	0.02246	0.17014	0.24738	0.18025	0.01896	0.02282	0.06379	0.06152	0.06462	0.01713	0.02095	0.01283	0.00846	0.00868	0.00261	0.03499	0.00714	0.00464	0.01138
10	0.05357	0.01663	0.02287	0.06197	0.02217	0.02270	0.01656	0.01917	0.01268	0.02011	0.01215	0.02070	0.01213	0.07143	0.02564	0.00380	0.56608	0.00737	0.00374	0.00855
11	0.01750	0.01028	0.01236	0.01084	0.01432	0.00923	0.00846	0.05138	0.02206	0.17678	0.25570	0.05771	0.28898	0.01627	0.00918	0.00261	0.00491	0.01375	0.00860	0.00908
12	0.72595	0.01613	0.01270	0.01117	0.01628	0.01864	0.00920	0.06207	0.01533	0.03732	0.01181	0.01357	0.00910	0.00767	0.00521	0.00251	0.00644	0.00458	0.00521	0.00910
13	0.01534	0.00884	0.01132	0.01112	0.01341	0.00802	0.00832	0.01803	0.01940	0.13624	0.20450	0.26864	0.12593	0.01866	0.00941	0.00283	0.00487	0.04754	0.05933	0.00825
14	0.03054	0.01473	0.01853	0.01461	0.02013	0.01405	0.01191	0.15326	0.04509	0.41919	0.13743	0.03176	0.02869	0.01114	0.00840	0.00251	0.00676	0.00914	0.00942	0.01272
15	0.01790	0.01263	0.01657	0.01475	0.01839	0.01251	0.04834	0.13671	0.02365	0.08421	0.16808	0.05991	0.13775	0.01656	0.00968	0.00293	0.00681	0.19534	0.00791	0.00935
16	0.17829	0.01574	0.01762	0.01452	0.02007	0.01632	0.01176	0.07083	0.20430	0.32390	0.02747	0.02505	0.01884	0.00981	0.00756	0.00258	0.00675	0.00766	0.00841	0.01253
17	0.77215	0.01569	0.01193	0.01067	0.01569	0.01820	0.00879	0.02385	0.01381	0.03641	0.01130	0.01318	0.00879	0.00753	0.00502	0.00251	0.00628	0.00439	0.00502	0.00879
18	0.01074	0.00758	0.00987	0.01089	0.01139	0.00757	0.00722	0.01199	0.01402	0.01894	0.03520	0.40227	0.04091	0.23197	0.13483	0.00630	0.00855	0.01732	0.00622	0.00622
19	0.01424	0.00990	0.01215	0.01146	0.01389	0.00960	0.00859	0.05080	0.07377	0.06846	0.36774	0.17956	0.11328	0.01742	0.00945	0.00272	0.00469	0.01526	0.00851	0.00850
20	0.02840	0.01548	0.01900	0.01424	0.02090	0.01367	0.01165	0.12938	0.02332	0.33615	0.02360	0.02238	0.01614	0.00853	0.00737	0.00202	0.00691	0.00680	0.00783	0.28622
21	0.02169	0.71972	0.04252	0.01388	0.02083	0.03211	0.01388	0.02430	0.01649	0.01909	0.01128	0.01302	0.01041	0.00694	0.00521	0.00174	0.00868	0.00434	0.00347	0.01041
22	0.59265	0.01523	0.01361	0.01159	0.01692	0.01667	0.00955	0.02768	0.01611	0.19094	0.01635	0.01670	0.01154	0.00814	0.00579	0.00251	0.00643	0.00531	0.00625	0.01001
23	0.01532	0.01442	0.02434	0.69533	0.05589	0.01803	0.02253	0.02073	0.01622	0.02073	0.01442	0.02163	0.01082	0.00811	0.00811	0.00270	0.01082	0.00721	0.00361	0.00901
24	0.01685	0.01785	0.03707	0.02744	0.03366	0.01706	0.44568	0.02262	0.01860	0.02562	0.10126	0.02865	0.02206	0.01739	0.12519	0.00448	0.01378	0.01009	0.00478	0.00988
25	0.01410	0.00934	0.01152	0.01161	0.01362	0.00886	0.00841	0.06993	0.01954	0.07872	0.12218	0.41627	0.14269	0.02093	0.00976	0.00298	0.00507	0.01850	0.00796	0.00800
26	0.01122	0.00828	0.01048	0.00993	0.01196	0.00754	0.00745	0.01480	0.02234	0.03105	0.57884	0.06307	0.15859	0.01714	0.00957	0.00258	0.00387	0.01502	0.00874	0.00754
27	0.10839	0.14794	0.02614	0.01854	0.02369	0.33665	0.05606	0.06699	0.02105	0.06264	0.01453	0.01668	0.01169	0.01088	0.04262	0.00274	0.01219	0.00577	0.00475	0.01004
28	0.01532	0.01442	0.02434	0.69533	0.05589	0.01803	0.02253	0.02073	0.01622	0.02073	0.01442	0.02163	0.01082	0.00811	0.00811	0.00270	0.01082	0.00721	0.00361	0.00901
29	0.07297	0.01425	0.01832	0.01440	0.02024	0.01308	0.01177	0.09004	0.02354	0.53726	0.03066	0.07236	0.02121	0.01093	0.00814	0.00256	0.00690	0.00890	0.00944	0.01305
30	0.01457	0.01331	0.02174	0.56454	0.04774	0.01610	0.01994	0.01957	0.01697	0.02183	0.06409	0.03208	0.05701	0.01034	0.00849	0.00276	0.00973	0.04604	0.00445	0.00869
31	0.01771	0.22174	0.50561	0.02068	0.03133	0.02236	0.02571	0.02533	0.01696	0.02394	0.01369	0.01604	0.01031	0.00751	0.00705	0.00235	0.01111	0.00556	0.00344	0.01157
32	0.01653	0.03781	0.56150	0.02281	0.03275	0.01988	0.02788	0.02464	0.01632	0.02464	0.01389	0.01724	0.01034	0.00882	0.01096	0.00274	0.13016	0.00619	0.00345	0.01146
33	0.03021	0.01349	0.01707	0.01365	0.01892	0.01263	0.01108	0.07601	0.07508	0.44652	0.06358	0.02942	0.02314	0.01036	0.00787	0.00244	0.00637	0.00844	0.12125	0.01247
34	0.02340	0.05793	0.05947	0.01517	0.02001	0.01553	0.01300	0.19071	0.02456	0.18447	0.08168	0.16669	0.03085	0.01430	0.00877	0.00271	0.00724	0.06462	0.00790	0.01099
35	0.14869	0.11974	0.02675	0.02187	0.08137	0.33904	0.06631	0.06194	0.02076	0.02528	0.01312	0.01554	0.01073	0.00789	0.00696	0.00221	0.01165	0.00563	0.00442	0.01011
36	0.01211	0.00824	0.01185	0.01185	0.01277	0.00916	0.00865	0.01328	0.01236	0.01740	0.02093	0.03414	0.02068	0.16694	0.44808	0.15568	0.01654	0.00891	0.00429	0.00613
37	0.01851	0.05623	0.14228	0.09163	0.40002	0.01915	0.06541	0.02405	0.01802	0.02527	0.01850	0.02254	0.04632	0.00805	0.00803	0.00247	0.01007	0.00756	0.00405	0.01184
38	0.02003	0.17141	0.27012	0.03036	0.25943	0.02130	0.02370	0.02599	0.01787	0.06497	0.01523	0.01801	0.01185	0.00752	0.00734	0.00234	0.01014	0.00624	0.00406	0.01209
39	0.02605	0.03154	0.02656	0.02237	0.02723	0.44956	0.13325	0.03122	0.08467	0.02319	0.05395	0.02032	0.01618	0.00883	0.00798	0.00231	0.01299	0.00701	0.00486	0.00994
40	0.01163	0.00855	0.01232	0.01232	0.01352	0.00975	0.00925	0.01403	0.01283	0.01830	0.02239	0.03552	0.02187	0.17319	0.57251	0.01215	0.01935	0.00923	0.00444	0.00684
41	0.77215	0.01569	0.01193	0.01067	0.01569	0.01820	0.00879	0.02385	0.01381	0.03641	0.01130	0.01318	0.00879	0.00753	0.00502	0.00251	0.00628	0.00439	0.00502	0.00879
42	0.04320	0.02161	0.13083	0.01654	0.02263	0.01904	0.01525	0.27742	0.12870	0.03846	0.06399	0.02780	0.05801	0.01057	0.00790	0.00248	0.00783	0.00836	0.08765	0.01174
43	0.04110	0.06544	0.13690	0.02457	0.17069	0.01806	0.05053	0.11104	0.02049	0.04718	0.01631	0.01895	0.01268	0.00755	0.00721	0.00211	0.00876	0.00637	0.04574	0.18833
44	0.01039	0.00845	0.00934	0.00967	0.01219	0.00739	0.00762	0.01289	0.01880	0.02303	0.10953	0.07969	0.50393	0.02068	0.00991	0.00293	0.00476	0.13417	0.00761	0.00702
45	0.01683	0.01442	0.01683	0.01202	0.01923	0.01082	0.00961	0.02043	0.01683	0.02644	0.01442	0.01683	0.01202	0.00601	0.00601	0.00120	0.00601	0.00481	0.00481	0.76444
46	0.01683	0.01442	0.01683	0.01202	0.01923	0.01082	0.00961	0.02043	0.01683	0.02644	0.01442	0.01683	0.01202	0.00601	0.00601	0.00120	0.00601	0.00481	0.00481	0.76444
47	0.07040	0.06389	0.06852	0.08137	0.11851	0.02187	0.12049	0.05791	0.09442	0.02660	0.01608	0.02006	0.01297	0.00957	0.01249	0.00279	0.17924	0.00738	0.00461	0.01081
48	0.01209	0.00921	0.01129	0.01121	0.01331	0.00894	0.00846	0.01745	0.09218	0.02866	0.35979	0.16659	0.14496	0.01839	0.00968	0.00282	0.00460	0.06410	0.00832	0.00795
49	0.00989	0.00706	0.00942	0.01130	0.01177	0.00659	0.00753	0.01130	0.01554	0.02071	0.04472	0.70954	0.05367	0.02542	0.01036	0.00330	0.00471	0.02307	0.00753	0.00659
50	0.08629	0.01394	0.01836	0.01418	0.02037	0.01235	0.01171	0.03848	0.02259	0.62689	0.03061	0.02664	0.01932	0.00987	0.00795	0.00251	0.00686	0.00790	0.00970	0.01347
51	0.02073	0.31257	0.27559	0.01996	0.02875	0.05604	0.08874	0.02635	0.01776	0.06310	0.01443	0.01653	0.01118	0.00748	0.00691	0.00222	0.01064	0.00582	0.00397	0.01122
52	0.01671	0.01516	0.02434	0.63505	0.05315	0.01866	0.02190	0.07565	0.01818	0.02344	0.01487	0.02144	0.01108	0.00826	0.00811	0.00268	0.01065	0.00722	0.00401	0.00944
53	0.01159	0.00828	0.01137	0.01325	0.01446	0.00806	0.01049	0.01424	0.01722	0.02262	0.04378	0.37925	0.04994	0.02381	0.01081	0.00353	0.00618	0.33653	0.00750	0.00706
54	0.44661	0.01776	0.01676	0.01370	0.01935	0.01974	0.01130	0.22491	0.02280	0.11412	0.01634	0.01689	0.01172	0.00854	0.00639	0.00249	0.00721	0.00577	0.00661	0.01099
55	0.01943	0.02159	0.07664	0.02832	0.03563	0.02002	0.41783	0.06641	0.12539	0.02845	0.01960	0.02346	0.01485	0.01105	0.05003	0.00334	0.01256	0.00910	0.00502	0.01128
56	0.01169	0.00832	0.01113	0.01113	0.01192	0.00911	0.00776	0.01326	0.01248	0.01742	0.02348	0.04155	0.02449	0.35899	0.39029	0.01068	0.01541	0.01011	0.00461	0.00618
57	0.01320	0.00873	0.01143	0.01071	0.01295	0.00802	0.00822	0.01691	0.02256	0.07486	0.55908	0.06088	0.09197	0.01664	0.00957	0.00263	0.00427	0.05045	0.00887	0.00803
58	0.01775	0.01775	0.02485	0.02130	0.02130	0.02485	0.01775	0.01953	0.01243	0.01953	0.01065	0.01775	0.01065	0.01420	0.02663	0.00355	0.69998	0.00710	0.00355	0.00888
59	0.01289	0.01096	0.01902	0.01667	0.01928	0.01193	0.11743	0.01647	0.01409	0.02007	0.02082	0.03016	0.01892	0.05158	0.56706	0.01127	0.02035	0.00885	0.00431	0.00788
60	0.01174	0.00810	0.01005	0.01005	0.01046	0.00852	0.00641	0.01257	0.01216	0.01662	0.02447	0.04702	0.02686	0.52761	0.22492	0.00935	0.01184	0.01091	0.00475	0.00558
61	0.02018	0.01743	0.01835	0.01651	0.02110	0.02018	0.01284	0.04312	0.64956	0.03394	0.03303	0.03027	0.02477	0.01101	0.00826	0.00275	0.00642	0.00917	0.00826	0.01284
62	0.01077	0.00722	0.00903	0.01047	0.01132	0.00677	0.00713	0.01263	0.01597	0.02242	0.04382	0.55518	0.08426	0.02239	0.00951	0.00302	0.00451	0.02005	0.13676	0.00677
63	0.01606	0.01445	0.01805	0.01636	0.01767	0.05779	0.01298	0.05493	0.01487	0.02084	0.01755	0.02697	0.01674	0.09257	0.32188	0.00804	0.25168	0.00810	0.00434	0.00814
64	0.72475	0.01526	0.01200	0.01082	0.01562	0.01770	0.00887	0.02327	0.01376	0.03531	0.01195	0.01435	0.00950	0.01086	0.04725	0.00317	0.00724	0.00466	0.00498	0.00869
65	0.20481	0.01851	0.01986	0.01558	0.02167	0.01971	0.01287	0.32144	0.02817	0.22695	0.02121	0.02037	0.01446	0.00931	0.00741	0.00247	0.00773	0.00688	0.00796	0.01264
66	0.01251	0.00820	0.01061	0.01100	0.01269	0.00760	0.00793	0.01478	0.01792	0.07679	0.17170	0.36026	0.15033	0.02474	0.06979	0.00386	0.00613	0.01791	0.00774	0.00750
67	0.01532	0.01442	0.02434	0.69533	0.05589	0.01803	0.02253	0.02073	0.01622	0.02073	0.01442	0.02163	0.01082	0.00811	0.00811	0.00270	0.01082	0.00721	0.00361	0.00901
68	0.01683	0.01442	0.01683	0.01202	0.01923	0.01082	0.00961	0.02043	0.01683	0.02644	0.01442	0.01683	0.01202	0.00601	0.00601	0.00120	0.00601	0.00481	0.00481	0.76444
69	0.01147	0.00773	0.00895	0.00927	0.00935	0.00765	0.00537	0.01171	0.01244	0.01659	0.02886	0.16585	0.03365	0.59642	0.03599	0.00708	0.00732	0.01374	0.00537	0.00520
70	0.77215	0.01569	0.01193	0.01067	0.01569	0.01820	0.00879	0.02385	0.01381	0.03641	0.01130	0.01318	0.00879	0.00753	0.00502	0.00251	0.00628	0.00439	0.00502	0.00879
71	0.02570	0.01425	0.01706	0.01435	0.01929	0.01432	0.01142	0.03646	0.26478	0.31384	0.09249	0.03576	0.07991	0.01187	0.00844	0.00263	0.00621	0.00987	0.00905	0.01231
72	0.03199	0.02268	0.02229	0.01774	0.02371	0.13399	0.01435	0.33770	0.05322	0.22548	0.02243	0.02141	0.01545	0.00964	0.00800	0.00241	0.00923	0.00726	0.00801	0.01301
73	0.01550	0.01039	0.01171	0.01072	0.01399	0.00984	0.00825	0.02149	0.12046	0.11101	0.18242	0.05742	0.31780	0.01618	0.00895	0.00262	0.00477	0.01361	0.05396	0.00892
74	0.01154	0.00826	0.01123	0.01263	0.01397	0.00796	0.00990	0.01439	0.01828	0.02448	0.16158	0.32449	0.05510	0.02246	0.01057	0.00334	0.00571	0.26918	0.00777	0.00717
75	0.01026	0.00779	0.00944	0.01011	0.01154	0.00721	0.00710	0.01216	0.01677	0.02177	0.11768	0.31589	0.25443	0.08303	0.07247	0.00428	0.00619	0.01799	0.00718	0.00671
76	0.14192	0.01408	0.01784	0.01390	0.01999	0.01283	0.01148	0.03729	0.02187	0.57899	0.02904	0.02555	0.01847	0.00968	0.00771	0.00251	0.00681	0.00762	0.00932	0.01309
77	0.56357	0.01618	0.01451	0.01222	0.01762	0.01794	0.01007	0.09636	0.01817	0.14497	0.01573	0.01634	0.01126	0.00821	0.00590	0.00250	0.00668	0.00536	0.00622	0.01021
78	0.01259	0.01021	0.01565	0.12654	0.02177	0.01237	0.01267	0.01584	0.01353	0.01919	0.01983	0.02930	0.01812	0.04921	0.53009	0.01074	0.06219	0.00835	0.00417	0.00764
79	0.02169	0.71972	0.04252	0.01388	0.02083	0.03211	0.01388	0.02430	0.01649	0.01909	0.01128	0.01302	0.01041	0.00694	0.00521	0.00174	0.00868	0.00434	0.00347	0.01041
80	0.01852	0.01888	0.10534	0.02056	0.02612	0.01614	0.17450	0.02335	0.01876	0.09757	0.15724	0.02908	0.02664	0.01060	0.01169	0.00261	0.12754	0.00910	0.00572	0.10004
81	0.02017	0.36400	0.10687	0.17261	0.03005	0.02444	0.01716	0.05326	0.01760	0.05495	0.01474	0.01904	0.01234	0.05171	0.00871	0.00251	0.00943	0.00600	0.00415	0.01027
82	0.01834	0.08488	0.17731	0.01732	0.02356	0.01953	0.01661	0.03395	0.37203	0.02933	0.02891	0.06449	0.03991	0.01120	0.00808	0.00267	0.00784	0.02569	0.00659	0.01177
83	0.14537	0.06357	0.02942	0.03925	0.47613	0.06201	0.02096	0.02517	0.01787	0.02726	0.01419	0.01815	0.01188	0.00733	0.00731	0.00236	0.00934	0.00645	0.00416	0.01181
84	0.02287	0.02103	0.07639	0.03723	0.35472	0.01925	0.13592	0.09650	0.02133	0.10783	0.01796	0.02107	0.01357	0.00782	0.00832	0.00250	0.01013	0.00770	0.00520	0.01266
85	0.01846	0.01363	0.01701	0.01495	0.01743	0.01608	0.01203	0.10322	0.07124	0.06756	0.02488	0.02891	0.05741	0.02348	0.16922	0.00513	0.18182	0.00845	0.13967	0.00943
86	0.02134	0.07842	0.09963	0.02110	0.08540	0.02042	0.05327	0.22339	0.02306	0.03203	0.01788	0.02264	0.01468	0.05423	0.08528	0.00394	0.07220	0.00744	0.05263	0.01100
87	0.00989	0.00706	0.00942	0.01130	0.01177	0.00659	0.00753	0.01130	0.01554	0.02071	0.04472	0.70954	0.05367	0.02542	0.01036	0.00330	0.00471	0.02307	0.00753	0.00659
88	0.01696	0.01714	0.02042	0.01813	0.02008	0.12634	0.05558	0.01967	0.01493	0.01969	0.01669	0.02431	0.01537	0.03519	0.33804	0.00782	0.21351	0.00772	0.00408	0.00832
89	0.01272	0.01001	0.01503	0.13042	0.02219	0.01030	0.03452	0.01659	0.01932	0.02608	0.24735	0.14709	0.05037	0.01781	0.00995	0.00306	0.00667	0.20552	0.00719	0.00781
90	0.01046	0.00810	0.00952	0.00948	0.01157	0.00717	0.00699	0.01320	0.02007	0.02641	0.32980	0.15094	0.32825	0.01944	0.00968	0.00273	0.00406	0.01681	0.00815	0.00717
91	0.01711	0.05828	0.54130	0.02171	0.03228	0.01948	0.02655	0.02865	0.12574	0.02691	0.01763	0.01926	0.01277	0.00825	0.00773	0.00258	0.01093	0.00649	0.00426	0.01209
92	0.01683	0.01442	0.01683	0.01202	0.01923	0.01082	0.00961	0.02043	0.01683	0.02644	0.01442	0.01683	0.01202	0.00601	0.00601	0.00120	0.00601	0.00481	0.00481	0.76444
93	0.03014	0.02446	0.02382	0.01883	0.02491	0.10932	0.01530	0.52398	0.07269	0.04609	0.01940	0.01950	0.01402	0.00964	0.00802	0.00241	0.00951	0.00715	0.00762	0.01318
94	0.77215	0.01569	0.01193	0.01067	0.01569	0.01820	0.00879	0.02385	0.01381	0.03641	0.01130	0.01318	0.00879	0.00753	0.00502	0.00251	0.00628	0.00439	0.00502	0.00879
95	0.01675	0.01378	0.01919	0.01570	0.01945	0.05342	0.11655	0.05744	0.02302	0.07441	0.39776	0.04724	0.08372	0.01374	0.00925	0.00255	0.00673	0.01244	0.00776	0.00908
96	0.02390	0.01581	0.01750	0.01451	0.01934	0.01667	0.01171	0.22889	0.14944	0.11596	0.02621	0.02873	0.01997	0.01038	0.00760	0.00237	0.00672	0.03948	0.18211	0.06273
97	0.01343	0.00930	0.01304	0.01267	0.01396	0.01049	0.00949	0.01558	0.01351	0.05789	0.02383	0.07558	0.02358	0.18862	0.42724	0.01015	0.05941	0.01006	0.00495	0.00722
98	0.02087	0.01862	0.08687	0.26366	0.07482	0.01812	0.01878	0.18116	0.02278	0.07116	0.01990	0.02641	0.01556	0.00965	0.00806	0.00259	0.00928	0.04805	0.07281	0.01085
99	0.01270	0.01005	0.01408	0.01347	0.01433	0.01213	0.01021	0.01472	0.01264	0.01822	0.02074	0.03447	0.02081	0.20755	0.41827	0.01019	0.13495	0.00915	0.00434	0.00697
100	0.01303	0.01043	0.01542	0.25877	0.02720	0.01207	0.01250	0.01565	0.01369	0.01825	0.02065	0.03685	0.02062	0.30932	0.17559	0.00717	0.01210	0.00943	0.00431	0.00693
101	0.64433	0.01569	0.01307	0.01150	0.01659	0.01786	0.00941	0.02687	0.07122	0.08856	0.01495	0.01590	0.01115	0.00805	0.00557	0.00253	0.00634	0.00513	0.00572	0.00956
102	0.02111	0.07575	0.06948	0.01186	0.01627	0.01193	0.01056	0.02508	0.01987	0.20964	0.14678	0.03269	0.02946	0.01062	0.00725	0.00223	0.00579	0.00867	0.27500	0.00996
103	0.03641	0.01381	0.01883	0.01444	0.02071	0.01193	0.01193	0.03954	0.02322	0.66984	0.03201	0.02762	0.02009	0.01004	0.00816	0.00251	0.00690	0.00816	0.01004	0.01381
104	0.01492	0.00996	0.01260	0.01292	0.01526	0.00980	0.01012	0.02026	0.09981	0.08956	0.11581	0.24745	0.10137	0.01973	0.00995	0.00314	0.00578	0.18505	0.00802	0.00851
105	0.77215	0.01569	0.01193	0.01067	0.01569	0.01820	0.00879	0.02385	0.01381	0.03641	0.01130	0.01318	0.00879	0.00753	0.00502	0.00251	0.00628	0.00439	0.00502	0.00879
106	0.01961	0.01880	0.03208	0.11411	0.60362	0.01915	0.02467	0.02449	0.01825	0.02593	0.01518	0.02024	0.01265	0.00732	0.00804	0.00244	0.00976	0.00723	0.00398	0.01247
107	0.77215	0.01569	0.01193	0.01067	0.01569	0.01820	0.00879	0.02385	0.01381	0.03641	0.01130	0.01318	0.00879	0.00753	0.00502	0.00251	0.00628	0.00439	0.00502	0.00879
108	0.01704	0.02211	0.16051	0.32993	0.16581	0.01883	0.12309	0.02338	0.01731	0.02368	0.01493	0.02047	0.01134	0.00766	0.00825	0.00263	0.01129	0.00735	0.00373	0.01066
109	0.01915	0.02189	0.04788	0.03420	0.04241	0.02052	0.63475	0.02599	0.01915	0.02599	0.01642	0.02189	0.01231	0.00684	0.00958	0.00274	0.01368	0.00958	0.00410	0.01094
110	0.07808	0.01891	0.02025	0.01582	0.02199	0.07594	0.01290	0.21735	0.02651	0.32065	0.02343	0.02202	0.01581	0.00924	0.00766	0.00232	0.00808	0.00707	0.00810	0.08788
111	0.03275	0.01274	0.01690	0.01326	0.01878	0.01118	0.01085	0.03600	0.02216	0.55998	0.03106	0.02807	0.02021	0.00994	0.00773	0.00240	0.00637	0.00806	0.13884	0.01274
112	0.01961	0.01880	0.03208	0.11411	0.60362	0.01915	0.02467	0.02449	0.01825	0.02593	0.01518	0.02024	0.01265	0.00732	0.00804	0.00244	0.00976	0.00723	0.00398	0.01247
113	0.02361	0.01712	0.01879	0.01629	0.02128	0.01906	0.01284	0.07795	0.50549	0.14419	0.03204	0.02917	0.02331	0.01077	0.00823	0.00269	0.00665	0.00889	0.00856	0.01307
114	0.01627	0.04197	0.67279	0.02313	0.03512	0.01884	0.02998	0.02570	0.01713	0.02570	0.01456	0.01713	0.01028	0.00771	0.00771	0.00257	0.01199	0.00600	0.00343	0.01199
115	0.01018	0.00817	0.00919	0.00983	0.01201	0.00718	0.00748	0.01237	0.01796	0.02205	0.06906	0.20084	0.45122	0.02177	0.00998	0.00300	0.00474	0.10857	0.00752	0.00690
116	0.01627	0.04197	0.67279	0.02313	0.03512	0.01884	0.02998	0.02570	0.01713	0.02570	0.01456	0.01713	0.01028	0.00771	0.00771	0.00257	0.01199	0.00600	0.00343	0.01199
117	0.02008	0.01928	0.03294	0.04981	0.66422	0.01928	0.02490	0.02490	0.01848	0.02651	0.01526	0.02008	0.01285	0.00723	0.00803	0.00241	0.00964	0.00723	0.00402	0.01285
118	0.01186	0.00949	0.01338	0.01365	0.01439	0.01102	0.01023	0.01387	0.01410	0.01983	0.03053	0.34495	0.03417	0.03635	0.25698	0.00687	0.13031	0.01511	0.00569	0.00722
119	0.02552	0.06757	0.02849	0.03365	0.32977	0.25992	0.01960	0.02905	0.02047	0.08774	0.01571	0.01843	0.01256	0.00790	0.00762	0.00226	0.01112	0.00642	0.00464	0.01155
120	0.00992	0.00738	0.00910	0.01044	0.01142	0.00672	0.00707	0.01141	0.01604	0.02074	0.05258	0.52539	0.19615	0.06068	0.01181	0.00341	0.00473	0.02107	0.00739	0.00656
121	0.01641	0.05175	0.01680	0.01429	0.01595	0.08119	0.01084	0.02055	0.09262	0.02142	0.07557	0.04165	0.02784	0.26787	0.02387	0.00471	0.14034	0.06302	0.00547	0.00783

[dist]
# distance from previous block
# <min> <max>
0	13

[block]
# block no. 4 follows, 23 sequences, length 23
# corresponding to MSA columns:
# 533-555
name=unknown_E
#
# <colnr> <probs for GDERKNQSTAVLIFYWHMCP>
#	G	D	E	R	K	N	Q	S	T	A	V	L	I	F	Y	W	H	M	C	P
0	0.01906	0.30346	0.11001	0.01988	0.08804	0.02243	0.06249	0.02469	0.06597	0.02359	0.01670	0.05952	0.01480	0.00835	0.00680	0.00207	0.00870	0.00682	0.00440	0.13220
1	0.01181	0.00864	0.01083	0.01207	0.01369	0.00840	0.00932	0.01551	0.05514	0.02344	0.04839	0.32501	0.14575	0.02183	0.01010	0.00323	0.00555	0.21070	0.05323	0.00735
2	0.02009	0.01681	0.01800	0.01603	0.02050	0.01896	0.01245	0.09875	0.50007	0.03405	0.03212	0.09675	0.02607	0.01213	0.00837	0.00271	0.00649	0.01021	0.00804	0.04140
3	0.01842	0.00901	0.01071	0.00965	0.01243	0.00846	0.00746	0.02208	0.01986	0.15925	0.19799	0.03789	0.03566	0.01149	0.00722	0.00219	0.00442	0.00960	0.40735	0.00884
4	0.01985	0.10637	0.17713	0.27013	0.06207	0.01935	0.02091	0.02729	0.08116	0.11152	0.01837	0.02116	0.01338	0.00840	0.00769	0.00252	0.00981	0.00691	0.00491	0.01106
5	0.01785	0.20099	0.46023	0.02204	0.03246	0.02216	0.08693	0.02539	0.01718	0.02416	0.01397	0.01663	0.01052	0.00744	0.00730	0.00239	0.01137	0.00596	0.00351	0.01151
6	0.13684	0.01407	0.01789	0.01392	0.02003	0.01278	0.01150	0.03740	0.02194	0.58337	0.02918	0.02565	0.01854	0.00970	0.00773	0.00251	0.00682	0.00765	0.00936	0.01312
7	0.01126	0.00825	0.01070	0.01120	0.01290	0.00769	0.00860	0.01435	0.01996	0.02703	0.33055	0.20584	0.13547	0.02016	0.01008	0.00298	0.00482	0.14271	0.00816	0.00730
8	0.01956	0.01890	0.03229	0.04321	0.51590	0.01828	0.08416	0.02442	0.01832	0.02645	0.01527	0.01983	0.01269	0.00703	0.00792	0.00228	0.00956	0.00714	0.00413	0.11267
9	0.01518	0.02073	0.17998	0.02147	0.02709	0.01580	0.18699	0.02044	0.01557	0.02226	0.01817	0.02630	0.01579	0.07779	0.25052	0.00676	0.05737	0.00842	0.00405	0.00932
10	0.01040	0.00808	0.00949	0.00980	0.01180	0.00718	0.00727	0.01293	0.01919	0.02484	0.23656	0.19850	0.33832	0.02050	0.00983	0.00286	0.00435	0.05312	0.00793	0.00707
11	0.02961	0.01253	0.01628	0.01332	0.01828	0.01138	0.01068	0.03410	0.06687	0.46976	0.03259	0.09653	0.02389	0.01157	0.00804	0.00252	0.00621	0.00964	0.11404	0.01215
12	0.01961	0.01879	0.03207	0.11451	0.60324	0.01915	0.02467	0.02448	0.01825	0.02593	0.01518	0.02024	0.01265	0.00732	0.00804	0.00244	0.00976	0.00723	0.00398	0.01247
13	0.01032	0.00846	0.00924	0.00964	0.01219	0.00737	0.00762	0.01273	0.01853	0.02242	0.07394	0.08092	0.53164	0.02094	0.00993	0.00295	0.00482	0.14183	0.00752	0.00698
14	0.00982	0.00734	0.00913	0.01056	0.01158	0.00665	0.00720	0.01138	0.01624	0.02100	0.05370	0.55835	0.19906	0.02425	0.01017	0.00316	0.00456	0.02164	0.00753	0.00665
15	0.01847	0.01870	0.01623	0.01516	0.01764	0.20840	0.01168	0.02227	0.05562	0.02195	0.02534	0.02976	0.08118	0.02696	0.22146	0.00575	0.08148	0.00825	0.10531	0.00838
16	0.01599	0.10642	0.01872	0.01574	0.05561	0.01560	0.01164	0.02542	0.22320	0.02777	0.15594	0.17489	0.04002	0.01520	0.00877	0.00275	0.00615	0.06311	0.00729	0.00979
17	0.01029	0.00710	0.00927	0.01101	0.01159	0.00667	0.00739	0.01189	0.01565	0.02145	0.04331	0.65695	0.05112	0.02419	0.00999	0.00319	0.00464	0.02187	0.06577	0.00667
18	0.01690	0.01650	0.02322	0.02016	0.02036	0.02281	0.01670	0.01883	0.01251	0.01943	0.01219	0.01971	0.01199	0.02067	0.11761	0.00487	0.60592	0.00732	0.00366	0.00865
19	0.02191	0.44246	0.03718	0.01706	0.02371	0.02582	0.11323	0.02669	0.06349	0.08668	0.02007	0.02111	0.05225	0.00836	0.00669	0.00211	0.00887	0.00669	0.00482	0.01080
20	0.01632	0.03990	0.62344	0.02229	0.03392	0.01824	0.02845	0.02530	0.01711	0.02575	0.01455	0.01711	0.01041	0.00758	0.00758	0.00247	0.01154	0.00591	0.00353	0.06860
21	0.02449	0.01992	0.02185	0.01767	0.02254	0.12395	0.07486	0.22801	0.02737	0.10816	0.18327	0.05703	0.03132	0.01161	0.00860	0.00248	0.00863	0.00978	0.00748	0.01097
22	0.01926	0.01844	0.03145	0.16151	0.55895	0.01906	0.02449	0.02418	0.01809	0.02551	0.01512	0.02035	0.01250	0.00738	0.00805	0.00246	0.00984	0.00723	0.00395	0.01219

[dist]
# distance from previous block
# <min> <max>
0	4

[block]
# block no. 5 follows, 23 sequences, length 43
# corresponding to MSA columns:
# 560-602
name=unknown_F
#
# <colnr> <probs for GDERKNQSTAVLIFYWHMCP>
#	G	D	E	R	K	N	Q	S	T	A	V	L	I	F	Y	W	H	M	C	P
0	0.01936	0.01880	0.03041	0.04091	0.46356	0.02102	0.02267	0.02323	0.01659	0.02433	0.01382	0.01936	0.01217	0.00941	0.01384	0.00277	0.22510	0.00719	0.00387	0.01161
1	0.01683	0.01442	0.01683	0.01202	0.01923	0.01082	0.00961	0.02043	0.01683	0.02644	0.01442	0.01683	0.01202	0.00601	0.00601	0.00120	0.00601	0.00481	0.00481	0.76444
2	0.01133	0.00795	0.00980	0.01008	0.01063	0.00810	0.00651	0.01230	0.01305	0.01754	0.03119	0.14759	0.07128	0.42739	0.17287	0.00798	0.01015	0.01314	0.00535	0.00579
3	0.01587	0.03993	0.63253	0.02222	0.03366	0.01812	0.02854	0.02485	0.01721	0.02547	0.01866	0.02082	0.04969	0.00849	0.00782	0.00258	0.01151	0.00667	0.00368	0.01168
4	0.01000	0.00752	0.00931	0.01066	0.01185	0.00683	0.00749	0.01173	0.01655	0.02127	0.05507	0.49536	0.22271	0.02388	0.01020	0.00317	0.00471	0.05743	0.00753	0.00672
5	0.01627	0.04197	0.67279	0.02313	0.03512	0.01884	0.02998	0.02570	0.01713	0.02570	0.01456	0.01713	0.01028	0.00771	0.00771	0.00257	0.01199	0.00600	0.00343	0.01199
6	0.01115	0.00791	0.01054	0.01200	0.01295	0.00761	0.00887	0.01329	0.01670	0.02225	0.09578	0.40582	0.05112	0.09590	0.01377	0.00384	0.00576	0.19061	0.00736	0.00676
7	0.19124	0.02012	0.02100	0.01643	0.02258	0.02204	0.01356	0.43154	0.03107	0.12403	0.01926	0.01912	0.01349	0.00930	0.00746	0.00246	0.00811	0.00678	0.00769	0.01272
8	0.01354	0.00736	0.01086	0.01079	0.01115	0.00744	0.00744	0.01151	0.01220	0.01663	0.08648	0.02940	0.02167	0.03032	0.09735	0.60098	0.00823	0.00806	0.00421	0.00437
9	0.01031	0.00780	0.00953	0.01005	0.01165	0.00701	0.00717	0.01269	0.01879	0.02487	0.25377	0.31700	0.23753	0.02116	0.00988	0.00289	0.00425	0.01864	0.00798	0.00701
10	0.01927	0.01230	0.01279	0.01129	0.01458	0.01324	0.00884	0.15573	0.11610	0.03530	0.02594	0.02793	0.01988	0.00975	0.00659	0.00214	0.00529	0.00775	0.48558	0.00970
11	0.01914	0.18361	0.42221	0.02368	0.10390	0.02132	0.02480	0.02617	0.01753	0.06455	0.01502	0.01724	0.01122	0.00763	0.00724	0.00237	0.01069	0.00592	0.00392	0.01186
12	0.09418	0.02911	0.34838	0.01891	0.02797	0.01738	0.02110	0.09362	0.02084	0.22147	0.01998	0.02014	0.01343	0.00860	0.00764	0.00253	0.00962	0.00663	0.00604	0.01242
13	0.02636	0.02292	0.02167	0.01811	0.02347	0.12131	0.01440	0.30141	0.28843	0.03936	0.02404	0.02321	0.01783	0.01006	0.00806	0.00251	0.00875	0.00777	0.00759	0.01275
14	0.22009	0.15897	0.09818	0.02390	0.17306	0.15345	0.01727	0.02609	0.01762	0.02628	0.01284	0.01550	0.01055	0.00753	0.00652	0.00226	0.00982	0.00539	0.00414	0.01053
15	0.01423	0.00968	0.01370	0.01293	0.01311	0.01139	0.00942	0.01317	0.01146	0.01609	0.01599	0.02827	0.01639	0.13060	0.11261	0.39552	0.15828	0.00796	0.00384	0.00534
16	0.01853	0.02066	0.07529	0.16733	0.20567	0.01958	0.27811	0.02574	0.05839	0.02557	0.01666	0.02161	0.01283	0.00751	0.00869	0.00264	0.01149	0.00825	0.00421	0.01124
17	0.01699	0.01443	0.01979	0.01733	0.01787	0.01884	0.01383	0.01858	0.01303	0.05920	0.01636	0.02746	0.01631	0.16979	0.09742	0.00541	0.43652	0.00835	0.00433	0.00816
18	0.01625	0.01506	0.02739	0.02107	0.02560	0.01486	0.26330	0.02086	0.01964	0.05446	0.22295	0.03978	0.10044	0.01231	0.01128	0.00274	0.08444	0.01156	0.02670	0.00930
19	0.24523	0.01204	0.01474	0.20129	0.02562	0.01355	0.01228	0.01900	0.01554	0.05424	0.02554	0.27569	0.02658	0.01447	0.00801	0.00286	0.00698	0.01230	0.00579	0.00825
20	0.01365	0.00877	0.01154	0.01058	0.01287	0.00803	0.00803	0.01742	0.02299	0.08803	0.60526	0.05774	0.07164	0.01602	0.00945	0.00255	0.00410	0.01411	0.00903	0.00819
21	0.01727	0.09125	0.09222	0.01345	0.02116	0.01393	0.01232	0.02142	0.01682	0.02559	0.01411	0.01646	0.01166	0.00630	0.00611	0.00141	0.00695	0.00489	0.00451	0.60216
22	0.04202	0.17969	0.10203	0.12788	0.11020	0.04030	0.08294	0.08777	0.01952	0.04383	0.01755	0.07841	0.01531	0.00928	0.00764	0.00243	0.00975	0.00795	0.00471	0.01077
23	0.02658	0.22387	0.15607	0.01784	0.02484	0.20900	0.01711	0.03051	0.02007	0.17605	0.01724	0.01778	0.01271	0.00824	0.00701	0.00219	0.01060	0.00583	0.00523	0.01125
24	0.01357	0.01155	0.01610	0.05897	0.08982	0.01166	0.03913	0.01948	0.11070	0.02470	0.07534	0.24195	0.16782	0.01767	0.00949	0.00294	0.00635	0.06710	0.00692	0.00873
25	0.01336	0.01196	0.01803	0.29957	0.10227	0.01296	0.01531	0.01727	0.01784	0.02299	0.10576	0.08645	0.21722	0.01378	0.00885	0.00270	0.00753	0.01201	0.00566	0.00849
26	0.06144	0.35273	0.03540	0.02344	0.16316	0.02423	0.06977	0.02709	0.01814	0.13049	0.01605	0.01777	0.01264	0.00754	0.00669	0.00214	0.00891	0.00607	0.00482	0.01148
27	0.02222	0.04837	0.31955	0.02259	0.03174	0.01849	0.14360	0.06059	0.06010	0.16300	0.01993	0.02112	0.01385	0.00832	0.00816	0.00257	0.01065	0.00738	0.00550	0.01227
28	0.02468	0.01167	0.01534	0.01307	0.01712	0.01065	0.01023	0.06598	0.02246	0.34595	0.17649	0.18151	0.03974	0.01482	0.00895	0.00268	0.00586	0.01280	0.00913	0.01086
29	0.01866	0.02312	0.12949	0.02052	0.07877	0.13959	0.05526	0.02695	0.13847	0.02835	0.21695	0.03310	0.03383	0.01109	0.00846	0.00251	0.00883	0.00946	0.00626	0.01034
30	0.02316	0.02754	0.30182	0.02401	0.08818	0.01714	0.10089	0.03080	0.05762	0.21622	0.02113	0.02190	0.01454	0.00844	0.00814	0.00257	0.01016	0.00740	0.00581	0.01252
31	0.01759	0.01386	0.01325	0.01280	0.01370	0.15252	0.00891	0.01527	0.01325	0.01534	0.01376	0.02250	0.01331	0.02392	0.02646	0.59978	0.00868	0.00665	0.00367	0.00479
32	0.03488	0.01347	0.01834	0.01418	0.02019	0.01166	0.01166	0.03806	0.02321	0.63070	0.07057	0.02964	0.02355	0.01044	0.00825	0.00251	0.00672	0.00856	0.00997	0.01343
33	0.01490	0.01355	0.02300	0.02678	0.22772	0.01302	0.10625	0.01879	0.01881	0.02604	0.16834	0.20932	0.06999	0.01458	0.00928	0.00273	0.00741	0.01379	0.00619	0.00951
34	0.01801	0.02441	0.18273	0.11876	0.10737	0.02011	0.22256	0.02587	0.07236	0.02525	0.01640	0.02082	0.01260	0.00843	0.01055	0.00275	0.08790	0.00786	0.00417	0.01108
35	0.02779	0.02217	0.10081	0.02195	0.02943	0.01960	0.17385	0.24753	0.02683	0.21380	0.02164	0.02209	0.01478	0.00886	0.00846	0.00255	0.00992	0.00798	0.00711	0.01287
36	0.00970	0.00778	0.00867	0.00938	0.01127	0.00675	0.00668	0.01151	0.01738	0.02146	0.06806	0.31633	0.43181	0.02239	0.00988	0.00295	0.00434	0.01937	0.00753	0.00675
37	0.01706	0.03346	0.43886	0.09849	0.12440	0.01903	0.10440	0.02511	0.01747	0.02533	0.01488	0.01860	0.01094	0.00758	0.00803	0.00258	0.01176	0.00674	0.00361	0.01167
38	0.01933	0.13037	0.32922	0.02108	0.02992	0.01947	0.11412	0.05264	0.01944	0.08163	0.08761	0.02307	0.01894	0.00874	0.00789	0.00246	0.01029	0.00750	0.00492	0.01136
39	0.02163	0.30159	0.32165	0.01812	0.02722	0.02290	0.02079	0.02738	0.01786	0.12702	0.01610	0.01722	0.01191	0.00779	0.00681	0.00224	0.00988	0.00570	0.00451	0.01167
