[name]
unknown

[dist]
# distance from previous block
# <min> <max>
0	193

[block]
# block no. 0 follows, 21 sequences, length 71
# corresponding to MSA columns:
# 200-270
name=unknown_A
#
# <colnr> <probs for GDERKNQSTAVLIFYWHMCP>
#	G	D	E	R	K	N	Q	S	T	A	V	L	I	F	Y	W	H	M	C	P
0	0.01411	0.01361	0.06723	0.01730	0.06978	0.01068	0.01321	0.01764	0.01778	0.02480	0.03485	0.29816	0.03834	0.01865	0.00973	0.00298	0.00698	0.15763	0.00665	0.15989
1	0.03185	0.02303	0.02371	0.01878	0.02510	0.07645	0.01527	0.40680	0.10991	0.14503	0.02371	0.02279	0.01667	0.01031	0.00847	0.00258	0.00919	0.00787	0.00851	0.01397
2	0.02768	0.02611	0.18879	0.02037	0.05184	0.07091	0.01885	0.08492	0.13969	0.24434	0.02550	0.02447	0.01762	0.00979	0.00837	0.00265	0.00950	0.00780	0.00742	0.01337
3	0.01248	0.00966	0.01411	0.14867	0.02306	0.01014	0.01252	0.01561	0.01788	0.02366	0.08930	0.36144	0.04736	0.02144	0.01053	0.00338	0.00686	0.15698	0.00717	0.00774
4	0.01732	0.01852	0.03872	0.02902	0.03532	0.01736	0.44336	0.02287	0.01901	0.02568	0.02568	0.21459	0.02527	0.01273	0.01028	0.00304	0.01167	0.01408	0.00533	0.01018
5	0.08551	0.08135	0.16776	0.06447	0.14785	0.05581	0.04453	0.03047	0.01997	0.19308	0.01965	0.02111	0.01404	0.00858	0.00791	0.00256	0.01007	0.00704	0.00578	0.01246
6	0.02342	0.02433	0.13563	0.07155	0.17416	0.02032	0.20159	0.10626	0.02255	0.10757	0.01894	0.02212	0.01381	0.00831	0.00889	0.00269	0.01140	0.00824	0.00546	0.01275
7	0.01279	0.00894	0.01170	0.01301	0.01411	0.00887	0.01005	0.01506	0.01673	0.02197	0.03930	0.16912	0.04408	0.24762	0.02205	0.00528	0.00755	0.31799	0.00696	0.00682
8	0.01710	0.01608	0.02759	0.28567	0.26209	0.01734	0.06228	0.02187	0.01795	0.02431	0.02146	0.14639	0.02053	0.01144	0.00902	0.00284	0.00992	0.01081	0.00473	0.01058
9	0.02393	0.12158	0.06695	0.23829	0.12462	0.01983	0.05565	0.02878	0.01957	0.19005	0.01977	0.02250	0.01421	0.00862	0.00812	0.00258	0.01000	0.00745	0.00563	0.01188
10	0.01810	0.01720	0.02920	0.42450	0.29869	0.01944	0.02465	0.02353	0.01798	0.02421	0.01548	0.02203	0.01221	0.00813	0.00847	0.00271	0.01084	0.00757	0.00396	0.01109
11	0.01059	0.00780	0.00998	0.01162	0.01263	0.00719	0.00813	0.01238	0.01708	0.02224	0.05331	0.54407	0.15384	0.02555	0.01080	0.00340	0.00507	0.06937	0.00789	0.00703
12	0.02390	0.19410	0.20759	0.02170	0.07803	0.02401	0.02026	0.14133	0.09764	0.08322	0.01934	0.02022	0.01444	0.00887	0.00766	0.00246	0.00977	0.00682	0.00577	0.01287
13	0.67204	0.01736	0.01410	0.01222	0.01767	0.01998	0.01007	0.09762	0.01760	0.04007	0.01290	0.01463	0.00986	0.00818	0.00566	0.00262	0.00692	0.00498	0.00566	0.00986
14	0.34357	0.01955	0.01928	0.01547	0.02159	0.02159	0.01276	0.29581	0.02723	0.12009	0.01837	0.01865	0.01304	0.00927	0.00714	0.00260	0.00792	0.00647	0.00738	0.01223
15	0.01853	0.01786	0.03102	0.36226	0.32004	0.01965	0.06024	0.02402	0.01825	0.02477	0.01564	0.02198	0.01239	0.00802	0.00856	0.00270	0.01097	0.00772	0.00400	0.01137
16	0.01238	0.00825	0.00928	0.00928	0.00928	0.00825	0.00516	0.01238	0.01238	0.01650	0.02681	0.05569	0.03094	0.70092	0.04331	0.00825	0.00825	0.01238	0.00516	0.00516
17	0.01607	0.01513	0.02552	0.68047	0.05861	0.01891	0.02363	0.02174	0.01702	0.02174	0.01513	0.02269	0.01134	0.00851	0.00851	0.00284	0.01134	0.00756	0.00378	0.00945
18	0.01454	0.05744	0.09537	0.01622	0.02019	0.01254	0.05178	0.01846	0.01887	0.02480	0.08189	0.06689	0.12211	0.01940	0.01221	0.06442	0.00811	0.27972	0.00661	0.00842
19	0.01031	0.00765	0.00962	0.01119	0.01217	0.00697	0.00761	0.01192	0.01692	0.02198	0.05490	0.57065	0.17585	0.02562	0.01070	0.00334	0.00481	0.02293	0.00790	0.00697
20	0.03179	0.04056	0.02412	0.02192	0.02631	0.66676	0.01644	0.03398	0.02412	0.02083	0.01315	0.01535	0.01096	0.00877	0.00767	0.00219	0.01535	0.00548	0.00438	0.00987
21	0.01707	0.04402	0.65683	0.02426	0.03683	0.01976	0.03144	0.02695	0.01797	0.02695	0.01527	0.01797	0.01078	0.00809	0.00809	0.00270	0.01258	0.00629	0.00359	0.01258
22	0.01905	0.07091	0.23284	0.02746	0.03636	0.02097	0.28776	0.02859	0.09208	0.02759	0.02007	0.02638	0.01591	0.00899	0.00909	0.00282	0.01216	0.04439	0.00478	0.01180
23	0.01037	0.00741	0.00987	0.01185	0.01234	0.00691	0.00790	0.01185	0.01629	0.02172	0.04690	0.69537	0.05629	0.02666	0.01086	0.00346	0.00494	0.02419	0.00790	0.00691
24	0.01216	0.00912	0.01368	0.01368	0.01520	0.01064	0.01064	0.01520	0.01368	0.01976	0.02279	0.03343	0.02127	0.06382	0.66720	0.01368	0.02279	0.00912	0.00456	0.00760
25	0.02090	0.01797	0.01904	0.01726	0.02197	0.02075	0.01348	0.04421	0.61010	0.03523	0.03502	0.03410	0.02682	0.01198	0.00877	0.00292	0.00678	0.03082	0.00863	0.01326
26	0.02357	0.02203	0.02840	0.06270	0.05546	0.07540	0.14394	0.14415	0.28129	0.03479	0.02462	0.02547	0.01846	0.00980	0.00883	0.00275	0.00996	0.00880	0.00688	0.01270
27	0.02247	0.02037	0.05889	0.05863	0.02590	0.02077	0.01530	0.15862	0.35636	0.03696	0.02684	0.02622	0.02007	0.01021	0.00828	0.00260	0.00786	0.00830	0.00756	0.10778
28	0.47685	0.01934	0.01759	0.01446	0.02033	0.02194	0.01193	0.25685	0.02444	0.04421	0.01520	0.01640	0.01127	0.00880	0.00653	0.00260	0.00767	0.00580	0.00653	0.01127
29	0.13079	0.25521	0.05312	0.01642	0.02200	0.02405	0.04796	0.06404	0.11598	0.02847	0.05372	0.02176	0.01775	0.01086	0.01008	0.05386	0.05099	0.00695	0.00537	0.01062
30	0.02249	0.15779	0.17816	0.02176	0.07653	0.07569	0.01955	0.04750	0.07686	0.08667	0.05530	0.02240	0.01777	0.00998	0.01028	0.00261	0.09427	0.00726	0.00537	0.01175
31	0.03576	0.01935	0.02203	0.01710	0.02363	0.05828	0.01402	0.24113	0.02976	0.40632	0.02774	0.02516	0.01815	0.01031	0.00849	0.00258	0.00848	0.00806	0.00945	0.01419
32	0.01193	0.00821	0.01009	0.01049	0.01083	0.00835	0.00657	0.01271	0.01338	0.01807	0.03027	0.18225	0.03458	0.46399	0.13449	0.00813	0.00986	0.01427	0.00562	0.00590
33	0.02432	0.12509	0.22360	0.02231	0.03109	0.02257	0.11956	0.15022	0.06151	0.10873	0.01959	0.02088	0.01410	0.00877	0.00822	0.00258	0.01071	0.00743	0.00588	0.01283
34	0.01973	0.02153	0.10430	0.10695	0.16285	0.01984	0.09337	0.05386	0.20722	0.03010	0.02420	0.03047	0.01958	0.01032	0.00894	0.00285	0.00983	0.05592	0.00592	0.01222
35	0.01218	0.00832	0.00942	0.00942	0.00972	0.00827	0.00550	0.01248	0.01300	0.01717	0.03149	0.05688	0.08058	0.61819	0.06733	0.00804	0.00855	0.01269	0.00535	0.00543
36	0.02196	0.02171	0.03900	0.03634	0.21213	0.02169	0.30252	0.09986	0.09706	0.03158	0.01938	0.02319	0.01486	0.00819	0.00923	0.00274	0.01161	0.00900	0.00531	0.01265
37	0.03117	0.13771	0.02878	0.04108	0.02668	0.11320	0.07641	0.12305	0.02481	0.27926	0.02267	0.02230	0.01574	0.00927	0.00805	0.00245	0.00991	0.00742	0.00731	0.01274
38	0.02340	0.29864	0.21202	0.02060	0.02869	0.19812	0.05777	0.02828	0.01948	0.02265	0.01349	0.01591	0.01102	0.00790	0.00708	0.00223	0.01208	0.00563	0.00387	0.01114
39	0.01793	0.01554	0.01903	0.01584	0.07138	0.01207	0.01139	0.02181	0.01779	0.02774	0.01520	0.01793	0.01268	0.00641	0.00648	0.00136	0.00661	0.00525	0.00497	0.69261
40	0.01859	0.06772	0.59381	0.02332	0.03532	0.01985	0.02962	0.02779	0.01834	0.06546	0.01627	0.01848	0.01142	0.00821	0.00801	0.00266	0.01211	0.00636	0.00402	0.01263
41	0.01037	0.00741	0.00987	0.01185	0.01234	0.00691	0.00790	0.01185	0.01629	0.02172	0.04690	0.69537	0.05629	0.02666	0.01086	0.00346	0.00494	0.02419	0.00790	0.00691
42	0.01398	0.00869	0.01019	0.00990	0.01040	0.00865	0.00593	0.01436	0.01320	0.05658	0.02701	0.05275	0.02977	0.62149	0.07659	0.00821	0.00901	0.01195	0.00546	0.00588
43	0.02157	0.56865	0.17166	0.01657	0.02495	0.03079	0.01806	0.02579	0.01743	0.02146	0.01255	0.01455	0.01089	0.00745	0.00601	0.00200	0.00982	0.00491	0.00363	0.01126
44	0.01917	0.01565	0.02616	0.02037	0.02568	0.01504	0.21030	0.02712	0.11964	0.10786	0.19528	0.04299	0.11080	0.01274	0.00964	0.00279	0.00830	0.01216	0.00755	0.01074
45	0.01216	0.00912	0.01368	0.01368	0.01520	0.01064	0.01064	0.01520	0.01368	0.01976	0.02279	0.03343	0.02127	0.06382	0.66720	0.01368	0.02279	0.00912	0.00456	0.00760
46	0.01862	0.01862	0.02607	0.02234	0.02234	0.02607	0.01862	0.02048	0.01303	0.02048	0.01117	0.01862	0.01117	0.01489	0.02793	0.00372	0.68535	0.00745	0.00372	0.00931
47	0.01953	0.08435	0.25820	0.10689	0.07537	0.02003	0.16873	0.02652	0.01922	0.06927	0.05631	0.02322	0.01663	0.00857	0.00857	0.00267	0.01151	0.00803	0.00467	0.01169
48	0.76103	0.01646	0.01251	0.01119	0.01646	0.01909	0.00922	0.02502	0.01448	0.03818	0.01185	0.01382	0.00922	0.00790	0.00527	0.00263	0.00658	0.00461	0.00527	0.00922
49	0.01236	0.00831	0.00958	0.00958	0.00969	0.00841	0.00553	0.01257	0.01246	0.01672	0.02654	0.05416	0.03028	0.65726	0.08607	0.00862	0.00925	0.01215	0.00512	0.00532
50	0.01607	0.01513	0.02552	0.68047	0.05861	0.01891	0.02363	0.02174	0.01702	0.02174	0.01513	0.02269	0.01134	0.00851	0.00851	0.00284	0.01134	0.00756	0.00378	0.00945
51	0.01805	0.03594	0.45019	0.02932	0.15131	0.02073	0.02864	0.02589	0.01755	0.02621	0.01484	0.01865	0.01135	0.00894	0.01092	0.00281	0.10595	0.00670	0.00373	0.01229
52	0.01777	0.01817	0.03695	0.02853	0.03472	0.01726	0.39765	0.02376	0.01991	0.02661	0.02734	0.04951	0.02602	0.01311	0.01067	0.00325	0.01198	0.22107	0.00559	0.01015
53	0.02535	0.01216	0.01598	0.01331	0.01773	0.01110	0.01058	0.03039	0.06591	0.33490	0.30573	0.04460	0.04783	0.01367	0.00922	0.00267	0.00577	0.01168	0.00988	0.01153
54	0.01943	0.14070	0.30004	0.10413	0.07380	0.04992	0.06083	0.02858	0.09320	0.02607	0.01714	0.01992	0.01304	0.00837	0.00791	0.00257	0.01123	0.00685	0.00436	0.01191
55	0.06731	0.02312	0.10965	0.09276	0.35859	0.02066	0.09875	0.07499	0.02050	0.02992	0.01610	0.02055	0.01272	0.00791	0.00840	0.00262	0.01076	0.00755	0.00453	0.01261
56	0.01478	0.00739	0.01109	0.01109	0.01109	0.00739	0.00739	0.01109	0.01109	0.01478	0.01478	0.02587	0.01478	0.02956	0.03326	0.75240	0.00739	0.00739	0.00370	0.00370
57	0.01765	0.01513	0.01765	0.01260	0.02017	0.01134	0.01008	0.02143	0.01765	0.02773	0.01513	0.01765	0.01260	0.00630	0.00630	0.00126	0.00630	0.00504	0.00504	0.75295
58	0.01676	0.01667	0.10798	0.05598	0.02177	0.01351	0.01383	0.02565	0.16037	0.07990	0.16876	0.15331	0.09944	0.01557	0.00936	0.00289	0.00678	0.01345	0.00772	0.01028
59	0.02939	0.03665	0.02319	0.02103	0.02496	0.57467	0.01589	0.03171	0.02345	0.02189	0.06446	0.01948	0.01663	0.00984	0.00908	0.00232	0.05452	0.00641	0.00475	0.00968
60	0.01765	0.01513	0.01765	0.01260	0.02017	0.01134	0.01008	0.02143	0.01765	0.02773	0.01513	0.01765	0.01260	0.00630	0.00630	0.00126	0.00630	0.00504	0.00504	0.75295
61	0.01078	0.00793	0.01011	0.01109	0.01233	0.00725	0.00774	0.01305	0.01885	0.02528	0.21478	0.43778	0.14486	0.02343	0.01053	0.00316	0.00460	0.02093	0.00830	0.00725
62	0.02213	0.60211	0.04179	0.01574	0.02192	0.03252	0.01517	0.02473	0.01665	0.02009	0.01173	0.01440	0.01096	0.00843	0.00886	0.00211	0.11135	0.00499	0.00365	0.01068
63	0.04389	0.05687	0.01748	0.01395	0.01808	0.01604	0.01107	0.07766	0.22501	0.07317	0.23671	0.04442	0.10310	0.01392	0.00892	0.00270	0.00599	0.01165	0.00850	0.01090
64	0.01210	0.00924	0.00982	0.00966	0.01130	0.00886	0.00641	0.01502	0.06667	0.02088	0.05311	0.06503	0.29542	0.35057	0.02609	0.00549	0.00642	0.01456	0.00663	0.00672
65	0.01139	0.00935	0.01056	0.01035	0.01264	0.00903	0.00787	0.01375	0.01849	0.02369	0.10154	0.11164	0.44361	0.02288	0.05019	0.00356	0.06171	0.01622	0.05408	0.00746
66	0.06685	0.20017	0.08351	0.06386	0.07919	0.05956	0.11204	0.02750	0.01918	0.12112	0.01983	0.07548	0.01667	0.00966	0.00788	0.00251	0.01003	0.00830	0.00535	0.01131
67	0.01711	0.01303	0.02079	0.02274	0.13838	0.01347	0.06351	0.02115	0.05121	0.06217	0.02348	0.03538	0.02141	0.07372	0.23971	0.09813	0.01380	0.05633	0.00528	0.00920
68	0.01101	0.00824	0.01022	0.01062	0.01230	0.00745	0.00762	0.01372	0.02033	0.02729	0.30970	0.28486	0.20239	0.02154	0.01033	0.00299	0.00440	0.01901	0.00852	0.00745
69	0.02157	0.01734	0.02918	0.14213	0.34278	0.01749	0.06202	0.02649	0.02034	0.11849	0.09512	0.02779	0.02236	0.00933	0.00877	0.00263	0.00944	0.00884	0.00570	0.01217
70	0.02341	0.01904	0.02553	0.17350	0.18124	0.05628	0.01923	0.15782	0.02333	0.08844	0.01981	0.04860	0.01598	0.01441	0.06382	0.00360	0.04003	0.00833	0.00582	0.01178

[dist]
# distance from previous block
# <min> <max>
0	8

[block]
# block no. 1 follows, 21 sequences, length 20
# corresponding to MSA columns:
# 279-298
name=unknown_B
#
# <colnr> <probs for GDERKNQSTAVLIFYWHMCP>
#	G	D	E	R	K	N	Q	S	T	A	V	L	I	F	Y	W	H	M	C	P
0	0.09516	0.07368	0.02375	0.02108	0.09625	0.02102	0.01525	0.08171	0.01739	0.02660	0.01573	0.02327	0.01460	0.08861	0.07049	0.00428	0.23099	0.00743	0.00474	0.06798
1	0.05985	0.01712	0.01857	0.06743	0.05490	0.06715	0.01231	0.02367	0.06167	0.02735	0.02343	0.02534	0.07738	0.00875	0.00719	0.00188	0.00748	0.00702	0.00541	0.42609
2	0.01958	0.01961	0.04861	0.06646	0.35199	0.04405	0.05120	0.02577	0.06681	0.02717	0.02037	0.08984	0.01838	0.00976	0.00847	0.00251	0.00940	0.00911	0.00501	0.10589
3	0.02379	0.01342	0.02024	0.04709	0.02248	0.01294	0.07620	0.02717	0.02085	0.28094	0.10117	0.15013	0.08280	0.01484	0.01091	0.00292	0.06018	0.01278	0.00823	0.01093
4	0.01556	0.01481	0.08237	0.04608	0.01954	0.01229	0.01227	0.02355	0.13172	0.06586	0.31426	0.05194	0.14537	0.01519	0.00943	0.00275	0.00600	0.01302	0.00818	0.00979
5	0.01234	0.00931	0.01143	0.01047	0.01302	0.00825	0.00777	0.01573	0.02180	0.03039	0.44601	0.06109	0.15595	0.07030	0.01226	0.00300	0.00462	0.01450	0.00837	0.08339
6	0.11247	0.01397	0.01797	0.01439	0.02021	0.01264	0.01169	0.03671	0.02248	0.52383	0.03261	0.09508	0.02338	0.01189	0.00844	0.00272	0.00694	0.00973	0.00970	0.01315
7	0.02275	0.70604	0.04459	0.01456	0.02184	0.03367	0.01456	0.02548	0.01729	0.02002	0.01183	0.01365	0.01092	0.00728	0.00546	0.00182	0.00910	0.00455	0.00364	0.01092
8	0.01238	0.00825	0.00928	0.00928	0.00928	0.00825	0.00516	0.01238	0.01238	0.01650	0.02681	0.05569	0.03094	0.70092	0.04331	0.00825	0.00825	0.01238	0.00516	0.00516
9	0.76103	0.01646	0.01251	0.01119	0.01646	0.01909	0.00922	0.02502	0.01448	0.03818	0.01185	0.01382	0.00922	0.00790	0.00527	0.00263	0.00658	0.00461	0.00527	0.00922
10	0.01586	0.00793	0.00793	0.00793	0.00991	0.00793	0.00595	0.01983	0.01785	0.03173	0.02776	0.03173	0.02181	0.00991	0.00595	0.00198	0.00397	0.00793	0.74817	0.00793
11	0.76103	0.01646	0.01251	0.01119	0.01646	0.01909	0.00922	0.02502	0.01448	0.03818	0.01185	0.01382	0.00922	0.00790	0.00527	0.00263	0.00658	0.00461	0.00527	0.00922
12	0.02122	0.52773	0.20949	0.01717	0.02588	0.02993	0.01911	0.02588	0.01747	0.02189	0.01276	0.01481	0.01088	0.00750	0.00617	0.00206	0.01004	0.00502	0.00363	0.01137
13	0.03818	0.01448	0.01975	0.01514	0.02172	0.01251	0.01251	0.04147	0.02436	0.65373	0.03357	0.02897	0.02107	0.01053	0.00856	0.00263	0.00724	0.00856	0.01053	0.01448
14	0.01764	0.02184	0.13827	0.37993	0.17965	0.01955	0.07445	0.02403	0.01794	0.02439	0.01551	0.02155	0.01183	0.00813	0.00854	0.00275	0.01154	0.00755	0.00388	0.01102
15	0.01031	0.00762	0.00965	0.01128	0.01219	0.00696	0.00765	0.01191	0.01684	0.02195	0.05388	0.58657	0.16058	0.02576	0.01072	0.00335	0.00483	0.02309	0.00790	0.00696
16	0.06736	0.01400	0.01878	0.01481	0.02079	0.01260	0.01216	0.03794	0.02278	0.55889	0.03146	0.02877	0.02056	0.01610	0.07867	0.00381	0.00887	0.00844	0.00966	0.01352
17	0.02539	0.02506	0.20154	0.02786	0.15887	0.01783	0.08788	0.03300	0.07124	0.23013	0.02314	0.02385	0.01615	0.00895	0.00857	0.00268	0.01006	0.00798	0.00646	0.01333
18	0.02458	0.09437	0.12572	0.13850	0.03454	0.02413	0.06909	0.28526	0.05763	0.03741	0.01826	0.02053	0.01343	0.00910	0.00827	0.00259	0.01046	0.00741	0.00608	0.01263
19	0.01207	0.00803	0.01013	0.01066	0.01205	0.00756	0.00759	0.01504	0.01975	0.02862	0.28618	0.31553	0.05969	0.01980	0.00962	0.00287	0.00438	0.01760	0.14529	0.00756

[dist]
# distance from previous block
# <min> <max>
0	33

[block]
# block no. 2 follows, 21 sequences, length 12
# corresponding to MSA columns:
# 332-343
name=unknown_C
#
# <colnr> <probs for GDERKNQSTAVLIFYWHMCP>
#	G	D	E	R	K	N	Q	S	T	A	V	L	I	F	Y	W	H	M	C	P
0	0.02083	0.01892	0.02128	0.01931	0.08579	0.06303	0.01379	0.07406	0.12447	0.03016	0.01856	0.02052	0.01491	0.00837	0.00860	0.00200	0.05178	0.00648	0.00571	0.39142
1	0.02375	0.02750	0.02567	0.02164	0.02521	0.32503	0.11872	0.02628	0.01937	0.02095	0.01659	0.02594	0.01570	0.16089	0.01859	0.00384	0.10280	0.00805	0.00445	0.00904
2	0.02140	0.02526	0.10711	0.10393	0.25254	0.13199	0.02163	0.02992	0.12774	0.02753	0.05286	0.02405	0.01831	0.00919	0.00839	0.00260	0.01054	0.00783	0.00518	0.01199
3	0.01184	0.00869	0.01109	0.01049	0.01259	0.00794	0.00787	0.01567	0.02361	0.03299	0.58635	0.06544	0.13801	0.01782	0.01004	0.00270	0.00405	0.01565	0.00922	0.00794
4	0.01862	0.01862	0.02607	0.02234	0.02234	0.02607	0.01862	0.02048	0.01303	0.02048	0.01117	0.01862	0.01117	0.01489	0.02793	0.00372	0.68535	0.00745	0.00372	0.00931
5	0.03235	0.02384	0.02554	0.01958	0.02639	0.02639	0.01618	0.61946	0.04001	0.05363	0.02043	0.02043	0.01447	0.01022	0.00851	0.00255	0.00936	0.00766	0.00851	0.01447
6	0.01238	0.00825	0.00928	0.00928	0.00928	0.00825	0.00516	0.01238	0.01238	0.01650	0.02681	0.05569	0.03094	0.70092	0.04331	0.00825	0.00825	0.01238	0.00516	0.00516
7	0.02275	0.70604	0.04459	0.01456	0.02184	0.03367	0.01456	0.02548	0.01729	0.02002	0.01183	0.01365	0.01092	0.00728	0.00546	0.00182	0.00910	0.00455	0.00364	0.01092
8	0.01037	0.00741	0.00987	0.01185	0.01234	0.00691	0.00790	0.01185	0.01629	0.02172	0.04690	0.69537	0.05629	0.02666	0.01086	0.00346	0.00494	0.02419	0.00790	0.00691
9	0.01204	0.00870	0.01138	0.01071	0.01271	0.00803	0.00803	0.01606	0.02409	0.03413	0.64335	0.06357	0.08030	0.01740	0.01004	0.00268	0.00401	0.01539	0.00937	0.00803
10	0.03411	0.02101	0.02379	0.01824	0.02498	0.02220	0.01507	0.44480	0.03528	0.23497	0.02440	0.02301	0.01646	0.01031	0.00853	0.00258	0.00872	0.00793	0.00912	0.01448
11	0.09022	0.01838	0.06767	0.27806	0.07605	0.01778	0.01844	0.05970	0.06044	0.02842	0.01652	0.02062	0.01273	0.00812	0.00762	0.00238	0.00920	0.00670	0.00487	0.19608

[dist]
# distance from previous block
# <min> <max>
1	8

[block]
# block no. 3 follows, 21 sequences, length 63
# corresponding to MSA columns:
# 352-414
name=unknown_D
#
# <colnr> <probs for GDERKNQSTAVLIFYWHMCP>
#	G	D	E	R	K	N	Q	S	T	A	V	L	I	F	Y	W	H	M	C	P
0	0.08910	0.05499	0.08083	0.01828	0.08344	0.05031	0.01435	0.04412	0.01864	0.02877	0.01483	0.01742	0.01209	0.00706	0.00669	0.00177	0.00802	0.00546	0.00486	0.43898
1	0.07215	0.01370	0.01537	0.01430	0.01691	0.03647	0.01090	0.06828	0.07621	0.07175	0.03678	0.21226	0.10832	0.06415	0.06060	0.00416	0.08779	0.01371	0.00699	0.00920
2	0.01190	0.00869	0.01118	0.01056	0.01263	0.00797	0.00792	0.01578	0.02375	0.03333	0.60358	0.06488	0.12056	0.01769	0.01004	0.00269	0.00404	0.01557	0.00926	0.00797
3	0.01859	0.01576	0.01692	0.01539	0.01954	0.01764	0.01189	0.03720	0.47226	0.03417	0.14228	0.04182	0.09310	0.01347	0.00902	0.00285	0.00605	0.01138	0.00871	0.01196
4	0.03596	0.01455	0.01952	0.01487	0.02156	0.01238	0.01225	0.03930	0.02363	0.58595	0.03158	0.02774	0.02015	0.01007	0.00831	0.00248	0.00714	0.00818	0.00994	0.09444
5	0.01828	0.00864	0.00921	0.00871	0.01119	0.00843	0.00666	0.02217	0.01855	0.09908	0.02839	0.03143	0.02173	0.00998	0.00623	0.00205	0.00432	0.00800	0.66830	0.00864
6	0.02731	0.37010	0.03426	0.01828	0.02410	0.35326	0.01551	0.02977	0.02074	0.02043	0.01250	0.01451	0.01094	0.00803	0.00658	0.00201	0.01225	0.00502	0.00402	0.01039
7	0.01141	0.00906	0.01050	0.01123	0.01376	0.00815	0.00915	0.01422	0.01947	0.02391	0.07100	0.08711	0.42427	0.02228	0.01069	0.00326	0.00561	0.22965	0.00788	0.00743
8	0.03500	0.01927	0.06813	0.01705	0.02414	0.01692	0.01492	0.20201	0.02827	0.43994	0.02856	0.02577	0.01847	0.01026	0.00851	0.00262	0.00823	0.00814	0.00946	0.01434
9	0.02656	0.14862	0.02856	0.07034	0.06099	0.31791	0.01736	0.04869	0.02083	0.04840	0.01398	0.01718	0.01169	0.00957	0.01083	0.00248	0.12495	0.00611	0.00448	0.01047
10	0.01204	0.00870	0.01138	0.01071	0.01271	0.00803	0.00803	0.01606	0.02409	0.03413	0.64335	0.06357	0.08030	0.01740	0.01004	0.00268	0.00401	0.01539	0.00937	0.00803
11	0.01841	0.01650	0.01800	0.01311	0.02050	0.04681	0.01043	0.02211	0.01800	0.02736	0.01502	0.01752	0.01252	0.00644	0.00638	0.00131	0.00679	0.00507	0.00501	0.71273
12	0.01035	0.00747	0.00981	0.01169	0.01230	0.00693	0.00783	0.01187	0.01645	0.02179	0.04889	0.66438	0.08599	0.02640	0.01082	0.00343	0.00491	0.02388	0.00790	0.00693
13	0.02390	0.02445	0.14651	0.02580	0.17427	0.08334	0.01919	0.02891	0.02013	0.15142	0.01883	0.02054	0.01397	0.00805	0.00775	0.00221	0.00955	0.00664	0.00559	0.20895
14	0.02734	0.39565	0.03543	0.01784	0.04907	0.08486	0.01527	0.14635	0.02339	0.10739	0.01659	0.01740	0.01302	0.00842	0.00678	0.00213	0.00951	0.00588	0.00557	0.01209
15	0.06528	0.02838	0.23698	0.02626	0.13330	0.04632	0.05465	0.12104	0.02303	0.15398	0.01960	0.02095	0.01385	0.00878	0.00824	0.00262	0.01051	0.00724	0.00597	0.01304
16	0.03010	0.02243	0.02444	0.04164	0.02653	0.02487	0.01585	0.53545	0.07072	0.05052	0.05423	0.02343	0.01850	0.01061	0.00860	0.00259	0.00900	0.00818	0.00840	0.01390
17	0.01167	0.00860	0.01091	0.01052	0.01253	0.00784	0.00782	0.01526	0.02292	0.03179	0.52836	0.11105	0.15189	0.01860	0.01010	0.00276	0.00412	0.01635	0.00907	0.00784
18	0.02216	0.60690	0.04192	0.01568	0.02191	0.03258	0.01515	0.02476	0.01668	0.02009	0.01174	0.01437	0.01096	0.00838	0.00870	0.00209	0.10663	0.00497	0.00365	0.01069
19	0.08127	0.00932	0.01020	0.00990	0.01251	0.00864	0.00745	0.01499	0.02072	0.02897	0.30869	0.10140	0.31827	0.01883	0.00964	0.00280	0.00443	0.01598	0.00826	0.00771
20	0.13944	0.01381	0.01716	0.01369	0.01937	0.01276	0.01119	0.03533	0.02248	0.46671	0.08719	0.03018	0.02494	0.01075	0.00805	0.00260	0.00664	0.00858	0.05642	0.01270
21	0.01143	0.00867	0.01052	0.01006	0.01234	0.00777	0.00754	0.01487	0.02263	0.03067	0.47046	0.06926	0.25534	0.01869	0.01004	0.00274	0.00411	0.01619	0.00891	0.00777
22	0.01226	0.00872	0.01165	0.01165	0.01247	0.00954	0.00811	0.01390	0.01308	0.01826	0.02464	0.04368	0.02572	0.35709	0.38001	0.01118	0.01610	0.01062	0.00483	0.00647
23	0.01676	0.00879	0.00889	0.00856	0.01081	0.00893	0.00650	0.05231	0.01905	0.03291	0.02736	0.03112	0.02141	0.00993	0.00609	0.00201	0.00426	0.00792	0.70811	0.00829
24	0.01037	0.00741	0.00987	0.01185	0.01234	0.00691	0.00790	0.01185	0.01629	0.02172	0.04690	0.69537	0.05629	0.02666	0.01086	0.00346	0.00494	0.02419	0.00790	0.00691
25	0.03634	0.01743	0.02158	0.01654	0.02320	0.01689	0.01366	0.22385	0.02930	0.46438	0.02943	0.02627	0.01899	0.01043	0.00854	0.00261	0.00791	0.00828	0.00990	0.01448
26	0.01037	0.00741	0.00987	0.01185	0.01234	0.00691	0.00790	0.01185	0.01629	0.02172	0.04690	0.69537	0.05629	0.02666	0.01086	0.00346	0.00494	0.02419	0.00790	0.00691
27	0.01371	0.00980	0.01371	0.01567	0.01763	0.00980	0.01371	0.01763	0.01959	0.02547	0.04506	0.09599	0.04898	0.02351	0.01175	0.00392	0.00784	0.59056	0.00784	0.00784
28	0.69330	0.01627	0.01319	0.01156	0.01695	0.01847	0.00952	0.02656	0.01541	0.09586	0.01389	0.01524	0.01033	0.00815	0.00557	0.00263	0.00664	0.00498	0.00576	0.00971
29	0.02141	0.01830	0.01941	0.01707	0.02218	0.02068	0.01334	0.06934	0.56065	0.03583	0.03257	0.03021	0.02448	0.01110	0.00848	0.00275	0.00682	0.00920	0.00839	0.06779
30	0.02943	0.03081	0.02335	0.02021	0.02534	0.34226	0.01567	0.19398	0.17200	0.03313	0.02018	0.02059	0.01545	0.00981	0.00813	0.00245	0.01171	0.00704	0.00650	0.01195
31	0.01207	0.00895	0.01184	0.01229	0.01351	0.00898	0.00910	0.01425	0.01859	0.02528	0.22236	0.29794	0.11050	0.02249	0.01348	0.05669	0.05500	0.07165	0.00772	0.00730
32	0.02374	0.01350	0.01865	0.14429	0.02660	0.01334	0.01380	0.06887	0.02201	0.23486	0.11932	0.03745	0.02908	0.01341	0.01069	0.05771	0.00769	0.06349	0.00767	0.07383
33	0.02103	0.32243	0.35059	0.01948	0.02937	0.02513	0.02290	0.02739	0.01815	0.07002	0.01516	0.01695	0.01159	0.00792	0.00701	0.00232	0.01071	0.00572	0.00412	0.01202
34	0.01416	0.01006	0.01255	0.01199	0.01323	0.01090	0.00836	0.07038	0.01548	0.02127	0.02462	0.04355	0.02556	0.38331	0.28770	0.00987	0.01413	0.01064	0.00523	0.00700
35	0.01109	0.00805	0.01046	0.01114	0.01245	0.00742	0.00787	0.01373	0.01993	0.02728	0.31271	0.37755	0.10417	0.02225	0.01045	0.00308	0.00449	0.01991	0.00855	0.00742
36	0.01635	0.01333	0.02156	0.48117	0.04547	0.01573	0.01927	0.02091	0.01738	0.06685	0.02366	0.17586	0.02224	0.01277	0.00905	0.00296	0.00960	0.01141	0.00520	0.00924
37	0.01707	0.04402	0.65683	0.02426	0.03683	0.01976	0.03144	0.02695	0.01797	0.02695	0.01527	0.01797	0.01078	0.00809	0.00809	0.00270	0.01258	0.00629	0.00359	0.01258
38	0.18103	0.01443	0.01704	0.01378	0.01922	0.01398	0.01122	0.07439	0.02340	0.36352	0.14729	0.03201	0.02973	0.01131	0.00817	0.00264	0.00663	0.00902	0.00908	0.01214
39	0.01672	0.01536	0.02000	0.14010	0.02542	0.06341	0.01522	0.01899	0.01545	0.02107	0.07432	0.02844	0.02069	0.06008	0.12100	0.08620	0.23624	0.00859	0.00451	0.00816
40	0.01607	0.01513	0.02552	0.68047	0.05861	0.01891	0.02363	0.02174	0.01702	0.02174	0.01513	0.02269	0.01134	0.00851	0.00851	0.00284	0.01134	0.00756	0.00378	0.00945
41	0.01280	0.00915	0.01155	0.01086	0.01302	0.00872	0.00817	0.01788	0.05608	0.03403	0.56696	0.05960	0.07323	0.01655	0.00967	0.00264	0.00416	0.01455	0.06207	0.00831
42	0.01105	0.00758	0.00989	0.01168	0.01238	0.00715	0.00801	0.01289	0.01661	0.02285	0.04502	0.60293	0.05269	0.02493	0.01045	0.00334	0.00499	0.05125	0.07727	0.00705
43	0.01892	0.01770	0.02968	0.15242	0.45666	0.01824	0.02309	0.02393	0.01966	0.02769	0.10633	0.02747	0.02276	0.00915	0.00867	0.00260	0.00944	0.00871	0.00488	0.01201
44	0.01897	0.05521	0.07831	0.01407	0.02077	0.05445	0.01222	0.02275	0.01813	0.05747	0.04533	0.02408	0.01770	0.08260	0.01080	0.00237	0.00777	0.00660	0.00527	0.44511
45	0.36154	0.11635	0.02161	0.01679	0.04633	0.15894	0.01306	0.02900	0.08373	0.03051	0.01472	0.01657	0.01189	0.00869	0.00732	0.00250	0.03952	0.00558	0.00511	0.01023
46	0.76103	0.01646	0.01251	0.01119	0.01646	0.01909	0.00922	0.02502	0.01448	0.03818	0.01185	0.01382	0.00922	0.00790	0.00527	0.00263	0.00658	0.00461	0.00527	0.00922
47	0.01505	0.01408	0.06543	0.09315	0.02420	0.01197	0.08838	0.01975	0.02151	0.06319	0.33189	0.08202	0.10489	0.01486	0.00968	0.00278	0.00705	0.01344	0.00751	0.00918
48	0.01115	0.00799	0.01066	0.01197	0.01300	0.00750	0.00855	0.01353	0.01861	0.02525	0.19741	0.47215	0.06158	0.02399	0.01075	0.00331	0.00501	0.08206	0.00826	0.00729
49	0.01917	0.01790	0.03084	0.16005	0.42222	0.01849	0.06064	0.02357	0.01802	0.02512	0.01643	0.02371	0.01410	0.04715	0.01222	0.05644	0.01031	0.00798	0.00415	0.01147
50	0.01120	0.00867	0.01021	0.00982	0.01220	0.00767	0.00737	0.01443	0.02210	0.02940	0.40704	0.07134	0.31956	0.01916	0.01005	0.00276	0.00414	0.01648	0.00875	0.00767
51	0.03448	0.01422	0.01893	0.01489	0.02091	0.01272	0.01216	0.03937	0.06897	0.55030	0.09079	0.03241	0.02698	0.01125	0.00870	0.00266	0.00690	0.00928	0.01029	0.01380
52	0.01707	0.04402	0.65683	0.02426	0.03683	0.01976	0.03144	0.02695	0.01797	0.02695	0.01527	0.01797	0.01078	0.00809	0.00809	0.00270	0.01258	0.00629	0.00359	0.01258
53	0.01204	0.00870	0.01138	0.01071	0.01271	0.00803	0.00803	0.01606	0.02409	0.03413	0.64335	0.06357	0.08030	0.01740	0.01004	0.00268	0.00401	0.01539	0.00937	0.00803
54	0.01859	0.01770	0.03008	0.36333	0.35606	0.01957	0.02489	0.02395	0.01821	0.02480	0.01557	0.02187	0.01242	0.00804	0.00847	0.00268	0.01072	0.00757	0.00400	0.01149
55	0.03235	0.02384	0.02554	0.01958	0.02639	0.02639	0.01618	0.61946	0.04001	0.05363	0.02043	0.02043	0.01447	0.01022	0.00851	0.00255	0.00936	0.00766	0.00851	0.01447
56	0.01607	0.01513	0.02552	0.68047	0.05861	0.01891	0.02363	0.02174	0.01702	0.02174	0.01513	0.02269	0.01134	0.00851	0.00851	0.00284	0.01134	0.00756	0.00378	0.00945
57	0.01242	0.00849	0.00986	0.01014	0.01060	0.00840	0.00644	0.01310	0.01383	0.01817	0.03314	0.06302	0.07237	0.56263	0.03677	0.00730	0.00794	0.09400	0.00571	0.00566
58	0.01771	0.11864	0.58782	0.02316	0.03514	0.02133	0.02954	0.02679	0.01789	0.02617	0.01488	0.01748	0.01080	0.00799	0.00779	0.00260	0.01219	0.00609	0.00360	0.01239
59	0.13113	0.07033	0.02183	0.01683	0.02227	0.04415	0.01367	0.21082	0.26102	0.03874	0.02395	0.02400	0.01821	0.01353	0.04961	0.00333	0.00898	0.00777	0.00736	0.01248
60	0.02113	0.05665	0.22700	0.05878	0.09579	0.01801	0.07674	0.05878	0.02029	0.10771	0.02246	0.02436	0.05324	0.00896	0.00817	0.00246	0.01000	0.00769	0.00537	0.11640
61	0.09617	0.02609	0.13296	0.02408	0.09818	0.02365	0.04953	0.36714	0.03057	0.04345	0.01810	0.01960	0.01317	0.00919	0.00820	0.00260	0.00998	0.00726	0.00668	0.01340
62	0.14873	0.01552	0.07488	0.01639	0.05772	0.01362	0.01265	0.08449	0.01990	0.06407	0.07474	0.31378	0.03623	0.01706	0.00902	0.00298	0.00681	0.01472	0.00711	0.00958

[dist]
# distance from previous block
# <min> <max>
0	40

[block]
# block no. 4 follows, 21 sequences, length 38
# corresponding to MSA columns:
# 455-474,481-498
name=unknown_E
#
# <colnr> <probs for GDERKNQSTAVLIFYWHMCP>
#	G	D	E	R	K	N	Q	S	T	A	V	L	I	F	Y	W	H	M	C	P
0	0.52397	0.06556	0.05569	0.01271	0.01797	0.01878	0.01110	0.02479	0.05323	0.03401	0.01779	0.09918	0.01627	0.01041	0.00636	0.00270	0.00695	0.00743	0.00558	0.00953
1	0.06376	0.01253	0.07634	0.01147	0.01481	0.00935	0.00978	0.01500	0.01870	0.02549	0.13095	0.22065	0.32066	0.01998	0.00972	0.00296	0.00544	0.01706	0.00745	0.00792
2	0.02190	0.18855	0.26730	0.02325	0.09185	0.04522	0.05245	0.02792	0.01897	0.09538	0.01660	0.01864	0.01252	0.00794	0.00748	0.00233	0.01054	0.00632	0.00464	0.08020
3	0.43446	0.06609	0.14910	0.05368	0.06598	0.02057	0.01649	0.02511	0.01577	0.03225	0.01297	0.01587	0.01014	0.00826	0.00739	0.00265	0.04285	0.00545	0.00459	0.01032
4	0.01238	0.00825	0.00928	0.00928	0.00928	0.00825	0.00516	0.01238	0.01238	0.01650	0.02681	0.05569	0.03094	0.70092	0.04331	0.00825	0.00825	0.01238	0.00516	0.00516
5	0.01126	0.00845	0.01043	0.01039	0.01235	0.00762	0.00762	0.01436	0.02155	0.02918	0.40012	0.18021	0.21513	0.02007	0.01019	0.00286	0.00425	0.01759	0.00875	0.00762
6	0.07118	0.06420	0.06552	0.09419	0.11770	0.02052	0.14714	0.12346	0.02309	0.16014	0.01994	0.02208	0.01429	0.00864	0.00842	0.00263	0.01029	0.00788	0.00617	0.01252
7	0.07096	0.01500	0.02023	0.02030	0.10589	0.01505	0.04410	0.08798	0.08570	0.15230	0.14016	0.12861	0.04988	0.01366	0.00904	0.00278	0.00714	0.01195	0.00794	0.01132
8	0.01412	0.00934	0.01187	0.01266	0.01463	0.00898	0.00973	0.01799	0.05209	0.06694	0.09265	0.30584	0.11054	0.02161	0.01034	0.00327	0.00573	0.16550	0.05796	0.00819
9	0.06384	0.06891	0.21550	0.24536	0.06936	0.02065	0.08587	0.02666	0.07400	0.02632	0.01681	0.02095	0.01262	0.00836	0.00816	0.00271	0.01111	0.00726	0.00433	0.01122
10	0.02300	0.11346	0.03178	0.16469	0.33894	0.04511	0.02186	0.02751	0.01947	0.10871	0.01749	0.02120	0.01362	0.00816	0.00802	0.00249	0.01003	0.00721	0.00490	0.01233
11	0.01162	0.00781	0.01013	0.01182	0.01273	0.00746	0.00843	0.01380	0.01697	0.02367	0.04391	0.51702	0.05035	0.02383	0.01029	0.00331	0.00520	0.10090	0.11354	0.00719
12	0.76103	0.01646	0.01251	0.01119	0.01646	0.01909	0.00922	0.02502	0.01448	0.03818	0.01185	0.01382	0.00922	0.00790	0.00527	0.00263	0.00658	0.00461	0.00527	0.00922
13	0.01223	0.00823	0.00952	0.00966	0.00976	0.00827	0.00559	0.01247	0.01270	0.01700	0.02798	0.09766	0.03220	0.62646	0.06967	0.00818	0.00869	0.01302	0.00531	0.00539
14	0.02215	0.37320	0.11617	0.06967	0.09250	0.02657	0.06057	0.02766	0.04941	0.06570	0.01593	0.01821	0.01278	0.00793	0.00701	0.00226	0.00993	0.00621	0.00447	0.01169
15	0.01571	0.01195	0.05354	0.01175	0.01450	0.01063	0.00957	0.06275	0.05214	0.02981	0.03184	0.21465	0.03034	0.01733	0.04179	0.00313	0.00632	0.01248	0.36107	0.00871
16	0.01935	0.01564	0.02478	0.15165	0.23053	0.01604	0.04887	0.02538	0.06342	0.09266	0.14915	0.03540	0.06808	0.01117	0.00898	0.00269	0.00844	0.01017	0.00637	0.01123
17	0.01968	0.02162	0.06250	0.15856	0.16846	0.06913	0.08153	0.02394	0.01695	0.02335	0.01395	0.02011	0.01184	0.01050	0.01563	0.00304	0.25705	0.00756	0.00394	0.01067
18	0.01898	0.01737	0.02512	0.07659	0.30940	0.04100	0.01971	0.02684	0.12695	0.02765	0.02692	0.08291	0.02531	0.01280	0.00926	0.00293	0.00899	0.12379	0.00593	0.01153
19	0.02368	0.63746	0.04248	0.01532	0.02230	0.09892	0.01476	0.02636	0.01799	0.02010	0.01197	0.01383	0.01093	0.00743	0.00569	0.00186	0.00974	0.00465	0.00372	0.01081
20	0.01894	0.05147	0.25068	0.26601	0.04236	0.01974	0.06589	0.02784	0.08149	0.06711	0.01843	0.02205	0.01339	0.00867	0.00837	0.00274	0.01116	0.00745	0.00470	0.01150
21	0.02406	0.02124	0.02455	0.16563	0.10460	0.07586	0.01815	0.19742	0.21172	0.03550	0.02249	0.02402	0.01689	0.00982	0.00848	0.00268	0.00958	0.00805	0.00669	0.01258
22	0.03179	0.04056	0.02412	0.02192	0.02631	0.66676	0.01644	0.03398	0.02412	0.02083	0.01315	0.01535	0.01096	0.00877	0.00767	0.00219	0.01535	0.00548	0.00438	0.00987
23	0.02108	0.01990	0.03202	0.04648	0.54477	0.02038	0.02403	0.02926	0.12037	0.02909	0.01908	0.02282	0.01554	0.00824	0.00846	0.00259	0.00955	0.00792	0.00494	0.01348
24	0.01422	0.01070	0.01499	0.01636	0.01812	0.01147	0.01422	0.01793	0.01891	0.02495	0.04157	0.08802	0.04508	0.02262	0.01342	0.00390	0.07766	0.53046	0.00741	0.00799
25	0.01238	0.00825	0.00928	0.00928	0.00928	0.00825	0.00516	0.01238	0.01238	0.01650	0.02681	0.05569	0.03094	0.70092	0.04331	0.00825	0.00825	0.01238	0.00516	0.00516
26	0.08884	0.00911	0.01086	0.01088	0.01260	0.00891	0.00778	0.01546	0.01970	0.02926	0.35136	0.22089	0.06094	0.09938	0.01368	0.00353	0.00502	0.01620	0.00807	0.00752
27	0.01438	0.00990	0.01208	0.01266	0.01424	0.00997	0.00879	0.01972	0.12412	0.06517	0.04101	0.44388	0.04504	0.11918	0.01496	0.00399	0.00588	0.01892	0.00782	0.00831
28	0.01366	0.00877	0.01095	0.01138	0.01234	0.00853	0.00789	0.01512	0.01590	0.05489	0.07569	0.17544	0.04168	0.36758	0.02736	0.00589	0.00725	0.12627	0.00673	0.00668
29	0.01781	0.21893	0.38011	0.01917	0.02830	0.02160	0.02257	0.02433	0.01761	0.02445	0.05703	0.02369	0.01749	0.07989	0.01113	0.00303	0.01062	0.00704	0.00415	0.01106
30	0.01207	0.00812	0.00937	0.00968	0.00975	0.00805	0.00558	0.01229	0.01298	0.01730	0.02990	0.15384	0.03483	0.59747	0.03834	0.00751	0.00774	0.01419	0.00558	0.00543
31	0.01576	0.01439	0.05186	0.13138	0.09779	0.01350	0.04574	0.02180	0.06015	0.04918	0.32444	0.06414	0.04790	0.01347	0.00939	0.00273	0.00723	0.01213	0.00722	0.00982
32	0.02106	0.02022	0.03454	0.05223	0.64784	0.02022	0.02612	0.02612	0.01938	0.02780	0.01601	0.02106	0.01348	0.00758	0.00842	0.00253	0.01011	0.00758	0.00421	0.01348
33	0.02750	0.02344	0.06702	0.01781	0.02354	0.13233	0.01502	0.20896	0.09353	0.14501	0.12865	0.02940	0.02717	0.01123	0.00862	0.00257	0.00909	0.00886	0.00794	0.01232
34	0.24356	0.11582	0.07109	0.02240	0.13201	0.05617	0.01654	0.13959	0.07011	0.03489	0.01631	0.01811	0.01271	0.00854	0.00705	0.00249	0.00897	0.00626	0.00557	0.01180
35	0.12412	0.01708	0.02679	0.36760	0.25645	0.01939	0.02244	0.02372	0.01747	0.02619	0.01496	0.02086	0.01178	0.00810	0.00802	0.00270	0.01024	0.00715	0.00414	0.01081
36	0.02419	0.02299	0.09721	0.06204	0.21366	0.05931	0.01994	0.13157	0.08394	0.09693	0.04366	0.02358	0.01755	0.00920	0.00832	0.00252	0.00955	0.00775	0.00621	0.05989
37	0.02087	0.01762	0.02222	0.02131	0.13974	0.01566	0.01418	0.12736	0.02190	0.03229	0.01622	0.01878	0.01310	0.00723	0.00709	0.00173	0.00756	0.00598	0.00550	0.48366

[dist]
# distance from previous block
# <min> <max>
3	72

[block]
# block no. 5 follows, 21 sequences, length 13
# corresponding to MSA columns:
# 571-583
name=unknown_F
#
# <colnr> <probs for GDERKNQSTAVLIFYWHMCP>
#	G	D	E	R	K	N	Q	S	T	A	V	L	I	F	Y	W	H	M	C	P
0	0.08494	0.01524	0.09293	0.01329	0.01760	0.01191	0.01176	0.05764	0.02214	0.05181	0.32955	0.10675	0.07476	0.01502	0.00905	0.00266	0.00600	0.01282	0.00778	0.05635
1	0.09655	0.07025	0.25020	0.06016	0.02999	0.01923	0.06488	0.06242	0.03750	0.02901	0.02016	0.02258	0.05257	0.00902	0.00830	0.00248	0.03024	0.00715	0.00480	0.12253
2	0.01198	0.00885	0.00982	0.00950	0.01096	0.00823	0.00614	0.01304	0.01497	0.01940	0.04439	0.06035	0.22058	0.41390	0.06042	0.00638	0.00759	0.01349	0.00598	0.05402
3	0.02205	0.03147	0.36118	0.06276	0.03244	0.01905	0.02369	0.05993	0.13421	0.13566	0.02220	0.02281	0.01555	0.00927	0.00832	0.00272	0.01036	0.00744	0.00595	0.01296
4	0.02561	0.01152	0.01527	0.01337	0.01707	0.01043	0.01027	0.02795	0.01993	0.34878	0.03519	0.13989	0.03144	0.17250	0.01720	0.00418	0.00720	0.07306	0.00863	0.01053
5	0.02054	0.01968	0.03359	0.11825	0.58592	0.02008	0.02586	0.02566	0.01913	0.02717	0.01591	0.02123	0.01326	0.00768	0.00843	0.00256	0.01024	0.00758	0.00417	0.01306
6	0.02726	0.01335	0.01736	0.01352	0.01933	0.01122	0.01091	0.03084	0.02264	0.36038	0.16515	0.03389	0.03219	0.01102	0.00833	0.00230	0.00629	0.00921	0.00891	0.19591
7	0.01508	0.00800	0.00823	0.00823	0.00977	0.00800	0.00577	0.01817	0.01663	0.02833	0.02755	0.03708	0.02385	0.16419	0.01429	0.00338	0.00492	0.00892	0.58228	0.00731
8	0.01727	0.02285	0.21473	0.01649	0.02286	0.01535	0.01666	0.15232	0.02303	0.03085	0.04279	0.15155	0.20714	0.01568	0.00923	0.00284	0.00812	0.01307	0.00669	0.01045
9	0.01667	0.01240	0.01633	0.01499	0.01770	0.01415	0.01187	0.15011	0.01956	0.02732	0.02227	0.03053	0.01976	0.05186	0.52014	0.01119	0.01980	0.00879	0.00544	0.00913
10	0.01867	0.01736	0.02903	0.04322	0.50595	0.01725	0.02205	0.02293	0.01869	0.02645	0.02291	0.17161	0.02304	0.01184	0.00897	0.00273	0.00896	0.01129	0.00504	0.01201
11	0.01809	0.16992	0.03073	0.46578	0.11232	0.02234	0.02187	0.02304	0.01733	0.02200	0.01448	0.02050	0.01147	0.00814	0.00782	0.00258	0.01071	0.00689	0.00380	0.01020
12	0.02061	0.02136	0.02521	0.49164	0.04936	0.16402	0.02156	0.06228	0.02006	0.02356	0.01502	0.02091	0.01146	0.00867	0.00832	0.00267	0.01211	0.00710	0.00422	0.00986

[dist]
# distance from previous block
# <min> <max>
0	411

# created by:
# /home/cegg/simao/soft/augustus-3.2.1/scripts/msa2prfl.pl ./align_prep/23030.fa
