[name]
unknown

[dist]
# distance from previous block
# <min> <max>
0	4

[block]
# block no. 0 follows, 25 sequences, length 105
# corresponding to MSA columns:
# 4-108
name=unknown_A
#
# <colnr> <probs for GDERKNQSTAVLIFYWHMCP>
#	G	D	E	R	K	N	Q	S	T	A	V	L	I	F	Y	W	H	M	C	P
0	0.01448	0.01342	0.02245	0.65709	0.05062	0.01661	0.02086	0.01953	0.01568	0.02006	0.01581	0.02565	0.01289	0.00877	0.00797	0.00266	0.01010	0.05312	0.00372	0.00850
1	0.01838	0.02097	0.07849	0.03672	0.26750	0.01881	0.36995	0.02429	0.01789	0.02501	0.01513	0.01988	0.01182	0.00670	0.00841	0.00245	0.01137	0.00800	0.00387	0.03436
2	0.00951	0.00677	0.00898	0.01071	0.01115	0.00634	0.00711	0.01081	0.01472	0.01962	0.04209	0.69863	0.05046	0.04922	0.01094	0.00330	0.00461	0.02166	0.00711	0.00624
3	0.01884	0.01807	0.03084	0.09830	0.63115	0.01833	0.02362	0.02349	0.01749	0.02491	0.01452	0.01930	0.01213	0.00697	0.00768	0.00232	0.00930	0.00691	0.00381	0.01200
4	0.01318	0.01113	0.01543	0.01425	0.01482	0.01407	0.01102	0.01490	0.01197	0.01751	0.01796	0.03065	0.01830	0.20405	0.30427	0.00811	0.25894	0.00849	0.00402	0.00693
5	0.01696	0.01696	0.02375	0.02036	0.02036	0.02375	0.01696	0.01866	0.01187	0.01866	0.01018	0.01696	0.01018	0.01357	0.02545	0.00339	0.71332	0.00679	0.00339	0.00848
6	0.01555	0.04011	0.68733	0.02210	0.03356	0.01801	0.02865	0.02455	0.01637	0.02455	0.01391	0.01637	0.00982	0.00737	0.00737	0.00246	0.01146	0.00573	0.00327	0.01146
7	0.01945	0.02009	0.03899	0.03688	0.26657	0.01952	0.38034	0.07132	0.01942	0.02680	0.01551	0.02013	0.01205	0.00688	0.00852	0.00248	0.01136	0.00819	0.00418	0.01131
8	0.01919	0.01842	0.03147	0.04759	0.67914	0.01842	0.02380	0.02380	0.01765	0.02533	0.01458	0.01919	0.01228	0.00691	0.00768	0.00230	0.00921	0.00691	0.00384	0.01228
9	0.00945	0.00675	0.00900	0.01080	0.01125	0.00630	0.00720	0.01080	0.01484	0.01979	0.04274	0.72245	0.05128	0.02429	0.00990	0.00315	0.00450	0.02204	0.00720	0.00630
10	0.00945	0.00675	0.00900	0.01080	0.01125	0.00630	0.00720	0.01080	0.01484	0.01979	0.04274	0.72245	0.05128	0.02429	0.00990	0.00315	0.00450	0.02204	0.00720	0.00630
11	0.01726	0.01645	0.02799	0.32811	0.41370	0.01792	0.02284	0.02211	0.01674	0.02299	0.01424	0.01982	0.01146	0.00727	0.00771	0.00242	0.00969	0.00690	0.00367	0.01073
12	0.01919	0.01842	0.03147	0.04759	0.67914	0.01842	0.02380	0.02380	0.01765	0.02533	0.01458	0.01919	0.01228	0.00691	0.00768	0.00230	0.00921	0.00691	0.00384	0.01228
13	0.01260	0.00963	0.01177	0.01093	0.01326	0.00966	0.00829	0.01983	0.14775	0.03136	0.54919	0.05225	0.06348	0.01481	0.00890	0.00248	0.00414	0.01299	0.00841	0.00829
14	0.02312	0.53286	0.03543	0.01499	0.02107	0.16029	0.01373	0.08090	0.01882	0.02112	0.01171	0.01329	0.01025	0.00714	0.00562	0.00178	0.00943	0.00456	0.00385	0.01005
15	0.01024	0.00708	0.00876	0.00978	0.01004	0.00683	0.00611	0.01100	0.01330	0.01773	0.03479	0.43105	0.04126	0.32936	0.02272	0.00504	0.00581	0.01737	0.00611	0.00560
16	0.00977	0.00706	0.00968	0.01112	0.01176	0.00697	0.00769	0.01140	0.01437	0.01944	0.03840	0.58593	0.04499	0.03097	0.14541	0.00499	0.00771	0.01933	0.00660	0.00642
17	0.01863	0.13689	0.33225	0.02337	0.03249	0.02103	0.20503	0.09243	0.01901	0.02631	0.01446	0.01734	0.01077	0.00723	0.00756	0.00237	0.01113	0.00662	0.00395	0.01113
18	0.01347	0.00673	0.01010	0.01010	0.01010	0.00673	0.00673	0.01010	0.01010	0.01347	0.01347	0.02357	0.01347	0.02694	0.03030	0.77441	0.00673	0.00673	0.00337	0.00337
19	0.01847	0.01769	0.03017	0.15247	0.57990	0.01823	0.02344	0.02316	0.01731	0.02446	0.01446	0.01943	0.01197	0.00704	0.00769	0.00235	0.00939	0.00691	0.00378	0.01170
20	0.12826	0.02174	0.02578	0.02804	0.24216	0.11368	0.06159	0.22733	0.02374	0.03329	0.01508	0.01751	0.01169	0.00784	0.00732	0.00230	0.00948	0.00645	0.00526	0.01146
21	0.01806	0.37586	0.37359	0.01781	0.02693	0.02416	0.02119	0.02391	0.01607	0.02149	0.01239	0.01446	0.00988	0.00701	0.00621	0.00207	0.00992	0.00496	0.00329	0.01073
22	0.02443	0.21358	0.03053	0.02178	0.07089	0.37031	0.09526	0.02730	0.01929	0.01996	0.01227	0.01491	0.01037	0.00755	0.00735	0.00205	0.03327	0.00549	0.00378	0.00964
23	0.02706	0.03183	0.02118	0.01899	0.02321	0.51380	0.01442	0.07670	0.15158	0.02377	0.01636	0.01730	0.01295	0.00859	0.00722	0.00215	0.01203	0.00589	0.00504	0.00994
24	0.01283	0.00802	0.00993	0.01024	0.01217	0.00712	0.00737	0.01473	0.01713	0.10937	0.09146	0.39164	0.23799	0.02039	0.00935	0.00284	0.00455	0.01792	0.00760	0.00736
25	0.01559	0.01508	0.02346	0.42885	0.03996	0.01988	0.01967	0.01934	0.01403	0.01934	0.01232	0.01916	0.01027	0.01012	0.01495	0.00291	0.29624	0.00685	0.00342	0.00856
26	0.01465	0.03376	0.55378	0.01966	0.02922	0.01590	0.02444	0.02260	0.01747	0.02584	0.14435	0.02457	0.02232	0.00904	0.00772	0.00245	0.00992	0.00737	0.00431	0.01064
27	0.02114	0.01035	0.01259	0.01063	0.01483	0.00881	0.00846	0.02359	0.01979	0.33111	0.05613	0.05208	0.36899	0.01494	0.00853	0.00252	0.00518	0.01236	0.00832	0.00965
28	0.02104	0.01795	0.03057	0.03928	0.47119	0.01775	0.09903	0.02690	0.06376	0.10841	0.01792	0.02099	0.01388	0.00745	0.00789	0.00238	0.00915	0.00743	0.00485	0.01217
29	0.01021	0.00790	0.00931	0.00895	0.01112	0.00699	0.00671	0.01315	0.02014	0.02681	0.42345	0.06496	0.32743	0.01745	0.00915	0.00251	0.00377	0.01501	0.00797	0.00699
30	0.01005	0.00766	0.00938	0.01051	0.01208	0.00700	0.00794	0.01214	0.01659	0.02101	0.05567	0.33414	0.28218	0.02189	0.00981	0.00305	0.00490	0.16021	0.00719	0.00659
31	0.01495	0.01421	0.02332	0.61718	0.04900	0.01810	0.02092	0.01966	0.01502	0.01966	0.01330	0.02018	0.01031	0.00853	0.01011	0.00269	0.10395	0.00688	0.00344	0.00860
32	0.01464	0.01378	0.02326	0.70887	0.05340	0.01723	0.02153	0.01981	0.01550	0.01981	0.01378	0.02067	0.01034	0.00775	0.00775	0.00258	0.01034	0.00689	0.00345	0.00861
33	0.01108	0.00831	0.01246	0.01246	0.01385	0.00969	0.00969	0.01385	0.01246	0.01800	0.02077	0.03046	0.01938	0.05815	0.69678	0.01246	0.02077	0.00831	0.00415	0.00692
34	0.01565	0.01517	0.02282	0.29991	0.03335	0.02024	0.01834	0.01874	0.01350	0.01918	0.01324	0.05316	0.01226	0.01173	0.01748	0.00305	0.39255	0.00758	0.00360	0.00843
35	0.00944	0.00766	0.00838	0.00864	0.01075	0.00659	0.00631	0.01150	0.01768	0.02199	0.14568	0.19318	0.48508	0.02004	0.00930	0.00269	0.00400	0.01713	0.00736	0.00659
36	0.01899	0.01850	0.02674	0.01990	0.02653	0.05871	0.21776	0.06943	0.10750	0.02737	0.01706	0.01945	0.01327	0.00704	0.00736	0.00196	0.00888	0.00683	0.00501	0.32171
37	0.02115	0.33983	0.03130	0.18318	0.07802	0.18739	0.01644	0.02432	0.01734	0.01932	0.01207	0.01528	0.01022	0.00725	0.00633	0.00201	0.01022	0.00521	0.00355	0.00957
38	0.01464	0.01378	0.02326	0.70887	0.05340	0.01723	0.02153	0.01981	0.01550	0.01981	0.01378	0.02067	0.01034	0.00775	0.00775	0.00258	0.01034	0.00689	0.00345	0.00861
39	0.01612	0.11592	0.61649	0.02113	0.03206	0.01940	0.02696	0.02441	0.01630	0.02386	0.01357	0.01594	0.00984	0.00729	0.00710	0.00237	0.01111	0.00556	0.00328	0.01129
40	0.01967	0.44343	0.06042	0.02087	0.02810	0.02613	0.25545	0.02387	0.01674	0.02092	0.01273	0.01576	0.01063	0.00662	0.00662	0.00204	0.01019	0.00609	0.00354	0.01018
41	0.01108	0.00831	0.01246	0.01246	0.01385	0.00969	0.00969	0.01385	0.01246	0.01800	0.02077	0.03046	0.01938	0.05815	0.69678	0.01246	0.02077	0.00831	0.00415	0.00692
42	0.01524	0.01456	0.02307	0.01884	0.02122	0.01698	0.13737	0.01954	0.04786	0.02488	0.24494	0.03264	0.03317	0.01285	0.01572	0.00287	0.29424	0.00987	0.00551	0.00864
43	0.02079	0.01599	0.02506	0.03314	0.39439	0.01621	0.01842	0.08081	0.01900	0.12138	0.01847	0.02238	0.01475	0.01754	0.14248	0.00431	0.01103	0.00732	0.00509	0.01145
44	0.01108	0.00831	0.01246	0.01246	0.01385	0.00969	0.00969	0.01385	0.01246	0.01800	0.02077	0.03046	0.01938	0.05815	0.69678	0.01246	0.02077	0.00831	0.00415	0.00692
45	0.02759	0.03160	0.02151	0.01902	0.02341	0.49270	0.01454	0.12731	0.12034	0.02554	0.01592	0.01692	0.01252	0.00857	0.00724	0.00214	0.01198	0.00586	0.00515	0.01012
46	0.01643	0.01591	0.02791	0.43548	0.25392	0.01782	0.07837	0.02154	0.01645	0.02204	0.01421	0.02022	0.01109	0.00737	0.00785	0.00250	0.01022	0.00710	0.00361	0.00996
47	0.00948	0.00725	0.00871	0.00965	0.01100	0.00648	0.00674	0.01125	0.01649	0.02121	0.11152	0.43185	0.27672	0.02188	0.00957	0.00290	0.00422	0.01930	0.00732	0.00648
48	0.01317	0.00802	0.01004	0.00951	0.01150	0.00748	0.00714	0.01661	0.02018	0.07128	0.44277	0.09601	0.05614	0.01450	0.00827	0.00234	0.00389	0.01265	0.18088	0.00760
49	0.78228	0.01499	0.01140	0.01020	0.01499	0.01739	0.00840	0.02279	0.01320	0.03479	0.01080	0.01260	0.00840	0.00720	0.00480	0.00240	0.00600	0.00420	0.00480	0.00840
50	0.01645	0.04417	0.10769	0.02568	0.15207	0.01861	0.09276	0.02049	0.01552	0.02216	0.01854	0.06322	0.01807	0.01217	0.01406	0.00293	0.23805	0.10350	0.00429	0.00956
51	0.00970	0.00781	0.00865	0.00859	0.01084	0.00675	0.00638	0.01212	0.01873	0.02380	0.24854	0.11024	0.46294	0.01883	0.00920	0.00260	0.00389	0.01604	0.00759	0.00675
52	0.14154	0.01731	0.02094	0.01727	0.02209	0.01928	0.09208	0.16196	0.27807	0.03390	0.02353	0.07140	0.01898	0.01032	0.00833	0.00259	0.03412	0.00857	0.00666	0.01106
53	0.02028	0.01838	0.02947	0.17898	0.34746	0.01946	0.08431	0.15382	0.02117	0.02901	0.01536	0.01956	0.01201	0.00755	0.00786	0.00240	0.00969	0.00714	0.00458	0.01152
54	0.01030	0.00731	0.00954	0.01049	0.01134	0.00691	0.00731	0.01224	0.01645	0.02236	0.20333	0.41956	0.05353	0.11007	0.01347	0.00354	0.00486	0.06372	0.00722	0.00642
55	0.01874	0.01248	0.01477	0.01280	0.01640	0.01284	0.01002	0.09409	0.19016	0.13240	0.33970	0.04138	0.04567	0.01281	0.00847	0.00247	0.00527	0.01096	0.00844	0.01013
56	0.03027	0.01821	0.02067	0.01949	0.10329	0.12269	0.01388	0.05286	0.05488	0.41784	0.02454	0.02305	0.01657	0.00919	0.00832	0.00237	0.03486	0.00723	0.00760	0.01218
57	0.01705	0.01648	0.02873	0.34801	0.34904	0.01796	0.06680	0.02205	0.01672	0.02278	0.01430	0.01999	0.01136	0.00727	0.00781	0.00245	0.01000	0.00706	0.00366	0.01048
58	0.00943	0.00681	0.00893	0.01062	0.01120	0.00631	0.00712	0.01082	0.01502	0.01986	0.04490	0.68334	0.08900	0.02401	0.00985	0.00312	0.00446	0.02170	0.00720	0.00631
59	0.07439	0.01806	0.02870	0.04098	0.55011	0.01827	0.02137	0.06423	0.01881	0.06862	0.01557	0.01914	0.01250	0.00725	0.00749	0.00232	0.00878	0.00678	0.00451	0.01212
60	0.01998	0.07523	0.11097	0.03036	0.29124	0.01908	0.06387	0.02925	0.17731	0.07555	0.01966	0.02138	0.01508	0.00801	0.00760	0.00238	0.00874	0.00723	0.00516	0.01194
61	0.01156	0.00961	0.01480	0.29471	0.02839	0.01074	0.01303	0.01446	0.01511	0.01980	0.03096	0.43703	0.03463	0.01756	0.00902	0.00292	0.00687	0.01588	0.00567	0.00724
62	0.01711	0.05031	0.02126	0.02089	0.18898	0.01342	0.01316	0.02081	0.01647	0.02494	0.01384	0.01670	0.01161	0.00609	0.00620	0.00147	0.00676	0.00517	0.00434	0.54047
63	0.02681	0.01436	0.01949	0.01459	0.02096	0.01238	0.05574	0.05293	0.04476	0.37801	0.02372	0.02249	0.01614	0.00816	0.00723	0.00202	0.00683	0.00686	0.00745	0.25907
64	0.02432	0.34393	0.08131	0.01707	0.02291	0.31686	0.01526	0.05765	0.01950	0.02055	0.01193	0.01371	0.01012	0.00741	0.00617	0.00190	0.01100	0.00477	0.00382	0.00981
65	0.02112	0.69896	0.03974	0.01359	0.02009	0.06248	0.01335	0.02359	0.01605	0.01828	0.01084	0.01251	0.00995	0.00670	0.00507	0.00167	0.00856	0.00419	0.00335	0.00990
66	0.01902	0.02322	0.23292	0.01588	0.02409	0.01464	0.01632	0.10379	0.01924	0.07721	0.01570	0.01727	0.01174	0.00701	0.00668	0.00181	0.00800	0.00550	0.00495	0.37501
67	0.01165	0.00859	0.01188	0.01102	0.01184	0.00867	0.05380	0.01265	0.01220	0.01652	0.02437	0.08771	0.02708	0.52750	0.13549	0.00763	0.00976	0.01134	0.00471	0.00557
68	0.01464	0.01378	0.02326	0.70887	0.05340	0.01723	0.02153	0.01981	0.01550	0.01981	0.01378	0.02067	0.01034	0.00775	0.00775	0.00258	0.01034	0.00689	0.00345	0.00861
69	0.00997	0.01027	0.05897	0.00926	0.01240	0.00754	0.00785	0.01277	0.01836	0.02307	0.18271	0.06723	0.51619	0.01803	0.00903	0.00257	0.00444	0.01514	0.00715	0.00705
70	0.02157	0.01899	0.07892	0.08358	0.37693	0.01707	0.10019	0.02646	0.01838	0.15487	0.01777	0.02072	0.01326	0.00749	0.00787	0.00239	0.00943	0.00728	0.00491	0.01191
71	0.01526	0.01225	0.01438	0.01450	0.01732	0.01342	0.01166	0.02713	0.32110	0.02707	0.03683	0.14732	0.03571	0.01670	0.00927	0.00307	0.00631	0.25376	0.00750	0.00943
72	0.02066	0.01734	0.01831	0.01606	0.02069	0.01993	0.01261	0.12379	0.58031	0.03465	0.02981	0.02754	0.02225	0.01036	0.00787	0.00259	0.00646	0.00853	0.00787	0.01240
73	0.01765	0.22543	0.38779	0.01852	0.02737	0.02171	0.02144	0.02723	0.13473	0.02427	0.01628	0.01759	0.01239	0.00774	0.00681	0.00227	0.00962	0.00585	0.00413	0.01119
74	0.02403	0.07129	0.03092	0.02401	0.09156	0.01630	0.25524	0.02837	0.01923	0.26891	0.02275	0.07443	0.01738	0.00904	0.00824	0.00247	0.00928	0.00901	0.00622	0.01130
75	0.00945	0.00675	0.00900	0.01080	0.01125	0.00630	0.00720	0.01080	0.01484	0.01979	0.04274	0.72245	0.05128	0.02429	0.00990	0.00315	0.00450	0.02204	0.00720	0.00630
76	0.01042	0.00765	0.00990	0.01130	0.01220	0.00744	0.00789	0.01350	0.06113	0.02160	0.08131	0.59230	0.05029	0.02262	0.00976	0.00309	0.00473	0.05869	0.00733	0.00683
77	0.01881	0.15746	0.31359	0.11541	0.07189	0.02047	0.02168	0.07346	0.05720	0.05666	0.01559	0.01783	0.01161	0.00770	0.00708	0.00232	0.00981	0.00605	0.00427	0.01111
78	0.01919	0.01842	0.03147	0.04759	0.67914	0.01842	0.02380	0.02380	0.01765	0.02533	0.01458	0.01919	0.01228	0.00691	0.00768	0.00230	0.00921	0.00691	0.00384	0.01228
79	0.00945	0.00675	0.00900	0.01080	0.01125	0.00630	0.00720	0.01080	0.01484	0.01979	0.04274	0.72245	0.05128	0.02429	0.00990	0.00315	0.00450	0.02204	0.00720	0.00630
80	0.01252	0.01180	0.05318	0.01277	0.01447	0.04311	0.01018	0.01489	0.01283	0.01773	0.02036	0.03327	0.02013	0.21797	0.42667	0.00970	0.04875	0.00866	0.00419	0.00681
81	0.02566	0.14850	0.02857	0.02011	0.02510	0.33864	0.11527	0.02856	0.01957	0.10210	0.01453	0.01658	0.01142	0.00816	0.00852	0.00220	0.06613	0.00599	0.00451	0.00987
82	0.01217	0.00855	0.01177	0.01347	0.01507	0.00848	0.01144	0.01543	0.01736	0.02300	0.04055	0.17216	0.04439	0.02124	0.01035	0.00343	0.00661	0.51488	0.04262	0.00703
83	0.78228	0.01499	0.01140	0.01020	0.01499	0.01739	0.00840	0.02279	0.01320	0.03479	0.01080	0.01260	0.00840	0.00720	0.00480	0.00240	0.00600	0.00420	0.00480	0.00840
84	0.00960	0.00710	0.00889	0.01006	0.01103	0.00648	0.00687	0.01124	0.01593	0.02091	0.10848	0.51366	0.17107	0.04696	0.01071	0.00313	0.00442	0.01984	0.00724	0.00639
85	0.00957	0.00768	0.00859	0.00905	0.01108	0.00670	0.00670	0.01163	0.01738	0.02159	0.11272	0.21785	0.45276	0.02050	0.00942	0.00278	0.00424	0.05589	0.00730	0.00659
86	0.02202	0.07554	0.02606	0.01943	0.02490	0.19974	0.14678	0.07159	0.10855	0.05019	0.01869	0.06268	0.01559	0.00879	0.00751	0.00218	0.00989	0.00757	0.00522	0.11706
87	0.14117	0.06681	0.01927	0.01661	0.05908	0.01957	0.01244	0.11789	0.35000	0.03284	0.02471	0.06684	0.01990	0.01020	0.00729	0.00250	0.00668	0.00820	0.00677	0.01124
88	0.01956	0.07504	0.15550	0.02861	0.26918	0.01909	0.01981	0.02989	0.20887	0.06655	0.02015	0.02145	0.01541	0.00821	0.00748	0.00239	0.00852	0.00707	0.00523	0.01200
89	0.06829	0.01855	0.02720	0.08551	0.46356	0.06048	0.02050	0.02600	0.05693	0.07471	0.01635	0.01968	0.01296	0.00747	0.00748	0.00234	0.00901	0.00680	0.00455	0.01164
90	0.08558	0.02174	0.02234	0.01734	0.02337	0.04683	0.01427	0.58473	0.03422	0.04678	0.01780	0.01801	0.01272	0.00910	0.00751	0.00232	0.00853	0.00670	0.00741	0.01268
91	0.00945	0.00675	0.00900	0.01080	0.01125	0.00630	0.00720	0.01080	0.01484	0.01979	0.04274	0.72245	0.05128	0.02429	0.00990	0.00315	0.00450	0.02204	0.00720	0.00630
92	0.02090	0.01253	0.01871	0.01806	0.08652	0.01180	0.07146	0.07136	0.01955	0.23536	0.03264	0.28798	0.04932	0.01484	0.00874	0.00269	0.00675	0.01339	0.00735	0.01004
93	0.06945	0.01838	0.02809	0.03655	0.43609	0.05799	0.06812	0.02561	0.01818	0.11272	0.01746	0.04614	0.01425	0.00798	0.00767	0.00236	0.00907	0.00748	0.00481	0.01159
94	0.02781	0.01188	0.01565	0.01260	0.01738	0.01067	0.01018	0.03191	0.05331	0.47437	0.15628	0.03287	0.03002	0.01082	0.00788	0.00237	0.00577	0.00902	0.06766	0.01154
95	0.01555	0.04011	0.68733	0.02210	0.03356	0.01801	0.02865	0.02455	0.01637	0.02455	0.01391	0.01637	0.00982	0.00737	0.00737	0.00246	0.01146	0.00573	0.00327	0.01146
96	0.01783	0.07285	0.36078	0.02559	0.16395	0.04475	0.02311	0.02769	0.13896	0.02561	0.01711	0.01899	0.01295	0.00784	0.00737	0.00239	0.00989	0.00642	0.00429	0.01160
97	0.01116	0.00788	0.00955	0.00954	0.01152	0.00701	0.00700	0.01366	0.01881	0.05706	0.28873	0.21849	0.27340	0.01884	0.00926	0.00267	0.00409	0.01641	0.00781	0.00710
98	0.02582	0.02541	0.02064	0.01793	0.02229	0.29392	0.01397	0.12950	0.21790	0.07866	0.02023	0.02035	0.01533	0.00943	0.00859	0.00236	0.05386	0.00677	0.00614	0.01092
99	0.02102	0.01015	0.01358	0.01146	0.01505	0.00904	0.00904	0.02440	0.02205	0.30670	0.40322	0.04462	0.05040	0.01321	0.00858	0.00242	0.00490	0.01140	0.00898	0.00980
100	0.02947	0.02172	0.02327	0.01784	0.02404	0.02404	0.01474	0.65329	0.03646	0.04887	0.01862	0.01862	0.01319	0.00931	0.00776	0.00233	0.00853	0.00698	0.00776	0.01319
101	0.03299	0.01609	0.01978	0.01517	0.02124	0.01569	0.01253	0.24662	0.02703	0.46884	0.02653	0.02375	0.01716	0.00950	0.00778	0.00237	0.00725	0.00752	0.00897	0.01319
102	0.01082	0.00757	0.00866	0.00896	0.00951	0.00732	0.00561	0.01148	0.01303	0.01694	0.03573	0.12868	0.13179	0.50129	0.02992	0.00606	0.00662	0.04923	0.00550	0.00530
103	0.01445	0.00723	0.00723	0.00723	0.00903	0.00723	0.00542	0.01807	0.01626	0.02891	0.02529	0.02891	0.01987	0.00903	0.00542	0.00181	0.00361	0.00723	0.77055	0.00723
104	0.01521	0.01436	0.02429	0.62596	0.13186	0.01738	0.02182	0.02031	0.01577	0.02050	0.01388	0.02049	0.01058	0.00765	0.00774	0.00255	0.01019	0.00689	0.00349	0.00907

[dist]
# distance from previous block
# <min> <max>
0	10

[block]
# block no. 1 follows, 25 sequences, length 74
# corresponding to MSA columns:
# 119-192
name=unknown_B
#
# <colnr> <probs for GDERKNQSTAVLIFYWHMCP>
#	G	D	E	R	K	N	Q	S	T	A	V	L	I	F	Y	W	H	M	C	P
0	0.01464	0.01378	0.02326	0.70887	0.05340	0.01723	0.02153	0.01981	0.01550	0.01981	0.01378	0.02067	0.01034	0.00775	0.00775	0.00258	0.01034	0.00689	0.00345	0.00861
1	0.01464	0.01378	0.02326	0.70887	0.05340	0.01723	0.02153	0.01981	0.01550	0.01981	0.01378	0.02067	0.01034	0.00775	0.00775	0.00258	0.01034	0.00689	0.00345	0.00861
2	0.00943	0.00681	0.00893	0.01063	0.01120	0.00631	0.00712	0.01081	0.01500	0.01986	0.04475	0.68599	0.08644	0.02403	0.00986	0.00312	0.00447	0.02172	0.00720	0.00631
3	0.07571	0.01388	0.01571	0.01138	0.01811	0.01089	0.00913	0.01978	0.01585	0.02601	0.01355	0.01581	0.01124	0.00586	0.00567	0.00125	0.00576	0.00456	0.00461	0.71525
4	0.01080	0.00792	0.01013	0.00957	0.01148	0.00724	0.00718	0.01430	0.02154	0.03013	0.61852	0.05950	0.13029	0.01621	0.00915	0.00246	0.00368	0.01424	0.00841	0.00724
5	0.01085	0.00799	0.01019	0.00985	0.01178	0.00734	0.00753	0.01427	0.02105	0.02911	0.54506	0.06248	0.15244	0.01680	0.00927	0.00255	0.00397	0.06204	0.00825	0.00720
6	0.01199	0.00856	0.01191	0.01370	0.01526	0.00849	0.01161	0.01519	0.01735	0.02264	0.04133	0.19303	0.04573	0.02190	0.01057	0.00350	0.00670	0.52639	0.00715	0.00700
7	0.01083	0.00792	0.01017	0.00961	0.01150	0.00726	0.00721	0.01436	0.02162	0.03030	0.62863	0.05922	0.12008	0.01615	0.00915	0.00245	0.00368	0.01420	0.00843	0.00726
8	0.01482	0.01403	0.02329	0.65529	0.05083	0.01773	0.02118	0.01972	0.01522	0.01972	0.01350	0.02038	0.01032	0.00820	0.00913	0.00265	0.06505	0.00688	0.00344	0.00860
9	0.01055	0.00756	0.01018	0.01140	0.01250	0.00718	0.00852	0.01299	0.01726	0.02331	0.19224	0.40977	0.05484	0.02159	0.00992	0.00308	0.00494	0.16791	0.00750	0.00674
10	0.01904	0.01832	0.03095	0.04576	0.63474	0.01878	0.02334	0.02345	0.01727	0.02488	0.01429	0.01904	0.01214	0.00736	0.00887	0.00238	0.05667	0.00690	0.00381	0.01203
11	0.01249	0.00892	0.01249	0.01428	0.01606	0.00892	0.01249	0.01606	0.01785	0.02320	0.04105	0.08746	0.04462	0.02142	0.01071	0.00357	0.00714	0.62695	0.00714	0.00714
12	0.03365	0.01502	0.01912	0.01466	0.02070	0.01410	0.01211	0.16958	0.02525	0.54840	0.02803	0.02473	0.01791	0.00953	0.00779	0.00238	0.00701	0.00762	0.00920	0.01319
13	0.01735	0.03262	0.40794	0.02484	0.03387	0.06463	0.20424	0.02461	0.01695	0.02380	0.01400	0.01755	0.01041	0.00765	0.00926	0.00254	0.06671	0.00674	0.00352	0.01078
14	0.06217	0.02383	0.02021	0.01731	0.02215	0.21181	0.01359	0.22120	0.26306	0.03368	0.02114	0.02082	0.01592	0.00928	0.00745	0.00235	0.00906	0.00694	0.00660	0.01143
15	0.01099	0.00801	0.00935	0.00951	0.01166	0.00694	0.00689	0.01301	0.01721	0.05390	0.11347	0.29414	0.34211	0.01980	0.00919	0.00271	0.00432	0.01718	0.00731	0.04231
16	0.01867	0.02140	0.12538	0.04084	0.52222	0.01844	0.02340	0.02557	0.07953	0.02590	0.01611	0.01971	0.01302	0.00732	0.00765	0.00236	0.00924	0.00692	0.00414	0.01216
17	0.01660	0.03475	0.51155	0.02169	0.03136	0.04954	0.06749	0.02617	0.08328	0.02505	0.01707	0.02131	0.01307	0.00835	0.00769	0.00252	0.01093	0.03644	0.00401	0.01115
18	0.03479	0.01320	0.01799	0.01380	0.01979	0.01140	0.01140	0.03779	0.02219	0.68451	0.03059	0.02639	0.01919	0.00960	0.00780	0.00240	0.00660	0.00780	0.00960	0.01320
19	0.01687	0.10322	0.01774	0.01331	0.01715	0.06193	0.01059	0.02825	0.31076	0.02776	0.16790	0.03878	0.12982	0.01235	0.00792	0.00243	0.00608	0.01018	0.00709	0.00987
20	0.02159	0.02005	0.01868	0.01657	0.02106	0.11804	0.01288	0.09383	0.51614	0.03193	0.02757	0.02585	0.02075	0.01004	0.00775	0.00251	0.00749	0.00806	0.00731	0.01188
21	0.01102	0.00737	0.00884	0.00918	0.00934	0.00736	0.00552	0.01126	0.01196	0.01602	0.02723	0.17665	0.03147	0.52690	0.06641	0.04281	0.00757	0.01297	0.00509	0.00505
22	0.01034	0.00790	0.00948	0.00909	0.01119	0.00705	0.00682	0.01340	0.02045	0.02753	0.46581	0.06378	0.28462	0.01718	0.00915	0.00250	0.00375	0.01484	0.00807	0.00705
23	0.01568	0.03540	0.56115	0.10860	0.07952	0.01794	0.02744	0.02392	0.01635	0.02402	0.01394	0.01709	0.01005	0.00738	0.00743	0.00246	0.01117	0.00595	0.00333	0.01116
24	0.01844	0.01984	0.03978	0.09011	0.03824	0.02016	0.48125	0.05899	0.01828	0.02498	0.01500	0.02028	0.01152	0.00767	0.01096	0.00269	0.09902	0.00854	0.00403	0.01020
25	0.78228	0.01499	0.01140	0.01020	0.01499	0.01739	0.00840	0.02279	0.01320	0.03479	0.01080	0.01260	0.00840	0.00720	0.00480	0.00240	0.00600	0.00420	0.00480	0.00840
26	0.01756	0.08098	0.02959	0.02217	0.02431	0.02354	0.14206	0.02028	0.01349	0.01984	0.01132	0.01735	0.01047	0.01157	0.02041	0.00309	0.51245	0.00702	0.00349	0.00900
27	0.01087	0.00792	0.01022	0.00965	0.01152	0.00727	0.00724	0.01443	0.02171	0.03052	0.64148	0.05886	0.10708	0.01606	0.00915	0.00245	0.00367	0.01415	0.00846	0.00727
28	0.01464	0.01378	0.02326	0.70887	0.05340	0.01723	0.02153	0.01981	0.01550	0.01981	0.01378	0.02067	0.01034	0.00775	0.00775	0.00258	0.01034	0.00689	0.00345	0.00861
29	0.01080	0.00792	0.01013	0.00957	0.01148	0.00724	0.00718	0.01430	0.02154	0.03013	0.61852	0.05950	0.13029	0.01621	0.00915	0.00246	0.00368	0.01424	0.00841	0.00724
30	0.78228	0.01499	0.01140	0.01020	0.01499	0.01739	0.00840	0.02279	0.01320	0.03479	0.01080	0.01260	0.00840	0.00720	0.00480	0.00240	0.00600	0.00420	0.00480	0.00840
31	0.01613	0.01374	0.01587	0.01190	0.01814	0.01124	0.00944	0.02187	0.09660	0.02654	0.06054	0.02048	0.01715	0.00701	0.00624	0.00142	0.00565	0.00574	0.00527	0.62902
32	0.02147	0.15732	0.02453	0.01714	0.02187	0.14730	0.04274	0.05036	0.34253	0.02663	0.02181	0.02176	0.01701	0.00925	0.00810	0.00236	0.04391	0.00706	0.00588	0.01097
33	0.01379	0.00925	0.01148	0.01094	0.01316	0.00906	0.00817	0.01946	0.10850	0.07751	0.38171	0.17679	0.05519	0.01588	0.00881	0.00256	0.00437	0.01399	0.05115	0.00823
34	0.01069	0.00791	0.00997	0.00946	0.01141	0.00720	0.00709	0.01409	0.02128	0.02951	0.58210	0.06052	0.16709	0.01644	0.00915	0.00247	0.00370	0.01439	0.00833	0.00720
35	0.02120	0.01760	0.01861	0.01617	0.02089	0.02018	0.01273	0.15597	0.54725	0.03552	0.02913	0.02699	0.02170	0.01029	0.00786	0.00257	0.00659	0.00843	0.00786	0.01244
36	0.02073	0.73217	0.04063	0.01327	0.01990	0.03068	0.01327	0.02322	0.01575	0.01824	0.01078	0.01244	0.00995	0.00663	0.00498	0.00166	0.00829	0.00415	0.00332	0.00995
37	0.01944	0.01464	0.01710	0.01244	0.01917	0.01203	0.01004	0.09466	0.01903	0.09179	0.01597	0.01737	0.01243	0.00653	0.00617	0.00141	0.00615	0.00518	0.00544	0.61301
38	0.03300	0.01452	0.01863	0.01445	0.02036	0.01356	0.01188	0.11594	0.07009	0.55731	0.02914	0.02559	0.01875	0.00963	0.00780	0.00241	0.00681	0.00776	0.00924	0.01313
39	0.01125	0.00761	0.00895	0.00895	0.00912	0.00779	0.00531	0.01159	0.01142	0.01540	0.02398	0.04824	0.02710	0.64487	0.12061	0.00813	0.00915	0.01091	0.00463	0.00497
40	0.00986	0.00705	0.00948	0.01127	0.01191	0.00666	0.00792	0.01152	0.01526	0.02026	0.04250	0.63536	0.05037	0.02390	0.01001	0.00321	0.00486	0.10500	0.00719	0.00641
41	0.01091	0.00792	0.01028	0.00969	0.01155	0.00729	0.00727	0.01451	0.02180	0.03075	0.65498	0.05848	0.09344	0.01598	0.00915	0.00244	0.00367	0.01410	0.00849	0.00729
42	0.02135	0.01654	0.01785	0.01567	0.02031	0.01870	0.01230	0.06948	0.56987	0.09999	0.03085	0.02819	0.02272	0.01037	0.00787	0.00259	0.00630	0.00858	0.00806	0.01241
43	0.01511	0.01426	0.02410	0.64073	0.11789	0.01735	0.02177	0.02022	0.01573	0.02038	0.01386	0.02052	0.01054	0.00767	0.00774	0.00256	0.01022	0.00689	0.00349	0.00899
44	0.06208	0.02484	0.09626	0.01723	0.02368	0.14184	0.01508	0.32914	0.02690	0.03594	0.01567	0.01679	0.01170	0.00813	0.00708	0.00208	0.00924	0.00593	0.00588	0.14452
45	0.01271	0.00955	0.01422	0.01464	0.01657	0.00946	0.05699	0.01591	0.01680	0.02198	0.03651	0.07667	0.03957	0.13608	0.01531	0.00415	0.00763	0.48176	0.00651	0.00698
46	0.01555	0.04011	0.68733	0.02210	0.03356	0.01801	0.02865	0.02455	0.01637	0.02455	0.01391	0.01637	0.00982	0.00737	0.00737	0.00246	0.01146	0.00573	0.00327	0.01146
47	0.02073	0.73217	0.04063	0.01327	0.01990	0.03068	0.01327	0.02322	0.01575	0.01824	0.01078	0.01244	0.00995	0.00663	0.00498	0.00166	0.00829	0.00415	0.00332	0.00995
48	0.01122	0.00775	0.00963	0.00963	0.01004	0.00816	0.00617	0.01203	0.01162	0.01591	0.02335	0.04478	0.02560	0.53078	0.23265	0.00897	0.01141	0.01040	0.00454	0.00535
49	0.01086	0.00784	0.01027	0.00983	0.01156	0.00724	0.00731	0.01436	0.02144	0.03028	0.62972	0.10555	0.07159	0.01646	0.00920	0.00249	0.00372	0.01460	0.00844	0.00724
50	0.01929	0.01666	0.01753	0.01578	0.02016	0.01929	0.01227	0.04120	0.66513	0.03243	0.03156	0.02893	0.02367	0.01052	0.00789	0.00263	0.00614	0.00877	0.00789	0.01227
51	0.01347	0.00673	0.01010	0.01010	0.01010	0.00673	0.00673	0.01010	0.01010	0.01347	0.01347	0.02357	0.01347	0.02694	0.03030	0.77441	0.00673	0.00673	0.00337	0.00337
52	0.01308	0.00839	0.01104	0.01011	0.01231	0.00768	0.00768	0.01668	0.02197	0.08887	0.61807	0.05513	0.06839	0.01530	0.00903	0.00244	0.00392	0.01347	0.00863	0.00784
53	0.08807	0.66876	0.03805	0.01300	0.01947	0.02951	0.01284	0.02318	0.01553	0.01971	0.01078	0.01245	0.00981	0.00668	0.00496	0.00172	0.00809	0.00415	0.00345	0.00981
54	0.06451	0.08343	0.02443	0.01745	0.02343	0.02340	0.04369	0.44762	0.12391	0.04194	0.01927	0.01937	0.01412	0.00901	0.00745	0.00233	0.00825	0.00695	0.00706	0.01240
55	0.02994	0.02096	0.02280	0.01748	0.02367	0.02293	0.01444	0.59886	0.03519	0.10507	0.01967	0.01930	0.01372	0.00933	0.00776	0.00233	0.00836	0.00705	0.00792	0.01319
56	0.02010	0.01871	0.03075	0.04496	0.62122	0.01892	0.02299	0.07946	0.01932	0.02741	0.01494	0.01914	0.01236	0.00712	0.00768	0.00230	0.00915	0.00691	0.00418	0.01236
57	0.01025	0.00902	0.01158	0.01034	0.01330	0.00782	0.06315	0.01287	0.01837	0.02282	0.16309	0.06735	0.52621	0.01791	0.00916	0.00259	0.00470	0.01537	0.00711	0.00701
58	0.01810	0.01731	0.02950	0.20636	0.52891	0.01814	0.02325	0.02284	0.01714	0.02401	0.01439	0.01955	0.01181	0.00711	0.00769	0.00237	0.00948	0.00690	0.00374	0.01140
59	0.01489	0.01426	0.02477	0.66330	0.05253	0.01739	0.06396	0.02015	0.01569	0.02015	0.01391	0.02069	0.01043	0.00767	0.00785	0.00259	0.01052	0.00704	0.00348	0.00874
60	0.02053	0.01632	0.01932	0.01682	0.02017	0.01957	0.01348	0.03449	0.40431	0.10809	0.02547	0.02528	0.01936	0.01126	0.01278	0.00281	0.20369	0.00809	0.00684	0.01133
61	0.00979	0.00788	0.00873	0.00851	0.01086	0.00681	0.00639	0.01234	0.01916	0.02447	0.28573	0.06882	0.46661	0.01832	0.00916	0.00256	0.00383	0.01555	0.00766	0.00681
62	0.01542	0.01178	0.01988	0.01875	0.05356	0.01126	0.13817	0.01928	0.01819	0.08220	0.07946	0.15044	0.03721	0.01670	0.00977	0.00307	0.00776	0.29195	0.00666	0.00849
63	0.02102	0.01929	0.02912	0.04158	0.55158	0.06680	0.02169	0.02619	0.05081	0.07248	0.01640	0.01982	0.01318	0.00736	0.00765	0.00230	0.00921	0.00693	0.00447	0.01211
64	0.01094	0.00827	0.01213	0.01213	0.01360	0.00947	0.00942	0.01365	0.01284	0.01821	0.02493	0.03364	0.06668	0.05538	0.64725	0.01175	0.01956	0.00889	0.00437	0.00690
65	0.02702	0.03499	0.05442	0.01925	0.02333	0.61268	0.01493	0.02922	0.02092	0.01897	0.01298	0.01675	0.01129	0.05979	0.00935	0.00242	0.01339	0.00548	0.00401	0.00880
66	0.02062	0.56509	0.08806	0.06465	0.02374	0.08759	0.01521	0.02376	0.01633	0.01891	0.01135	0.01347	0.00997	0.00689	0.00554	0.00182	0.00919	0.00454	0.00338	0.00989
67	0.01957	0.01785	0.03027	0.09368	0.60398	0.01802	0.02307	0.02415	0.01771	0.05501	0.01526	0.01963	0.01246	0.00709	0.00769	0.00233	0.00917	0.00695	0.00407	0.01206
68	0.01135	0.00727	0.00971	0.01096	0.01188	0.00672	0.00751	0.01293	0.01573	0.06824	0.07362	0.63893	0.05007	0.02281	0.00971	0.00306	0.00461	0.02061	0.00744	0.00685
69	0.02073	0.73217	0.04063	0.01327	0.01990	0.03068	0.01327	0.02322	0.01575	0.01824	0.01078	0.01244	0.00995	0.00663	0.00498	0.00166	0.00829	0.00415	0.00332	0.00995
70	0.02046	0.68065	0.03941	0.01378	0.01993	0.03018	0.01353	0.02289	0.01548	0.01827	0.01074	0.01276	0.00997	0.00713	0.00645	0.00178	0.05908	0.00434	0.00332	0.00984
71	0.01119	0.00781	0.00991	0.00987	0.01045	0.00822	0.00653	0.01236	0.01243	0.01717	0.07009	0.04459	0.02853	0.45605	0.25351	0.00878	0.01160	0.01050	0.00480	0.00562
72	0.02136	0.68100	0.03938	0.01360	0.02020	0.03020	0.01337	0.06860	0.01725	0.02045	0.01134	0.01288	0.01018	0.00683	0.00518	0.00171	0.00831	0.00435	0.00364	0.01018
73	0.00985	0.00704	0.00943	0.01105	0.01173	0.00662	0.00771	0.01157	0.01564	0.02093	0.08812	0.61440	0.05223	0.02341	0.00992	0.00314	0.00469	0.07879	0.00729	0.00645

[dist]
# distance from previous block
# <min> <max>
0	184

# created by:
# /home/cegg/simao/soft/augustus-3.2.1/scripts/msa2prfl.pl ./align_prep/23923.fa
