[name]
unknown

[dist]
# distance from previous block
# <min> <max>
0	202

[block]
# block no. 0 follows, 20 sequences, length 36
# corresponding to MSA columns:
# 202-237
name=unknown_A
#
# <colnr> <probs for GDERKNQSTAVLIFYWHMCP>
#	G	D	E	R	K	N	Q	S	T	A	V	L	I	F	Y	W	H	M	C	P
0	0.07732	0.10482	0.02049	0.01638	0.02044	0.05572	0.01394	0.04385	0.14458	0.05447	0.03375	0.05734	0.03259	0.01633	0.00956	0.00322	0.00835	0.26918	0.00736	0.01034
1	0.41717	0.01506	0.01408	0.01178	0.01724	0.01533	0.00948	0.02297	0.01751	0.03541	0.12457	0.02439	0.02346	0.00939	0.00657	0.00232	0.00620	0.00683	0.00609	0.21415
2	0.01950	0.01179	0.01530	0.01255	0.01663	0.00993	0.00940	0.01980	0.01591	0.10292	0.01781	0.02346	0.01507	0.01792	0.01939	0.34197	0.00710	0.00674	0.00527	0.31153
3	0.02438	0.01645	0.01933	0.01496	0.02141	0.01487	0.01195	0.16266	0.02452	0.14300	0.02439	0.10831	0.02075	0.01090	0.00801	0.00215	0.00719	0.00900	0.00738	0.34838
4	0.01268	0.00846	0.00951	0.00951	0.00951	0.00846	0.00529	0.01268	0.01268	0.01691	0.02748	0.05708	0.03171	0.69345	0.04440	0.00846	0.00846	0.01268	0.00529	0.00529
5	0.01626	0.00813	0.00813	0.00813	0.01016	0.00813	0.00610	0.02033	0.01829	0.03252	0.02846	0.03252	0.02236	0.01016	0.00610	0.00203	0.00407	0.00813	0.74187	0.00813
6	0.01815	0.01959	0.10113	0.01615	0.04831	0.01313	0.01387	0.02290	0.01820	0.02832	0.01556	0.01827	0.01271	0.00675	0.00679	0.00154	0.00746	0.00544	0.00494	0.62078
7	0.15606	0.08363	0.02588	0.01956	0.02250	0.02621	0.01648	0.12882	0.01904	0.03040	0.01336	0.01805	0.01167	0.01236	0.01863	0.00321	0.37165	0.00686	0.00498	0.01064
8	0.01626	0.00813	0.00813	0.00813	0.01016	0.00813	0.00610	0.02033	0.01829	0.03252	0.02846	0.03252	0.02236	0.01016	0.00610	0.00203	0.00407	0.00813	0.74187	0.00813
9	0.48832	0.01736	0.01781	0.07138	0.02225	0.02153	0.01338	0.02407	0.01466	0.03268	0.01224	0.01631	0.01019	0.01013	0.01210	0.00303	0.19246	0.00579	0.00483	0.00949
10	0.03040	0.02496	0.02352	0.01940	0.02534	0.13727	0.01548	0.29257	0.20105	0.10103	0.02503	0.02414	0.01818	0.01062	0.00862	0.00266	0.00972	0.00811	0.00821	0.01370
11	0.01491	0.01250	0.01372	0.01294	0.01634	0.01310	0.00994	0.02554	0.23808	0.02890	0.11259	0.05706	0.28230	0.02363	0.09452	0.00438	0.00776	0.01388	0.00808	0.00983
12	0.01097	0.00782	0.01029	0.01184	0.01251	0.00732	0.00795	0.01274	0.01750	0.02361	0.12345	0.56872	0.05936	0.06590	0.01301	0.00373	0.00514	0.02289	0.00813	0.00713
13	0.02233	0.32678	0.11599	0.08426	0.08144	0.02739	0.01907	0.07874	0.11315	0.02769	0.01763	0.01957	0.01413	0.00865	0.00728	0.00238	0.00976	0.00653	0.00501	0.01221
14	0.01345	0.01086	0.01437	0.01370	0.01536	0.01141	0.01030	0.01621	0.01913	0.02723	0.25083	0.28036	0.05417	0.01977	0.01348	0.00309	0.12386	0.01663	0.00761	0.07818
15	0.02086	0.20104	0.02611	0.01436	0.02172	0.07866	0.01218	0.02429	0.01861	0.02564	0.01441	0.01677	0.01230	0.00697	0.00636	0.00154	0.00810	0.00508	0.00472	0.48030
16	0.08689	0.23714	0.23593	0.01891	0.02783	0.02513	0.02028	0.13494	0.02265	0.08955	0.01700	0.01822	0.01264	0.00865	0.00734	0.00245	0.01016	0.00623	0.00544	0.01262
17	0.02853	0.02024	0.02209	0.01799	0.02397	0.02213	0.01452	0.30144	0.24290	0.12368	0.03186	0.02994	0.05697	0.01169	0.00888	0.00277	0.00805	0.00931	0.00901	0.01403
18	0.36085	0.03074	0.10075	0.01776	0.02376	0.28303	0.01548	0.02969	0.01938	0.03030	0.01316	0.01537	0.01039	0.00849	0.00679	0.00252	0.01125	0.00532	0.00480	0.01017
19	0.02738	0.08764	0.02402	0.01774	0.02354	0.14490	0.01426	0.20647	0.08373	0.08694	0.02309	0.08548	0.01939	0.01117	0.00822	0.00243	0.00948	0.00868	0.00709	0.10835
20	0.01072	0.00869	0.00951	0.00965	0.01212	0.00748	0.00711	0.01318	0.02033	0.02544	0.18093	0.15947	0.46090	0.02201	0.01041	0.00299	0.00445	0.01877	0.00837	0.00748
21	0.01562	0.01368	0.02105	0.21952	0.03214	0.01488	0.07216	0.02332	0.10846	0.02938	0.23988	0.10251	0.04326	0.01402	0.00968	0.00292	0.00797	0.01275	0.00708	0.00973
22	0.01626	0.00813	0.00813	0.00813	0.01016	0.00813	0.00610	0.02033	0.01829	0.03252	0.02846	0.03252	0.02236	0.01016	0.00610	0.00203	0.00407	0.00813	0.74187	0.00813
23	0.03122	0.15541	0.02980	0.01929	0.02615	0.08270	0.01629	0.44843	0.03514	0.04547	0.01861	0.01916	0.01383	0.00977	0.00805	0.00244	0.01007	0.00705	0.00740	0.01373
24	0.02533	0.01634	0.01952	0.01593	0.02050	0.01722	0.01289	0.22284	0.02879	0.16410	0.19853	0.04016	0.08735	0.01402	0.01119	0.00281	0.07062	0.01111	0.00887	0.01187
25	0.01626	0.00813	0.00813	0.00813	0.01016	0.00813	0.00610	0.02033	0.01829	0.03252	0.02846	0.03252	0.02236	0.01016	0.00610	0.00203	0.00407	0.00813	0.74187	0.00813
26	0.15152	0.02878	0.21411	0.01988	0.02697	0.08086	0.01986	0.08371	0.02003	0.06749	0.01570	0.01843	0.01202	0.00978	0.01132	0.00275	0.13049	0.00645	0.00513	0.07474
27	0.01641	0.01075	0.01534	0.01456	0.01644	0.01211	0.01126	0.01908	0.01555	0.10191	0.02632	0.09589	0.02490	0.09387	0.41011	0.01020	0.08009	0.01081	0.00576	0.00863
28	0.02408	0.01897	0.02485	0.19989	0.09362	0.02166	0.01873	0.15760	0.18653	0.08717	0.02354	0.02540	0.01742	0.01042	0.00995	0.00286	0.04923	0.00843	0.00690	0.01274
29	0.01976	0.01308	0.01358	0.01211	0.01565	0.01395	0.00945	0.13213	0.13099	0.03649	0.03403	0.03529	0.07997	0.01165	0.00748	0.00239	0.00562	0.00937	0.40673	0.01030
30	0.02556	0.02582	0.02816	0.18211	0.07250	0.19155	0.06536	0.15956	0.04434	0.03056	0.01667	0.02056	0.01297	0.00976	0.01055	0.00274	0.07693	0.00747	0.00536	0.01149
31	0.01183	0.00859	0.01202	0.01275	0.01373	0.00920	0.00915	0.01396	0.01482	0.02054	0.03285	0.27389	0.03610	0.13368	0.34403	0.00950	0.01479	0.01538	0.00599	0.00721
32	0.02622	0.08432	0.14939	0.02394	0.03236	0.02294	0.16644	0.19170	0.06830	0.11594	0.02115	0.02247	0.01512	0.00916	0.00878	0.00270	0.01100	0.00819	0.00656	0.01332
33	0.12035	0.28290	0.14721	0.01894	0.02703	0.04639	0.06776	0.08376	0.02084	0.08698	0.01622	0.01783	0.01244	0.00834	0.00713	0.00239	0.01015	0.00620	0.00516	0.01198
34	0.01521	0.00917	0.01247	0.01305	0.01466	0.00894	0.00953	0.01735	0.01725	0.10314	0.03972	0.36758	0.04335	0.09494	0.13012	0.00582	0.00926	0.07273	0.00756	0.00815
35	0.09455	0.08551	0.02347	0.01581	0.02300	0.02071	0.01317	0.25536	0.02682	0.03918	0.01701	0.01845	0.01318	0.00830	0.00717	0.00201	0.00801	0.00614	0.00646	0.31572

[dist]
# distance from previous block
# <min> <max>
0	45

[block]
# block no. 1 follows, 20 sequences, length 21
# corresponding to MSA columns:
# 283-303
name=unknown_B
#
# <colnr> <probs for GDERKNQSTAVLIFYWHMCP>
#	G	D	E	R	K	N	Q	S	T	A	V	L	I	F	Y	W	H	M	C	P
0	0.02402	0.09525	0.08076	0.01760	0.02357	0.02193	0.01542	0.28900	0.09479	0.03899	0.03015	0.14055	0.06299	0.01376	0.00888	0.00277	0.00846	0.01121	0.00759	0.01232
1	0.01274	0.00974	0.01232	0.01209	0.01463	0.00839	0.00866	0.01534	0.01863	0.02628	0.15802	0.40370	0.05199	0.02046	0.00985	0.00285	0.00520	0.01832	0.00770	0.18305
2	0.02199	0.01942	0.07604	0.01643	0.02172	0.01864	0.01414	0.19176	0.21005	0.03996	0.13912	0.03404	0.03159	0.01200	0.00865	0.00268	0.00728	0.00984	0.11247	0.01217
3	0.01848	0.01473	0.01775	0.09144	0.02331	0.01611	0.01290	0.10912	0.20116	0.03674	0.30102	0.04453	0.04831	0.01398	0.00947	0.00281	0.00658	0.01200	0.00860	0.01096
4	0.01427	0.01455	0.08207	0.01339	0.01724	0.01176	0.01161	0.02236	0.12686	0.03303	0.39594	0.05675	0.13336	0.01628	0.00983	0.00281	0.00559	0.01406	0.00865	0.00959
5	0.02170	0.01874	0.01972	0.01775	0.02268	0.02170	0.01381	0.04635	0.62327	0.03649	0.03550	0.03254	0.02663	0.01183	0.00888	0.00296	0.00690	0.00986	0.00888	0.01381
6	0.01625	0.01404	0.02174	0.25142	0.07989	0.01609	0.04600	0.02294	0.08717	0.02411	0.02183	0.03087	0.01875	0.09201	0.17951	0.00626	0.01349	0.00905	0.03900	0.00958
7	0.03191	0.02381	0.02547	0.01982	0.02657	0.02647	0.01628	0.54854	0.10446	0.05296	0.02253	0.02221	0.01612	0.01062	0.00874	0.00265	0.00930	0.00807	0.00874	0.01472
8	0.02557	0.03061	0.31952	0.02384	0.03385	0.01802	0.13257	0.03284	0.02109	0.24166	0.02253	0.02327	0.01511	0.00898	0.00883	0.00277	0.01133	0.00797	0.00628	0.01336
9	0.02201	0.39968	0.06523	0.01721	0.02436	0.08459	0.05943	0.02553	0.01861	0.02290	0.01572	0.05938	0.01464	0.00875	0.00679	0.00204	0.00974	0.00665	0.00437	0.13238
10	0.01844	0.01751	0.02972	0.43435	0.28283	0.01990	0.02520	0.02401	0.01837	0.02468	0.01585	0.02261	0.01247	0.00836	0.00869	0.00279	0.01114	0.00776	0.00405	0.01128
11	0.02227	0.01597	0.01932	0.04426	0.02315	0.01316	0.01177	0.06279	0.02060	0.12634	0.01881	0.02032	0.01434	0.00750	0.00707	0.00167	0.00705	0.00602	0.00622	0.55138
12	0.01736	0.02548	0.25948	0.08985	0.02973	0.01664	0.02037	0.02757	0.13059	0.05231	0.16911	0.06631	0.03365	0.01229	0.00908	0.00285	0.00898	0.01043	0.00654	0.01138
13	0.01809	0.01550	0.01809	0.01292	0.02067	0.01163	0.01034	0.02196	0.01809	0.02842	0.01550	0.01809	0.01292	0.00646	0.00646	0.00129	0.00646	0.00517	0.00517	0.74677
14	0.01828	0.02175	0.13181	0.03872	0.38961	0.01742	0.02316	0.02346	0.01905	0.02694	0.02607	0.14545	0.05620	0.01221	0.00912	0.00281	0.00949	0.01124	0.00511	0.01208
15	0.01515	0.00758	0.01136	0.01136	0.01136	0.00758	0.00758	0.01136	0.01136	0.01515	0.01515	0.02652	0.01515	0.03030	0.03409	0.74621	0.00758	0.00758	0.00379	0.00379
16	0.02091	0.01042	0.01399	0.01304	0.01607	0.00934	0.00977	0.02369	0.02145	0.24110	0.18189	0.31259	0.05100	0.01936	0.01012	0.00306	0.00566	0.01711	0.00939	0.01004
17	0.02001	0.15879	0.08020	0.13301	0.32324	0.02215	0.02268	0.02508	0.01940	0.02646	0.07204	0.02405	0.01903	0.00881	0.00815	0.00252	0.00996	0.00777	0.00457	0.01208
18	0.10818	0.02505	0.08435	0.02280	0.07338	0.11073	0.07121	0.13415	0.09162	0.15956	0.02214	0.02258	0.01584	0.00952	0.00836	0.00267	0.01025	0.00769	0.00700	0.01292
19	0.02407	0.21865	0.20189	0.02043	0.05744	0.05244	0.04403	0.02924	0.02019	0.15396	0.02526	0.02577	0.07081	0.00981	0.00789	0.00249	0.01005	0.00771	0.00569	0.01218
20	0.01710	0.09525	0.13683	0.02533	0.12138	0.01783	0.14346	0.02248	0.02001	0.02675	0.09476	0.04066	0.17680	0.01234	0.00918	0.00272	0.00950	0.01122	0.00564	0.01075

[dist]
# distance from previous block
# <min> <max>
1	6

[block]
# block no. 2 follows, 20 sequences, length 44
# corresponding to MSA columns:
# 310-353
name=unknown_C
#
# <colnr> <probs for GDERKNQSTAVLIFYWHMCP>
#	G	D	E	R	K	N	Q	S	T	A	V	L	I	F	Y	W	H	M	C	P
0	0.01856	0.08155	0.01991	0.01773	0.06167	0.01599	0.01323	0.15153	0.02378	0.03138	0.06247	0.23461	0.07185	0.01878	0.00998	0.00314	0.00746	0.13880	0.00759	0.00999
1	0.07638	0.02126	0.03119	0.12436	0.15479	0.04817	0.12988	0.15575	0.02439	0.09461	0.01868	0.02200	0.01388	0.00909	0.00951	0.00276	0.03680	0.00805	0.00594	0.01253
2	0.09206	0.03462	0.37250	0.10935	0.03722	0.06173	0.06367	0.02873	0.06774	0.02839	0.01689	0.01994	0.01239	0.00860	0.00821	0.00277	0.01193	0.00692	0.00440	0.01195
3	0.01686	0.01454	0.01837	0.01734	0.06145	0.05381	0.04980	0.06489	0.02404	0.03304	0.35486	0.09885	0.05438	0.01496	0.00959	0.00262	0.00672	0.01328	0.00794	0.08266
4	0.06989	0.02132	0.06041	0.02705	0.15932	0.02173	0.05894	0.08431	0.32932	0.03534	0.02629	0.02661	0.01996	0.01009	0.00865	0.00282	0.00874	0.00875	0.00705	0.01342
5	0.41856	0.02735	0.24227	0.02043	0.08606	0.01993	0.01931	0.02646	0.01662	0.03396	0.01382	0.01642	0.01045	0.00813	0.00675	0.00271	0.00930	0.00564	0.00468	0.01111
6	0.01906	0.01584	0.01834	0.01358	0.02075	0.01284	0.01080	0.07962	0.02027	0.03063	0.01831	0.06501	0.01623	0.00831	0.00701	0.00158	0.00667	0.00680	0.00572	0.62263
7	0.02991	0.01721	0.02434	0.02292	0.11386	0.01679	0.05636	0.08037	0.12321	0.32096	0.07586	0.03061	0.02485	0.01080	0.00899	0.00274	0.00818	0.00938	0.00884	0.01380
8	0.01647	0.01550	0.02616	0.67248	0.06008	0.01938	0.02422	0.02229	0.01744	0.02229	0.01550	0.02326	0.01163	0.00872	0.00872	0.00291	0.01163	0.00775	0.00388	0.00969
9	0.03547	0.01414	0.01934	0.01560	0.02165	0.01241	0.01300	0.03893	0.02425	0.55450	0.03614	0.03974	0.02578	0.01274	0.00925	0.00289	0.00751	0.09241	0.01039	0.01385
10	0.02033	0.01730	0.01854	0.01676	0.02127	0.01973	0.01299	0.04198	0.53568	0.03627	0.12314	0.03732	0.03477	0.01271	0.00908	0.00293	0.00650	0.01073	0.00898	0.01299
11	0.01206	0.00891	0.01126	0.01067	0.01285	0.00811	0.00800	0.01590	0.02401	0.03336	0.55712	0.06782	0.16063	0.01844	0.01029	0.00277	0.00416	0.01615	0.00939	0.00811
12	0.01750	0.04512	0.64825	0.02486	0.03775	0.02026	0.03223	0.02762	0.01842	0.02762	0.01565	0.01842	0.01105	0.00829	0.00829	0.00276	0.01289	0.00645	0.00368	0.01289
13	0.01750	0.04512	0.64825	0.02486	0.03775	0.02026	0.03223	0.02762	0.01842	0.02762	0.01565	0.01842	0.01105	0.00829	0.00829	0.00276	0.01289	0.00645	0.00368	0.01289
14	0.02078	0.01955	0.08134	0.01601	0.02319	0.01615	0.01392	0.03264	0.23416	0.07417	0.02396	0.02408	0.01822	0.00886	0.00766	0.00213	0.00732	0.00722	0.00673	0.36191
15	0.01626	0.00813	0.00813	0.00813	0.01016	0.00813	0.00610	0.02033	0.01829	0.03252	0.02846	0.03252	0.02236	0.01016	0.00610	0.00203	0.00407	0.00813	0.74187	0.00813
16	0.01652	0.01402	0.01625	0.01218	0.01879	0.01075	0.00964	0.02018	0.01888	0.02827	0.07622	0.03125	0.10671	0.00960	0.00732	0.00164	0.00598	0.00791	0.00594	0.58195
17	0.02118	0.02315	0.09621	0.05070	0.57938	0.02068	0.02731	0.02686	0.01972	0.02841	0.01633	0.02127	0.01354	0.00782	0.00860	0.00261	0.01061	0.00764	0.00425	0.01373
18	0.01626	0.00813	0.00813	0.00813	0.01016	0.00813	0.00610	0.02033	0.01829	0.03252	0.02846	0.03252	0.02236	0.01016	0.00610	0.00203	0.00407	0.00813	0.74187	0.00813
19	0.58834	0.02066	0.04060	0.01357	0.01928	0.09134	0.01147	0.02806	0.01688	0.08319	0.01415	0.01571	0.01065	0.00841	0.00605	0.00265	0.00807	0.00521	0.00564	0.01008
20	0.02851	0.02897	0.02438	0.02129	0.02470	0.32015	0.01678	0.03226	0.05989	0.11349	0.01732	0.01994	0.01382	0.01145	0.01472	0.00286	0.22613	0.00700	0.00548	0.01086
21	0.07894	0.01611	0.01811	0.01320	0.02072	0.01313	0.01061	0.05499	0.01910	0.03077	0.01553	0.01793	0.01274	0.00682	0.00650	0.00148	0.00666	0.00528	0.00538	0.64599
22	0.01774	0.03655	0.45190	0.02729	0.07837	0.01937	0.11668	0.02651	0.01947	0.02846	0.07740	0.02405	0.01864	0.00906	0.00881	0.00278	0.01212	0.00805	0.00443	0.01232
23	0.01322	0.00947	0.01298	0.01421	0.01608	0.00923	0.01179	0.01702	0.02107	0.02828	0.21574	0.14730	0.06019	0.02261	0.01145	0.00360	0.00661	0.36267	0.00849	0.00800
24	0.23137	0.20753	0.30808	0.01841	0.02773	0.02378	0.02115	0.02666	0.01721	0.02909	0.01372	0.01604	0.01063	0.00802	0.00675	0.00251	0.01019	0.00548	0.00419	0.01146
25	0.01258	0.00886	0.01158	0.01158	0.01229	0.00958	0.00786	0.01401	0.01330	0.01844	0.02560	0.04663	0.02717	0.40570	0.32594	0.01101	0.01529	0.01116	0.00500	0.00643
26	0.01246	0.00935	0.01402	0.01402	0.01558	0.01090	0.01090	0.01558	0.01402	0.02025	0.02336	0.03427	0.02181	0.06542	0.65888	0.01402	0.02336	0.00935	0.00467	0.00779
27	0.02170	0.01874	0.01972	0.01775	0.02268	0.02170	0.01381	0.04635	0.62327	0.03649	0.03550	0.03254	0.02663	0.01183	0.00888	0.00296	0.00690	0.00986	0.00888	0.01381
28	0.01225	0.00877	0.01189	0.01330	0.01470	0.00841	0.01029	0.01526	0.01971	0.02649	0.17815	0.33540	0.06047	0.02404	0.01128	0.00354	0.00593	0.22404	0.00841	0.00768
29	0.02059	0.02353	0.05147	0.03676	0.04559	0.02206	0.60735	0.02794	0.02059	0.02794	0.01765	0.02353	0.01324	0.00735	0.01029	0.00294	0.01471	0.01029	0.00441	0.01176
30	0.01116	0.00797	0.01073	0.01275	0.01349	0.00754	0.00902	0.01306	0.01722	0.02286	0.04778	0.59648	0.05653	0.02683	0.01128	0.00362	0.00552	0.11083	0.00809	0.00723
31	0.01647	0.01550	0.02616	0.67248	0.06008	0.01938	0.02422	0.02229	0.01744	0.02229	0.01550	0.02326	0.01163	0.00872	0.00872	0.00291	0.01163	0.00775	0.00388	0.00969
32	0.03316	0.02443	0.02618	0.02007	0.02705	0.02705	0.01658	0.60995	0.04101	0.05497	0.02094	0.02094	0.01483	0.01047	0.00873	0.00262	0.00960	0.00785	0.00873	0.01483
33	0.02877	0.01255	0.01692	0.01376	0.01869	0.01104	0.01104	0.03243	0.02486	0.40889	0.26669	0.04342	0.04510	0.01352	0.00936	0.00272	0.00614	0.01148	0.01033	0.01228
34	0.02332	0.69869	0.04571	0.01493	0.02239	0.03451	0.01493	0.02612	0.01772	0.02052	0.01213	0.01399	0.01119	0.00746	0.00560	0.00187	0.00933	0.00466	0.00373	0.01119
35	0.01750	0.04512	0.64825	0.02486	0.03775	0.02026	0.03223	0.02762	0.01842	0.02762	0.01565	0.01842	0.01105	0.00829	0.00829	0.00276	0.01289	0.00645	0.00368	0.01289
36	0.75506	0.01687	0.01282	0.01147	0.01687	0.01957	0.00945	0.02564	0.01484	0.03914	0.01215	0.01417	0.00945	0.00810	0.00540	0.00270	0.00675	0.00472	0.00540	0.00945
37	0.02059	0.02353	0.05147	0.03676	0.04559	0.02206	0.60735	0.02794	0.02059	0.02794	0.01765	0.02353	0.01324	0.00735	0.01029	0.00294	0.01471	0.01029	0.00441	0.01176
38	0.02170	0.01874	0.01972	0.01775	0.02268	0.02170	0.01381	0.04635	0.62327	0.03649	0.03550	0.03254	0.02663	0.01183	0.00888	0.00296	0.00690	0.00986	0.00888	0.01381
39	0.01235	0.00892	0.01166	0.01097	0.01303	0.00823	0.00823	0.01646	0.02469	0.03498	0.63443	0.06516	0.08230	0.01783	0.01029	0.00274	0.00412	0.01578	0.00960	0.00823
40	0.01268	0.00846	0.00951	0.00951	0.00951	0.00846	0.00529	0.01268	0.01268	0.01691	0.02748	0.05708	0.03171	0.69345	0.04440	0.00846	0.00846	0.01268	0.00529	0.00529
41	0.01246	0.00935	0.01402	0.01402	0.01558	0.01090	0.01090	0.01558	0.01402	0.02025	0.02336	0.03427	0.02181	0.06542	0.65888	0.01402	0.02336	0.00935	0.00467	0.00779
42	0.01794	0.09531	0.60197	0.02410	0.03657	0.02135	0.03090	0.02751	0.01836	0.02708	0.01538	0.01808	0.01106	0.00822	0.00808	0.00269	0.01262	0.00631	0.00369	0.01276
43	0.01626	0.00813	0.00813	0.00813	0.01016	0.00813	0.00610	0.02033	0.01829	0.03252	0.02846	0.03252	0.02236	0.01016	0.00610	0.00203	0.00407	0.00813	0.74187	0.00813

[dist]
# distance from previous block
# <min> <max>
0	2

[block]
# block no. 3 follows, 20 sequences, length 11
# corresponding to MSA columns:
# 356-366
name=unknown_D
#
# <colnr> <probs for GDERKNQSTAVLIFYWHMCP>
#	G	D	E	R	K	N	Q	S	T	A	V	L	I	F	Y	W	H	M	C	P
0	0.01938	0.01776	0.02743	0.03667	0.38256	0.01650	0.01975	0.02378	0.01899	0.02784	0.01937	0.08865	0.01803	0.00936	0.00821	0.00228	0.00861	0.00870	0.00497	0.24117
1	0.08270	0.02192	0.03247	0.04240	0.42789	0.07664	0.06947	0.02902	0.02045	0.08843	0.01765	0.02142	0.01395	0.00817	0.00845	0.00261	0.01061	0.00764	0.00506	0.01308
2	0.01626	0.00813	0.00813	0.00813	0.01016	0.00813	0.00610	0.02033	0.01829	0.03252	0.02846	0.03252	0.02236	0.01016	0.00610	0.00203	0.00407	0.00813	0.74187	0.00813
3	0.38176	0.01908	0.02351	0.09000	0.13523	0.02104	0.06817	0.10896	0.02024	0.03679	0.01498	0.01821	0.01155	0.00838	0.00722	0.00271	0.00900	0.00651	0.00544	0.01122
4	0.01834	0.01767	0.02437	0.02124	0.02184	0.02408	0.01751	0.02217	0.06043	0.02208	0.01500	0.02228	0.01410	0.02215	0.11691	0.00520	0.53262	0.00805	0.00433	0.00962
5	0.02054	0.01900	0.02856	0.17378	0.32438	0.02074	0.02220	0.03191	0.20709	0.02967	0.02216	0.02535	0.01734	0.00924	0.00873	0.00277	0.00955	0.00842	0.00564	0.01294
6	0.01496	0.00969	0.01277	0.01230	0.01331	0.01037	0.00860	0.05917	0.01487	0.02033	0.02187	0.03773	0.02220	0.24034	0.22843	0.23926	0.01288	0.00969	0.00490	0.00633
7	0.03374	0.02350	0.02560	0.01963	0.02659	0.02567	0.01622	0.55495	0.03946	0.11217	0.02225	0.02179	0.01549	0.01050	0.00873	0.00263	0.00939	0.00794	0.00893	0.01484
8	0.01285	0.01040	0.01526	0.01325	0.01615	0.00950	0.06926	0.01697	0.02346	0.03233	0.47925	0.06407	0.16852	0.01748	0.01029	0.00280	0.00525	0.01566	0.00882	0.00845
9	0.03258	0.04157	0.02472	0.02247	0.02697	0.65843	0.01685	0.03483	0.02472	0.02135	0.01348	0.01573	0.01124	0.00899	0.00787	0.00225	0.01573	0.00562	0.00449	0.01011
10	0.03027	0.03673	0.02366	0.02147	0.02606	0.52327	0.01621	0.03728	0.15177	0.02456	0.01816	0.01930	0.01450	0.00959	0.00808	0.00240	0.01386	0.00652	0.00542	0.01090

[dist]
# distance from previous block
# <min> <max>
0	0

# created by:
# /home/cegg/simao/soft/augustus-3.2.1/scripts/msa2prfl.pl ./align_prep/24919.fa
