[name]
unknown

[dist]
# distance from previous block
# <min> <max>
0	266

[block]
# block no. 0 follows, 22 sequences, length 140
# corresponding to MSA columns:
# 266-405
name=unknown_A
#
# <colnr> <probs for GDERKNQSTAVLIFYWHMCP>
#	G	D	E	R	K	N	Q	S	T	A	V	L	I	F	Y	W	H	M	C	P
0	0.01569	0.01477	0.02492	0.68808	0.05722	0.01846	0.02307	0.02123	0.01661	0.02123	0.01477	0.02215	0.01107	0.00831	0.00831	0.00277	0.01107	0.00738	0.00369	0.00923
1	0.02087	0.12824	0.43297	0.02135	0.03163	0.02262	0.02502	0.16603	0.02245	0.03145	0.01563	0.01753	0.01138	0.00827	0.00765	0.00248	0.01109	0.00622	0.00463	0.01249
2	0.01723	0.01477	0.01723	0.01230	0.01969	0.01107	0.00984	0.02092	0.01723	0.02707	0.01477	0.01723	0.01230	0.00615	0.00615	0.00123	0.00615	0.00492	0.00492	0.75883
3	0.01549	0.00774	0.00774	0.00774	0.00968	0.00774	0.00581	0.01936	0.01742	0.03097	0.02710	0.03097	0.02129	0.00968	0.00581	0.00194	0.00387	0.00774	0.75416	0.00774
4	0.01723	0.01477	0.01723	0.01230	0.01969	0.01107	0.00984	0.02092	0.01723	0.02707	0.01477	0.01723	0.01230	0.00615	0.00615	0.00123	0.00615	0.00492	0.00492	0.75883
5	0.01270	0.00910	0.01278	0.01253	0.01334	0.01042	0.00917	0.01397	0.01265	0.01789	0.02140	0.03606	0.02159	0.21532	0.38695	0.11098	0.06295	0.00935	0.00443	0.00643
6	0.01569	0.01477	0.02492	0.68808	0.05722	0.01846	0.02307	0.02123	0.01661	0.02123	0.01477	0.02215	0.01107	0.00831	0.00831	0.00277	0.01107	0.00738	0.00369	0.00923
7	0.00997	0.00827	0.00873	0.00894	0.01140	0.00703	0.00658	0.01209	0.01881	0.02290	0.11170	0.15935	0.54275	0.02145	0.00992	0.00287	0.00427	0.01817	0.00780	0.00703
8	0.01083	0.00836	0.00987	0.00969	0.01189	0.00741	0.00719	0.01380	0.02103	0.02786	0.36922	0.11849	0.31569	0.01936	0.00987	0.00275	0.00411	0.01673	0.00844	0.00741
9	0.07066	0.31622	0.36484	0.01891	0.02858	0.02482	0.02243	0.02559	0.01703	0.02429	0.01330	0.01553	0.01047	0.00756	0.00665	0.00228	0.01048	0.00533	0.00364	0.01139
10	0.02221	0.71304	0.04353	0.01421	0.02132	0.03287	0.01421	0.02488	0.01688	0.01955	0.01155	0.01333	0.01066	0.00711	0.00533	0.00178	0.00888	0.00444	0.00355	0.01066
11	0.01962	0.01243	0.01506	0.01388	0.01760	0.01251	0.01116	0.02849	0.19059	0.16181	0.16213	0.05517	0.11293	0.01573	0.00948	0.00293	0.00610	0.13318	0.00872	0.01047
12	0.76672	0.01607	0.01221	0.01092	0.01607	0.01864	0.00900	0.02442	0.01414	0.03727	0.01157	0.01350	0.00900	0.00771	0.00514	0.00257	0.00643	0.00450	0.00514	0.00900
13	0.63465	0.01736	0.01450	0.01240	0.01781	0.01992	0.01022	0.13295	0.01862	0.03998	0.01307	0.01465	0.00992	0.00812	0.00571	0.00256	0.00691	0.00503	0.00571	0.00992
14	0.21718	0.01500	0.01747	0.01404	0.01997	0.01468	0.01151	0.03686	0.08508	0.44172	0.02760	0.02488	0.01818	0.00974	0.00756	0.00260	0.00686	0.00750	0.00881	0.01276
15	0.01208	0.00805	0.00906	0.00906	0.00906	0.00805	0.00503	0.01208	0.01208	0.01611	0.02618	0.05436	0.03020	0.70804	0.04228	0.00805	0.00805	0.01208	0.00503	0.00503
16	0.17168	0.01079	0.01176	0.01101	0.01422	0.01078	0.00875	0.02113	0.01903	0.11510	0.16299	0.04759	0.09951	0.04198	0.00946	0.00287	0.00553	0.08639	0.14074	0.00868
17	0.01165	0.00855	0.01070	0.01183	0.01332	0.00812	0.00910	0.01391	0.01718	0.02201	0.05059	0.21066	0.18680	0.14268	0.01628	0.00423	0.00633	0.24199	0.00722	0.00686
18	0.76672	0.01607	0.01221	0.01092	0.01607	0.01864	0.00900	0.02442	0.01414	0.03727	0.01157	0.01350	0.00900	0.00771	0.00514	0.00257	0.00643	0.00450	0.00514	0.00900
19	0.03180	0.01580	0.01859	0.01509	0.02058	0.05133	0.01213	0.07782	0.08765	0.44148	0.03146	0.07386	0.02246	0.01132	0.00833	0.00259	0.00729	0.00925	0.04823	0.01293
20	0.01371	0.00982	0.01146	0.01066	0.01352	0.00916	0.00812	0.01893	0.08556	0.07276	0.33392	0.06319	0.28292	0.01744	0.00957	0.00270	0.00452	0.01492	0.00862	0.00851
21	0.50069	0.01313	0.01118	0.01063	0.01403	0.01472	0.00799	0.02000	0.01396	0.03055	0.01953	0.12096	0.02002	0.15642	0.01367	0.00383	0.00654	0.00882	0.00549	0.00785
22	0.76672	0.01607	0.01221	0.01092	0.01607	0.01864	0.00900	0.02442	0.01414	0.03727	0.01157	0.01350	0.00900	0.00771	0.00514	0.00257	0.00643	0.00450	0.00514	0.00900
23	0.41250	0.01779	0.01697	0.01408	0.01972	0.01979	0.01153	0.17894	0.08629	0.12145	0.01869	0.01882	0.01346	0.00897	0.00669	0.00258	0.00720	0.00624	0.00694	0.01137
24	0.27670	0.01118	0.01021	0.00983	0.01335	0.01131	0.00776	0.01687	0.01756	0.02851	0.09326	0.05617	0.35406	0.01619	0.00826	0.00277	0.00517	0.04614	0.00690	0.00780
25	0.01395	0.00739	0.01046	0.01046	0.01046	0.00739	0.00676	0.01108	0.01108	0.01478	0.01685	0.03126	0.01769	0.16903	0.03449	0.60346	0.00739	0.00822	0.00390	0.00390
26	0.01595	0.01491	0.02119	0.01883	0.01935	0.02014	0.01543	0.01818	0.01294	0.01974	0.01490	0.02327	0.01438	0.03136	0.25541	0.00706	0.45668	0.00784	0.00392	0.00850
27	0.02466	0.01744	0.01963	0.01661	0.02142	0.01907	0.01337	0.26170	0.19713	0.10294	0.02813	0.03460	0.02287	0.06077	0.05679	0.00384	0.00890	0.06998	0.00801	0.01213
28	0.06045	0.00864	0.00949	0.00951	0.01084	0.00833	0.00629	0.01335	0.01595	0.02212	0.13671	0.12568	0.18273	0.32713	0.02410	0.00517	0.00609	0.01449	0.00657	0.00636
29	0.01993	0.01910	0.03258	0.13327	0.57886	0.01957	0.02518	0.02494	0.01862	0.02638	0.01552	0.02077	0.01289	0.00752	0.00823	0.00251	0.01002	0.00740	0.00406	0.01265
30	0.76672	0.01607	0.01221	0.01092	0.01607	0.01864	0.00900	0.02442	0.01414	0.03727	0.01157	0.01350	0.00900	0.00771	0.00514	0.00257	0.00643	0.00450	0.00514	0.00900
31	0.02801	0.01202	0.01592	0.01317	0.01748	0.01076	0.01030	0.03056	0.02070	0.42469	0.07457	0.04105	0.02861	0.17586	0.01665	0.00395	0.00712	0.04866	0.00879	0.01113
32	0.01561	0.01427	0.02400	0.64397	0.05420	0.01772	0.02204	0.02055	0.01623	0.02078	0.01474	0.02235	0.01129	0.00964	0.00988	0.05197	0.01082	0.00737	0.00369	0.00886
33	0.02893	0.03619	0.02224	0.02054	0.02449	0.60178	0.01546	0.03113	0.02289	0.02064	0.01634	0.05535	0.01513	0.01030	0.00788	0.00230	0.01403	0.04036	0.00465	0.00937
34	0.03259	0.02164	0.02392	0.01834	0.02495	0.02335	0.01515	0.52372	0.03634	0.16100	0.02223	0.02143	0.01527	0.01003	0.00832	0.00251	0.00877	0.00764	0.00866	0.01413
35	0.01723	0.01477	0.01723	0.01230	0.01969	0.01107	0.00984	0.02092	0.01723	0.02707	0.01477	0.01723	0.01230	0.00615	0.00615	0.00123	0.00615	0.00492	0.00492	0.75883
36	0.02558	0.01934	0.02564	0.02782	0.23336	0.01925	0.01739	0.23855	0.02619	0.10546	0.01885	0.02050	0.01413	0.00836	0.00784	0.00223	0.00854	0.00702	0.00643	0.16750
37	0.76672	0.01607	0.01221	0.01092	0.01607	0.01864	0.00900	0.02442	0.01414	0.03727	0.01157	0.01350	0.00900	0.00771	0.00514	0.00257	0.00643	0.00450	0.00514	0.00900
38	0.02504	0.02622	0.20738	0.02438	0.03309	0.01921	0.21306	0.13008	0.02328	0.18353	0.02064	0.02207	0.01420	0.00853	0.00868	0.00265	0.01105	0.00806	0.00616	0.01269
39	0.06821	0.01575	0.02471	0.48851	0.08792	0.01972	0.02145	0.02152	0.01595	0.02252	0.01396	0.02079	0.01104	0.00924	0.01124	0.00288	0.12418	0.00717	0.00381	0.00945
40	0.01218	0.00883	0.01055	0.01113	0.01222	0.00874	0.00774	0.01509	0.05857	0.02123	0.06391	0.21046	0.10322	0.30093	0.02336	0.00522	0.00660	0.10658	0.00672	0.00670
41	0.01955	0.01720	0.03116	0.37395	0.04680	0.01869	0.20291	0.02645	0.05898	0.09383	0.01859	0.02347	0.01350	0.00832	0.00877	0.00276	0.01123	0.00835	0.00488	0.01062
42	0.76672	0.01607	0.01221	0.01092	0.01607	0.01864	0.00900	0.02442	0.01414	0.03727	0.01157	0.01350	0.00900	0.00771	0.00514	0.00257	0.00643	0.00450	0.00514	0.00900
43	0.08094	0.01409	0.01753	0.01440	0.01981	0.01326	0.01192	0.09776	0.02369	0.40402	0.03666	0.04013	0.08782	0.01282	0.00868	0.00275	0.00703	0.08539	0.00911	0.01221
44	0.01069	0.00814	0.00986	0.01034	0.01214	0.00732	0.00757	0.01323	0.01943	0.02550	0.24316	0.26276	0.26650	0.02141	0.01014	0.00297	0.00448	0.04900	0.00815	0.00722
45	0.01765	0.01249	0.01688	0.01674	0.06098	0.01371	0.01210	0.12640	0.01890	0.06733	0.02237	0.03092	0.01977	0.09519	0.41847	0.00956	0.01699	0.00875	0.00554	0.00926
46	0.03433	0.02370	0.02159	0.01761	0.02340	0.22263	0.01403	0.13933	0.02633	0.35557	0.02431	0.02267	0.01636	0.00969	0.00808	0.00242	0.00991	0.00726	0.00806	0.01272
47	0.01869	0.01051	0.01364	0.01195	0.01520	0.00976	0.00927	0.02371	0.06381	0.18993	0.45745	0.05162	0.06054	0.01494	0.00935	0.00262	0.00488	0.01300	0.00938	0.00975
48	0.02123	0.01828	0.02955	0.04213	0.50107	0.01823	0.02224	0.05971	0.02040	0.06953	0.02252	0.02917	0.04945	0.00952	0.00854	0.00259	0.00920	0.04888	0.00519	0.01258
49	0.02571	0.01350	0.01729	0.01530	0.01986	0.01339	0.01260	0.03377	0.16535	0.31330	0.03508	0.04550	0.02848	0.01725	0.05513	0.00368	0.00815	0.15602	0.00880	0.01183
50	0.01569	0.01477	0.02492	0.68808	0.05722	0.01846	0.02307	0.02123	0.01661	0.02123	0.01477	0.02215	0.01107	0.00831	0.00831	0.00277	0.01107	0.00738	0.00369	0.00923
51	0.02903	0.01684	0.01977	0.01598	0.02158	0.01737	0.01292	0.19087	0.18143	0.28333	0.09359	0.03028	0.02606	0.01114	0.00852	0.00262	0.00716	0.00907	0.00920	0.01324
52	0.01723	0.01477	0.01723	0.01230	0.01969	0.01107	0.00984	0.02092	0.01723	0.02707	0.01477	0.01723	0.01230	0.00615	0.00615	0.00123	0.00615	0.00492	0.00492	0.75883
53	0.01402	0.00985	0.01368	0.01538	0.07963	0.00922	0.01025	0.01738	0.02091	0.07031	0.34154	0.18643	0.09826	0.01807	0.00983	0.00285	0.00522	0.06043	0.00821	0.00852
54	0.01045	0.00747	0.00998	0.01173	0.01241	0.00701	0.00809	0.01222	0.01664	0.02228	0.08738	0.61888	0.05609	0.02520	0.01060	0.00335	0.00494	0.06058	0.00781	0.00688
55	0.43456	0.01519	0.01543	0.01268	0.01841	0.01571	0.01046	0.03174	0.01853	0.32174	0.02122	0.02023	0.01426	0.00888	0.00660	0.00257	0.00672	0.00625	0.00748	0.01134
56	0.76672	0.01607	0.01221	0.01092	0.01607	0.01864	0.00900	0.02442	0.01414	0.03727	0.01157	0.01350	0.00900	0.00771	0.00514	0.00257	0.00643	0.00450	0.00514	0.00900
57	0.21093	0.02281	0.02969	0.02284	0.02927	0.14840	0.24599	0.02975	0.01974	0.13731	0.01746	0.01973	0.01270	0.00805	0.00794	0.00257	0.01112	0.00735	0.00550	0.01085
58	0.01208	0.00805	0.00906	0.00906	0.00906	0.00805	0.00503	0.01208	0.01208	0.01611	0.02618	0.05436	0.03020	0.70804	0.04228	0.00805	0.00805	0.01208	0.00503	0.00503
59	0.03727	0.01414	0.01928	0.01478	0.02121	0.01221	0.01221	0.04049	0.02378	0.66198	0.03277	0.02828	0.02056	0.01028	0.00835	0.00257	0.00707	0.00835	0.01028	0.01414
60	0.01091	0.00846	0.00992	0.00956	0.01189	0.00748	0.00717	0.01403	0.02151	0.02854	0.40279	0.06991	0.33041	0.01876	0.00981	0.00270	0.00405	0.01612	0.00852	0.00748
61	0.01443	0.00722	0.01082	0.01082	0.01082	0.00722	0.00722	0.01082	0.01082	0.01443	0.01443	0.02525	0.01443	0.02886	0.03247	0.75830	0.00722	0.00722	0.00361	0.00361
62	0.76672	0.01607	0.01221	0.01092	0.01607	0.01864	0.00900	0.02442	0.01414	0.03727	0.01157	0.01350	0.00900	0.00771	0.00514	0.00257	0.00643	0.00450	0.00514	0.00900
63	0.14535	0.00944	0.01030	0.01063	0.01258	0.00954	0.00758	0.01747	0.01606	0.06968	0.03304	0.33035	0.03506	0.08874	0.01177	0.00336	0.00539	0.01476	0.16122	0.00768
64	0.01094	0.00726	0.00963	0.01123	0.01176	0.00686	0.00753	0.01203	0.01549	0.02118	0.04127	0.58651	0.04845	0.02519	0.01253	0.08117	0.00500	0.02083	0.05866	0.00649
65	0.01203	0.00825	0.01006	0.01006	0.01040	0.00860	0.00628	0.01272	0.01238	0.01685	0.02526	0.04932	0.02801	0.55802	0.18931	0.00928	0.01135	0.01134	0.00490	0.00559
66	0.03297	0.02105	0.02356	0.01806	0.02465	0.02246	0.01492	0.48542	0.03534	0.20071	0.02307	0.02197	0.01569	0.01005	0.00832	0.00251	0.00864	0.00769	0.00879	0.01413
67	0.02873	0.01742	0.01966	0.01553	0.02098	0.01823	0.01267	0.34333	0.03066	0.18894	0.06775	0.02671	0.02130	0.01048	0.00799	0.00242	0.00738	0.00825	0.13899	0.01258
68	0.01313	0.00805	0.00915	0.00915	0.00993	0.00823	0.00590	0.01470	0.01391	0.02117	0.02601	0.04445	0.02629	0.41231	0.10475	0.00674	0.00839	0.01034	0.24123	0.00617
69	0.02221	0.71304	0.04353	0.01421	0.02132	0.03287	0.01421	0.02488	0.01688	0.01955	0.01155	0.01333	0.01066	0.00711	0.00533	0.00178	0.00888	0.00444	0.00355	0.01066
70	0.01549	0.00774	0.00774	0.00774	0.00968	0.00774	0.00581	0.01936	0.01742	0.03097	0.02710	0.03097	0.02129	0.00968	0.00581	0.00194	0.00387	0.00774	0.75416	0.00774
71	0.02680	0.02002	0.02173	0.01751	0.02299	0.02203	0.01413	0.45704	0.10518	0.04586	0.06582	0.09443	0.02387	0.01224	0.00866	0.00263	0.00806	0.00986	0.00832	0.01284
72	0.01104	0.00771	0.00928	0.01014	0.01055	0.00739	0.00633	0.01184	0.01427	0.01884	0.03899	0.34775	0.08419	0.35395	0.02580	0.00559	0.00633	0.01765	0.00642	0.00594
73	0.02725	0.02345	0.18074	0.01793	0.02537	0.01774	0.01744	0.17184	0.09329	0.25054	0.06816	0.02630	0.02109	0.01019	0.00834	0.00260	0.00857	0.00817	0.00786	0.01313
74	0.03530	0.01455	0.01992	0.01551	0.02127	0.01358	0.01283	0.03837	0.02264	0.59574	0.03052	0.02723	0.01957	0.01072	0.01031	0.00268	0.07783	0.00824	0.00960	0.01362
75	0.01051	0.00795	0.00970	0.01030	0.01191	0.00714	0.00733	0.01287	0.01902	0.02509	0.23313	0.32968	0.24142	0.02190	0.01013	0.00298	0.00437	0.01930	0.00813	0.00714
76	0.01569	0.01477	0.02492	0.68808	0.05722	0.01846	0.02307	0.02123	0.01661	0.02123	0.01477	0.02215	0.01107	0.00831	0.00831	0.00277	0.01107	0.00738	0.00369	0.00923
77	0.01794	0.01861	0.03479	0.28079	0.08709	0.02072	0.25207	0.02336	0.01724	0.02347	0.01494	0.02145	0.01177	0.00882	0.01213	0.00291	0.12946	0.00829	0.00391	0.01023
78	0.02006	0.01923	0.03281	0.11672	0.59442	0.01961	0.02525	0.02505	0.01868	0.02653	0.01554	0.02072	0.01294	0.00750	0.00823	0.00250	0.00999	0.00740	0.00407	0.01275
79	0.01666	0.04297	0.66500	0.02368	0.03596	0.01929	0.03069	0.02631	0.01754	0.02631	0.01491	0.01754	0.01052	0.00789	0.00789	0.00263	0.01228	0.00614	0.00351	0.01228
80	0.02221	0.71304	0.04353	0.01421	0.02132	0.03287	0.01421	0.02488	0.01688	0.01955	0.01155	0.01333	0.01066	0.00711	0.00533	0.00178	0.00888	0.00444	0.00355	0.01066
81	0.01738	0.01337	0.01600	0.01241	0.01852	0.01052	0.01001	0.02096	0.01838	0.07071	0.06393	0.03285	0.06289	0.00984	0.00733	0.00178	0.00610	0.06806	0.00602	0.53293
82	0.01443	0.00722	0.01082	0.01082	0.01082	0.00722	0.00722	0.01082	0.01082	0.01443	0.01443	0.02525	0.01443	0.02886	0.03247	0.75830	0.00722	0.00722	0.00361	0.00361
83	0.03103	0.03959	0.02354	0.02140	0.02568	0.67469	0.01605	0.03317	0.02354	0.02033	0.01284	0.01498	0.01070	0.00856	0.00749	0.00214	0.01498	0.00535	0.00428	0.00963
84	0.03098	0.02205	0.02401	0.01835	0.02503	0.02382	0.01513	0.54615	0.03650	0.09257	0.02047	0.02033	0.01445	0.00973	0.00816	0.00241	0.00879	0.00736	0.00821	0.06548
85	0.01002	0.00842	0.00869	0.00863	0.01134	0.00710	0.00647	0.01231	0.01941	0.02356	0.14273	0.07810	0.59358	0.02062	0.00982	0.00279	0.00418	0.01727	0.00786	0.00710
86	0.01140	0.00811	0.00984	0.01082	0.01216	0.00760	0.00756	0.03352	0.01782	0.02412	0.08477	0.46544	0.16008	0.02249	0.00988	0.00306	0.00471	0.01995	0.07948	0.00720
87	0.03549	0.01699	0.02104	0.01613	0.02263	0.01644	0.01333	0.22413	0.02855	0.47159	0.02877	0.02567	0.01855	0.01019	0.00834	0.00255	0.00772	0.00808	0.00967	0.01413
88	0.76672	0.01607	0.01221	0.01092	0.01607	0.01864	0.00900	0.02442	0.01414	0.03727	0.01157	0.01350	0.00900	0.00771	0.00514	0.00257	0.00643	0.00450	0.00514	0.00900
89	0.20675	0.01459	0.01764	0.01388	0.02001	0.01370	0.01146	0.03675	0.02154	0.51684	0.02785	0.02484	0.01788	0.00968	0.00761	0.00257	0.00692	0.00746	0.00909	0.01294
90	0.02594	0.01120	0.01499	0.01313	0.01710	0.00992	0.01014	0.02856	0.02049	0.38644	0.03710	0.27273	0.03307	0.01594	0.00899	0.00282	0.00603	0.01384	0.06055	0.01102
91	0.02320	0.01911	0.02021	0.01742	0.02257	0.02185	0.01376	0.17991	0.50131	0.03884	0.03059	0.02843	0.02275	0.01097	0.00842	0.00274	0.00717	0.00895	0.00842	0.01338
92	0.59725	0.01562	0.01385	0.01182	0.01726	0.01714	0.00974	0.02815	0.01638	0.18241	0.01649	0.01693	0.01168	0.00831	0.00589	0.00257	0.00658	0.00539	0.00634	0.01019
93	0.66140	0.01673	0.01381	0.01193	0.01727	0.01911	0.00983	0.08740	0.01710	0.06407	0.01329	0.01476	0.00999	0.00805	0.00560	0.00256	0.00673	0.00496	0.00568	0.00973
94	0.02064	0.01138	0.01372	0.01203	0.01602	0.01045	0.00939	0.02579	0.09366	0.24161	0.12811	0.09739	0.25363	0.01610	0.00921	0.00274	0.00546	0.01358	0.00885	0.01023
95	0.01012	0.00723	0.00964	0.01157	0.01205	0.00675	0.00771	0.01157	0.01591	0.02121	0.04579	0.70262	0.05495	0.02603	0.01060	0.00337	0.00482	0.02362	0.00771	0.00675
96	0.03464	0.01356	0.01844	0.01433	0.02030	0.01176	0.01176	0.03793	0.02375	0.59711	0.09665	0.03176	0.02653	0.01097	0.00850	0.00257	0.00674	0.00904	0.01016	0.01349
97	0.02077	0.01055	0.01378	0.01282	0.01632	0.00944	0.01026	0.02363	0.02049	0.25759	0.08297	0.17001	0.16105	0.01812	0.00976	0.00302	0.00605	0.13491	0.00872	0.00976
98	0.01569	0.01477	0.02492	0.68808	0.05722	0.01846	0.02307	0.02123	0.01661	0.02123	0.01477	0.02215	0.01107	0.00831	0.00831	0.00277	0.01107	0.00738	0.00369	0.00923
99	0.12972	0.01721	0.02012	0.01562	0.02195	0.01724	0.01290	0.22044	0.02726	0.39258	0.02606	0.02379	0.01708	0.00985	0.00793	0.00255	0.00763	0.00759	0.00901	0.01347
100	0.76672	0.01607	0.01221	0.01092	0.01607	0.01864	0.00900	0.02442	0.01414	0.03727	0.01157	0.01350	0.00900	0.00771	0.00514	0.00257	0.00643	0.00450	0.00514	0.00900
101	0.01598	0.01328	0.01567	0.01178	0.01778	0.01034	0.00919	0.01946	0.01793	0.02739	0.12158	0.02714	0.02448	0.05417	0.00914	0.00191	0.00591	0.00708	0.00563	0.58417
102	0.01770	0.01702	0.02952	0.41734	0.27583	0.01907	0.05848	0.02310	0.01763	0.02370	0.01520	0.02158	0.01193	0.00790	0.00836	0.00266	0.01080	0.00753	0.00387	0.01078
103	0.02780	0.01331	0.01708	0.01402	0.01900	0.01253	0.01124	0.03469	0.12999	0.39115	0.19332	0.03749	0.03637	0.01219	0.00875	0.00262	0.00617	0.01026	0.00967	0.01234
104	0.02983	0.01247	0.01673	0.01363	0.01847	0.01105	0.01091	0.03274	0.02194	0.47220	0.09653	0.03939	0.02955	0.10192	0.01309	0.00336	0.00691	0.04807	0.00932	0.01189
105	0.08291	0.01316	0.01712	0.01375	0.01907	0.01182	0.01103	0.03449	0.02175	0.50694	0.05286	0.08166	0.02498	0.05662	0.01055	0.00299	0.00681	0.00972	0.00935	0.01242
106	0.20703	0.01712	0.02025	0.10655	0.11188	0.01925	0.01495	0.13225	0.14854	0.03356	0.01889	0.02154	0.01467	0.01106	0.01003	0.08059	0.00809	0.00708	0.00589	0.01080
107	0.02698	0.02564	0.03454	0.02621	0.03299	0.19445	0.29313	0.09289	0.02339	0.13848	0.01886	0.02120	0.01364	0.00830	0.00878	0.00255	0.01255	0.00812	0.00571	0.01160
108	0.03142	0.01272	0.01690	0.01345	0.01838	0.01124	0.01054	0.03389	0.02106	0.51192	0.03124	0.03434	0.02280	0.17239	0.01624	0.00384	0.00730	0.00922	0.00906	0.01202
109	0.01294	0.00851	0.01123	0.01102	0.01287	0.00783	0.00808	0.01616	0.02151	0.06990	0.45154	0.23019	0.06849	0.01896	0.00992	0.00281	0.00436	0.01689	0.00884	0.00795
110	0.01369	0.01177	0.01586	0.01333	0.01710	0.01091	0.08762	0.07814	0.02195	0.02809	0.17456	0.06299	0.39727	0.01733	0.00966	0.00274	0.00593	0.01503	0.00759	0.00844
111	0.76672	0.01607	0.01221	0.01092	0.01607	0.01864	0.00900	0.02442	0.01414	0.03727	0.01157	0.01350	0.00900	0.00771	0.00514	0.00257	0.00643	0.00450	0.00514	0.00900
112	0.59725	0.01562	0.01385	0.01182	0.01726	0.01714	0.00974	0.02815	0.01638	0.18241	0.01649	0.01693	0.01168	0.00831	0.00589	0.00257	0.00658	0.00539	0.00634	0.01019
113	0.02005	0.01080	0.01393	0.01224	0.01553	0.01008	0.00937	0.02483	0.06956	0.22134	0.33469	0.09306	0.05208	0.06064	0.01145	0.00303	0.00541	0.01298	0.00907	0.00989
114	0.01021	0.00739	0.00966	0.01129	0.01202	0.00684	0.00763	0.01187	0.01663	0.02212	0.09000	0.61798	0.09550	0.02508	0.01050	0.00328	0.00472	0.02263	0.00781	0.00684
115	0.01012	0.00723	0.00964	0.01157	0.01205	0.00675	0.00771	0.01157	0.01591	0.02121	0.04579	0.70262	0.05495	0.02603	0.01060	0.00337	0.00482	0.02362	0.00771	0.00675
116	0.15872	0.01446	0.01810	0.01414	0.02035	0.01328	0.01168	0.03781	0.02217	0.55797	0.02924	0.02581	0.01864	0.00985	0.00782	0.00257	0.00696	0.00771	0.00943	0.01328
117	0.01756	0.00944	0.01279	0.01293	0.01524	0.00867	0.00982	0.02002	0.01894	0.18221	0.08403	0.38582	0.04677	0.02095	0.01014	0.00320	0.00580	0.11842	0.00844	0.00882
118	0.00982	0.00842	0.00842	0.00842	0.01122	0.00701	0.00631	0.01192	0.01894	0.02244	0.08416	0.07995	0.65285	0.02104	0.00982	0.00281	0.00421	0.01753	0.00771	0.00701
119	0.01666	0.04297	0.66500	0.02368	0.03596	0.01929	0.03069	0.02631	0.01754	0.02631	0.01491	0.01754	0.01052	0.00789	0.00789	0.00263	0.01228	0.00614	0.00351	0.01228
120	0.76672	0.01607	0.01221	0.01092	0.01607	0.01864	0.00900	0.02442	0.01414	0.03727	0.01157	0.01350	0.00900	0.00771	0.00514	0.00257	0.00643	0.00450	0.00514	0.00900
121	0.01625	0.00941	0.01250	0.01243	0.01459	0.00881	0.00955	0.01901	0.01944	0.13467	0.19147	0.19516	0.04993	0.10840	0.01432	0.00376	0.00609	0.15777	0.00815	0.00829
122	0.39005	0.02043	0.01732	0.01500	0.02012	0.10441	0.01225	0.19239	0.02278	0.03799	0.01740	0.02375	0.01464	0.01002	0.00698	0.00262	0.00841	0.06691	0.00617	0.01036
123	0.00982	0.00842	0.00842	0.00842	0.01122	0.00701	0.00631	0.01192	0.01894	0.02244	0.08416	0.07995	0.65285	0.02104	0.00982	0.00281	0.00421	0.01753	0.00771	0.00701
124	0.01436	0.00899	0.01252	0.01375	0.01537	0.00874	0.01109	0.01657	0.01756	0.06644	0.03979	0.23162	0.04334	0.02362	0.01379	0.10244	0.00685	0.33852	0.00732	0.00734
125	0.01092	0.00797	0.01016	0.01094	0.01223	0.00738	0.00780	0.01330	0.01865	0.02510	0.23924	0.34965	0.13275	0.06143	0.01213	0.00336	0.00483	0.05708	0.00800	0.00708
126	0.18129	0.02553	0.02212	0.01841	0.02393	0.20107	0.03878	0.24291	0.10480	0.03722	0.01789	0.01875	0.01349	0.00916	0.00751	0.00247	0.01005	0.00662	0.00641	0.01160
127	0.02219	0.02872	0.18698	0.11225	0.24169	0.13048	0.02365	0.10436	0.02167	0.02833	0.01543	0.01898	0.01196	0.00816	0.00804	0.00249	0.01138	0.00675	0.00448	0.01199
128	0.01623	0.01042	0.01390	0.01360	0.01562	0.01083	0.01075	0.07924	0.01836	0.05760	0.06926	0.05156	0.03141	0.07671	0.14837	0.16308	0.01035	0.18880	0.00630	0.00760
129	0.01344	0.00999	0.01190	0.01226	0.01372	0.01036	0.00879	0.01910	0.13229	0.02354	0.08288	0.20158	0.04152	0.25567	0.02114	0.00489	0.00667	0.11562	0.00703	0.00759
130	0.03106	0.01801	0.01955	0.01618	0.02180	0.08340	0.01292	0.04096	0.23092	0.38532	0.03107	0.02782	0.02116	0.01044	0.00830	0.00261	0.00772	0.00839	0.00905	0.01334
131	0.01792	0.01611	0.02300	0.02305	0.16905	0.01367	0.05620	0.02213	0.01791	0.02691	0.01701	0.02334	0.01484	0.00760	0.00723	0.00180	0.00765	0.04461	0.00486	0.48511
132	0.01927	0.01679	0.02673	0.16148	0.07279	0.01609	0.14253	0.06494	0.01998	0.06104	0.06047	0.02340	0.01728	0.00808	0.00801	0.00221	0.00916	0.00766	0.00527	0.25682
133	0.01793	0.01574	0.06107	0.01338	0.01976	0.01205	0.01149	0.05570	0.01862	0.07068	0.02444	0.02663	0.08004	0.01556	0.09333	0.00322	0.00869	0.00720	0.00561	0.43885
134	0.02309	0.16998	0.05951	0.02191	0.02894	0.17384	0.18075	0.06817	0.02078	0.02552	0.01456	0.01750	0.01172	0.00748	0.00750	0.00213	0.01136	0.00647	0.00447	0.14431
135	0.06911	0.15243	0.12307	0.02504	0.09451	0.02162	0.18473	0.02828	0.09359	0.05268	0.01766	0.02018	0.01362	0.00782	0.00776	0.00242	0.01016	0.00725	0.00485	0.06322
136	0.17310	0.05334	0.01908	0.01445	0.01877	0.01406	0.08858	0.02081	0.01718	0.06031	0.11085	0.03655	0.02748	0.15436	0.01481	0.00359	0.00760	0.04732	0.00588	0.11189
137	0.01525	0.01642	0.13496	0.01636	0.02056	0.01207	0.01581	0.02157	0.06692	0.05234	0.09727	0.08842	0.04129	0.01825	0.01026	0.00334	0.00795	0.34455	0.00720	0.00918
138	0.07500	0.24070	0.06882	0.01490	0.02016	0.01874	0.01400	0.02463	0.01857	0.13647	0.02726	0.07993	0.02600	0.01362	0.00818	0.00274	0.00802	0.18580	0.00633	0.01014
139	0.23395	0.02740	0.30028	0.01748	0.02592	0.01742	0.01927	0.04584	0.01780	0.11018	0.01674	0.01858	0.01212	0.01093	0.04186	0.00307	0.00997	0.00606	0.00512	0.06000

[dist]
# distance from previous block
# <min> <max>
0	176

# created by:
# /home/cegg/simao/soft/augustus-3.2.1/scripts/msa2prfl.pl ./align_prep/25189.fa
