[name]
unknown

[dist]
# distance from previous block
# <min> <max>
5	36

[block]
# block no. 0 follows, 23 sequences, length 93
# corresponding to MSA columns:
# 36-128
name=unknown_A
#
# <colnr> <probs for GDERKNQSTAVLIFYWHMCP>
#	G	D	E	R	K	N	Q	S	T	A	V	L	I	F	Y	W	H	M	C	P
0	0.02327	0.02407	0.16337	0.02756	0.20667	0.01996	0.02038	0.19736	0.09757	0.08502	0.04056	0.02238	0.01659	0.00899	0.00807	0.00250	0.00917	0.00753	0.00615	0.01284
1	0.02563	0.01935	0.02439	0.05224	0.21842	0.05961	0.01729	0.13570	0.16766	0.16016	0.02319	0.02355	0.01697	0.00918	0.00808	0.00250	0.00859	0.00775	0.00688	0.01285
2	0.10451	0.14294	0.05386	0.02404	0.17403	0.02297	0.01680	0.23275	0.06310	0.03528	0.04259	0.02004	0.01550	0.00869	0.00731	0.00234	0.00853	0.00681	0.00585	0.01206
3	0.17023	0.02152	0.10130	0.01852	0.05942	0.02005	0.01562	0.24006	0.10798	0.13538	0.02075	0.02067	0.01474	0.00914	0.00749	0.00252	0.00820	0.00696	0.00702	0.01243
4	0.02120	0.01729	0.02121	0.02146	0.14138	0.03583	0.01436	0.23237	0.02622	0.03625	0.19420	0.03040	0.03051	0.01074	0.00872	0.00232	0.02690	0.00892	0.00688	0.11286
5	0.02193	0.02142	0.02204	0.02342	0.14733	0.13667	0.01546	0.05202	0.33749	0.02975	0.02376	0.02392	0.01837	0.00929	0.00783	0.00241	0.00854	0.00762	0.00637	0.08435
6	0.01319	0.01092	0.01786	0.01924	0.10231	0.01200	0.05133	0.01659	0.01414	0.02030	0.02054	0.02969	0.01880	0.05036	0.55103	0.01099	0.01963	0.00856	0.00429	0.00822
7	0.01864	0.07909	0.52532	0.02160	0.03188	0.01942	0.02639	0.02650	0.01734	0.08663	0.01576	0.01793	0.01125	0.00835	0.00895	0.00258	0.06027	0.00618	0.00407	0.01185
8	0.01796	0.13277	0.38963	0.01914	0.02793	0.01962	0.02209	0.09936	0.02009	0.02819	0.07874	0.07027	0.02018	0.00996	0.00776	0.00248	0.00983	0.00796	0.00484	0.01119
9	0.01671	0.01435	0.02376	0.56461	0.09428	0.01709	0.02112	0.02184	0.01724	0.06167	0.05611	0.02434	0.01566	0.00870	0.00820	0.00266	0.01005	0.00774	0.00436	0.00950
10	0.01286	0.00938	0.01155	0.01069	0.01354	0.00828	0.00823	0.01631	0.01970	0.02859	0.30930	0.11267	0.08490	0.01527	0.00864	0.00240	0.00470	0.06987	0.09784	0.15527
11	0.01803	0.01877	0.07889	0.03655	0.41463	0.01718	0.02071	0.02507	0.10242	0.02644	0.02266	0.13991	0.02127	0.01091	0.00844	0.00262	0.00855	0.01012	0.00514	0.01170
12	0.02336	0.01444	0.01979	0.01663	0.01900	0.01697	0.01345	0.02547	0.01631	0.25556	0.02110	0.02694	0.01720	0.10942	0.06209	0.00433	0.31353	0.00821	0.00614	0.01004
13	0.01116	0.00828	0.01040	0.00987	0.01192	0.00752	0.00740	0.01468	0.02220	0.03072	0.56089	0.06361	0.17675	0.01727	0.00957	0.00258	0.00388	0.01509	0.00869	0.00752
14	0.02859	0.02457	0.02229	0.01815	0.02364	0.16485	0.01454	0.40602	0.09203	0.04127	0.01978	0.02024	0.01463	0.00955	0.00778	0.00235	0.00955	0.00706	0.06079	0.01232
15	0.01216	0.00948	0.01150	0.01018	0.01328	0.00812	0.00775	0.01560	0.02090	0.02929	0.42173	0.05545	0.17739	0.01529	0.00888	0.00232	0.00431	0.01322	0.00786	0.15529
16	0.00961	0.00813	0.00831	0.00846	0.01102	0.00683	0.00627	0.01162	0.01826	0.02182	0.07924	0.12796	0.61296	0.02093	0.00965	0.00278	0.00416	0.01759	0.00753	0.00683
17	0.03451	0.01685	0.02071	0.01588	0.02223	0.01644	0.01312	0.24312	0.02831	0.45908	0.02774	0.02485	0.01794	0.00994	0.00815	0.00249	0.00759	0.00787	0.00939	0.01381
18	0.02248	0.02305	0.03178	0.03966	0.41483	0.13269	0.08511	0.07443	0.02062	0.02699	0.01506	0.01920	0.01237	0.00787	0.00884	0.00244	0.03911	0.00713	0.00436	0.01198
19	0.01683	0.01442	0.01683	0.01202	0.01923	0.01082	0.00961	0.02043	0.01683	0.02644	0.01442	0.01683	0.01202	0.00601	0.00601	0.00120	0.00601	0.00481	0.00481	0.76444
20	0.01019	0.00728	0.00977	0.01165	0.01225	0.00685	0.00806	0.01183	0.01584	0.02106	0.04455	0.65026	0.05300	0.02513	0.01044	0.00334	0.00497	0.07932	0.00753	0.00668
21	0.03641	0.01381	0.01883	0.01444	0.02071	0.01193	0.01193	0.03954	0.02322	0.66984	0.03201	0.02762	0.02009	0.01004	0.00816	0.00251	0.00690	0.00816	0.01004	0.01381
22	0.11238	0.14105	0.02408	0.01676	0.02205	0.19581	0.01369	0.20053	0.09488	0.03282	0.05703	0.02019	0.01694	0.00923	0.00717	0.00228	0.00947	0.00660	0.00602	0.01101
23	0.01972	0.02146	0.09431	0.04725	0.60388	0.01924	0.02539	0.02498	0.01835	0.02643	0.01520	0.01980	0.01261	0.00728	0.00800	0.00243	0.00987	0.00711	0.00396	0.01277
24	0.02218	0.01995	0.03126	0.04372	0.53942	0.02043	0.02305	0.14447	0.02232	0.03132	0.01609	0.01997	0.01304	0.00772	0.00805	0.00241	0.00950	0.00724	0.00482	0.01304
25	0.01772	0.01524	0.02364	0.02184	0.08405	0.01568	0.14016	0.15078	0.02125	0.02883	0.02875	0.31517	0.03028	0.01586	0.01040	0.00292	0.04675	0.01450	0.00640	0.00976
26	0.01942	0.02222	0.14615	0.01780	0.02384	0.01992	0.01619	0.03972	0.52605	0.03233	0.02942	0.02771	0.02194	0.01036	0.00815	0.00272	0.00751	0.00855	0.00731	0.01268
27	0.02008	0.01928	0.03294	0.04981	0.66422	0.01928	0.02490	0.02490	0.01848	0.02651	0.01526	0.02008	0.01285	0.00723	0.00803	0.00241	0.00964	0.00723	0.00402	0.01285
28	0.01884	0.01801	0.03069	0.21830	0.50543	0.01895	0.02428	0.02381	0.01789	0.02500	0.01504	0.02049	0.01232	0.00746	0.00805	0.00249	0.00995	0.00722	0.00391	0.01185
29	0.02064	0.01009	0.01323	0.01160	0.01476	0.00911	0.00883	0.02356	0.02081	0.26229	0.26381	0.12105	0.04570	0.08179	0.01197	0.00310	0.00544	0.01260	0.05012	0.00951
30	0.01270	0.01038	0.01484	0.01432	0.01524	0.01270	0.01111	0.01498	0.01316	0.01904	0.02264	0.11994	0.02321	0.08720	0.41213	0.00938	0.16458	0.01045	0.00463	0.00736
31	0.02008	0.01928	0.03294	0.04981	0.66422	0.01928	0.02490	0.02490	0.01848	0.02651	0.01526	0.02008	0.01285	0.00723	0.00803	0.00241	0.00964	0.00723	0.00402	0.01285
32	0.01021	0.00731	0.00971	0.01107	0.01184	0.00681	0.00756	0.01212	0.01706	0.02314	0.17096	0.57639	0.05837	0.02361	0.01020	0.00314	0.00453	0.02135	0.00782	0.00681
33	0.01097	0.00827	0.01014	0.00967	0.01181	0.00744	0.00726	0.01433	0.02177	0.02968	0.50458	0.06531	0.23370	0.01765	0.00958	0.00260	0.00390	0.01533	0.00856	0.00744
34	0.01944	0.01862	0.03178	0.13683	0.58220	0.01911	0.02458	0.02434	0.01817	0.02573	0.01515	0.02029	0.01258	0.00735	0.00804	0.00245	0.00980	0.00723	0.00396	0.01234
35	0.01990	0.01910	0.03261	0.07397	0.64145	0.01923	0.02481	0.02475	0.01839	0.02629	0.01523	0.02014	0.01278	0.00726	0.00804	0.00242	0.00968	0.00723	0.00400	0.01271
36	0.03541	0.01541	0.01982	0.01520	0.02151	0.01431	0.01256	0.14705	0.02591	0.55854	0.02976	0.02615	0.01896	0.00999	0.00815	0.00250	0.00727	0.00801	0.00970	0.01381
37	0.02813	0.01721	0.01974	0.01621	0.02179	0.01825	0.01304	0.16233	0.30241	0.26398	0.02992	0.02714	0.02088	0.01041	0.00819	0.00260	0.00710	0.00843	0.00886	0.01338
38	0.02297	0.01890	0.03081	0.03979	0.44808	0.01886	0.06999	0.07153	0.05529	0.11476	0.01887	0.02175	0.01450	0.00796	0.00819	0.00247	0.00936	0.00765	0.00536	0.01290
39	0.11737	0.01616	0.07855	0.01389	0.01891	0.01402	0.01222	0.12963	0.02391	0.17583	0.26735	0.03609	0.03838	0.01197	0.00825	0.00252	0.00648	0.00984	0.00801	0.01063
40	0.01982	0.01901	0.03246	0.08585	0.63025	0.01921	0.02477	0.02467	0.01835	0.02619	0.01522	0.02017	0.01274	0.00728	0.00804	0.00243	0.00971	0.00723	0.00399	0.01264
41	0.14527	0.01315	0.01420	0.04942	0.01755	0.01443	0.01018	0.12436	0.02023	0.06774	0.03042	0.03192	0.12314	0.01138	0.00861	0.00244	0.06223	0.00856	0.23553	0.00924
42	0.01368	0.01088	0.01176	0.01125	0.01415	0.01108	0.00850	0.02248	0.21070	0.02802	0.15376	0.10597	0.26227	0.01632	0.00887	0.00268	0.00478	0.01386	0.08014	0.00885
43	0.01767	0.01682	0.02858	0.37671	0.35615	0.01865	0.02370	0.02279	0.01734	0.02358	0.01484	0.02087	0.01182	0.00768	0.00807	0.00256	0.01024	0.00722	0.00381	0.01091
44	0.01546	0.01461	0.02437	0.65770	0.05396	0.01841	0.02227	0.02066	0.01601	0.02066	0.01421	0.02142	0.01081	0.00845	0.00915	0.00275	0.04929	0.00720	0.00360	0.00901
45	0.77215	0.01569	0.01193	0.01067	0.01569	0.01820	0.00879	0.02385	0.01381	0.03641	0.01130	0.01318	0.00879	0.00753	0.00502	0.00251	0.00628	0.00439	0.00502	0.00879
46	0.01148	0.00829	0.01085	0.01021	0.01212	0.00766	0.00766	0.01531	0.02297	0.03254	0.65994	0.06061	0.07656	0.01659	0.00957	0.00255	0.00383	0.01467	0.00893	0.00766
47	0.02008	0.01928	0.03294	0.04981	0.66422	0.01928	0.02490	0.02490	0.01848	0.02651	0.01526	0.02008	0.01285	0.00723	0.00803	0.00241	0.00964	0.00723	0.00402	0.01285
48	0.01627	0.04197	0.67279	0.02313	0.03512	0.01884	0.02998	0.02570	0.01713	0.02570	0.01456	0.01713	0.01028	0.00771	0.00771	0.00257	0.01199	0.00600	0.00343	0.01199
49	0.01136	0.00820	0.01073	0.01029	0.01209	0.00757	0.00765	0.01500	0.02238	0.03161	0.61134	0.11187	0.07475	0.01729	0.00963	0.00261	0.00390	0.01534	0.00882	0.00757
50	0.06597	0.00875	0.01061	0.00999	0.01212	0.00840	0.00755	0.01627	0.02175	0.03259	0.55301	0.05432	0.06639	0.01526	0.00887	0.00249	0.00400	0.01326	0.08068	0.00773
51	0.02008	0.01928	0.03294	0.04981	0.66422	0.01928	0.02490	0.02490	0.01848	0.02651	0.01526	0.02008	0.01285	0.00723	0.00803	0.00241	0.00964	0.00723	0.00402	0.01285
52	0.45395	0.01662	0.01598	0.01312	0.01873	0.01808	0.01082	0.14732	0.02078	0.18860	0.01778	0.01781	0.01243	0.00856	0.00637	0.00250	0.00694	0.00585	0.00681	0.01095
53	0.00996	0.00817	0.00885	0.00928	0.01163	0.00705	0.00701	0.01209	0.01812	0.02199	0.07342	0.16391	0.52072	0.02138	0.00985	0.00291	0.00451	0.07475	0.00753	0.00687
54	0.01557	0.01468	0.02479	0.66133	0.08792	0.01809	0.02266	0.02095	0.01634	0.02104	0.01447	0.02155	0.01092	0.00807	0.00811	0.00269	0.01075	0.00721	0.00363	0.00922
55	0.01965	0.01918	0.03376	0.09425	0.56128	0.01931	0.08323	0.02471	0.01838	0.02605	0.01531	0.02037	0.01266	0.00726	0.00819	0.00246	0.01011	0.00745	0.00400	0.01240
56	0.62728	0.02018	0.01409	0.01267	0.01753	0.14788	0.01013	0.02552	0.01560	0.03317	0.01154	0.01346	0.00911	0.00769	0.00547	0.00243	0.00791	0.00456	0.00486	0.00891
57	0.01643	0.09160	0.53604	0.08639	0.03512	0.01939	0.02716	0.02472	0.01721	0.02496	0.03844	0.01887	0.01282	0.00802	0.00762	0.00252	0.01131	0.00631	0.00365	0.01142
58	0.02031	0.01894	0.03060	0.09637	0.52877	0.01958	0.02321	0.05974	0.07063	0.02801	0.01687	0.02100	0.01371	0.00774	0.00806	0.00246	0.00943	0.00739	0.00455	0.01260
59	0.77215	0.01569	0.01193	0.01067	0.01569	0.01820	0.00879	0.02385	0.01381	0.03641	0.01130	0.01318	0.00879	0.00753	0.00502	0.00251	0.00628	0.00439	0.00502	0.00879
60	0.01056	0.00786	0.00987	0.01050	0.01202	0.00718	0.00762	0.01308	0.01889	0.02523	0.26331	0.31749	0.18854	0.02119	0.00998	0.00295	0.00445	0.05419	0.00801	0.00706
61	0.01771	0.00861	0.00996	0.00962	0.01203	0.00824	0.00739	0.02107	0.01792	0.13107	0.03081	0.12367	0.02667	0.01248	0.00704	0.00229	0.00464	0.04753	0.49283	0.00843
62	0.01031	0.00819	0.00926	0.00912	0.01144	0.00714	0.00679	0.01300	0.02001	0.02582	0.29587	0.10482	0.41083	0.01933	0.00962	0.00270	0.00404	0.01652	0.00806	0.00714
63	0.00971	0.00774	0.00871	0.00948	0.01129	0.00674	0.00673	0.01150	0.01728	0.02142	0.06682	0.33731	0.41164	0.02255	0.00990	0.00297	0.00436	0.01956	0.00753	0.00674
64	0.03641	0.01381	0.01883	0.01444	0.02071	0.01193	0.01193	0.03954	0.02322	0.66984	0.03201	0.02762	0.02009	0.01004	0.00816	0.00251	0.00690	0.00816	0.01004	0.01381
65	0.62847	0.01532	0.01327	0.01141	0.01667	0.01698	0.00940	0.02692	0.01565	0.16011	0.01534	0.01600	0.01099	0.00802	0.00563	0.00251	0.00640	0.00513	0.00600	0.00977
66	0.02276	0.63519	0.04010	0.01476	0.02135	0.11280	0.01411	0.02530	0.01729	0.01919	0.01144	0.01322	0.01042	0.00712	0.00547	0.00178	0.00942	0.00445	0.00356	0.01029
67	0.00974	0.00823	0.00843	0.00838	0.01105	0.00691	0.00628	0.01193	0.01885	0.02276	0.12783	0.07671	0.61477	0.02024	0.00959	0.00273	0.00409	0.01693	0.00765	0.00691
68	0.02352	0.01642	0.01885	0.01552	0.01976	0.01798	0.01230	0.34992	0.02697	0.07660	0.02175	0.02814	0.01817	0.12842	0.18188	0.00591	0.01185	0.00838	0.00681	0.01083
69	0.01683	0.01442	0.01683	0.01202	0.01923	0.01082	0.00961	0.02043	0.01683	0.02644	0.01442	0.01683	0.01202	0.00601	0.00601	0.00120	0.00601	0.00481	0.00481	0.76444
70	0.01088	0.00833	0.01005	0.01010	0.01224	0.00750	0.00776	0.01389	0.02033	0.02684	0.33035	0.10679	0.29326	0.01930	0.00982	0.00281	0.00444	0.08990	0.00814	0.00727
71	0.02169	0.71972	0.04252	0.01388	0.02083	0.03211	0.01388	0.02430	0.01649	0.01909	0.01128	0.01302	0.01041	0.00694	0.00521	0.00174	0.00868	0.00434	0.00347	0.01041
72	0.01148	0.00829	0.01085	0.01021	0.01212	0.00766	0.00766	0.01531	0.02297	0.03254	0.65994	0.06061	0.07656	0.01659	0.00957	0.00255	0.00383	0.01467	0.00893	0.00766
73	0.01008	0.00834	0.00902	0.00913	0.01168	0.00727	0.00701	0.01241	0.01846	0.02253	0.10803	0.07563	0.54453	0.02269	0.04676	0.00338	0.00533	0.06332	0.00743	0.00697
74	0.03116	0.02223	0.02404	0.01843	0.02491	0.02442	0.01523	0.60379	0.03732	0.08568	0.02018	0.01994	0.01415	0.00976	0.00812	0.00244	0.00882	0.00735	0.00822	0.01380
75	0.01742	0.01721	0.02397	0.02062	0.02062	0.02392	0.01705	0.01910	0.01239	0.01932	0.01147	0.01970	0.01169	0.05276	0.02744	0.00379	0.66190	0.00736	0.00363	0.00866
76	0.01000	0.00803	0.00900	0.00967	0.01173	0.00702	0.00718	0.01205	0.01774	0.02183	0.06869	0.24361	0.44408	0.02200	0.00994	0.00298	0.00459	0.07550	0.00753	0.00684
77	0.01974	0.01433	0.01712	0.01238	0.01945	0.01098	0.00996	0.02327	0.01778	0.12203	0.01704	0.01843	0.01322	0.00661	0.00633	0.00140	0.00614	0.00531	0.00559	0.65291
78	0.01124	0.00825	0.01076	0.01039	0.01224	0.00776	0.00777	0.01469	0.02120	0.02964	0.51445	0.10000	0.11588	0.02170	0.07418	0.00362	0.00562	0.01482	0.00829	0.00749
79	0.01005	0.00722	0.00976	0.01147	0.01203	0.00693	0.00778	0.01160	0.01530	0.02053	0.04252	0.64454	0.05047	0.02882	0.07484	0.00423	0.00634	0.02169	0.00723	0.00665
80	0.01551	0.00790	0.00876	0.00886	0.01075	0.00766	0.00652	0.01874	0.01714	0.07372	0.03079	0.17626	0.02782	0.01293	0.00686	0.00224	0.00420	0.01094	0.54459	0.00780
81	0.01627	0.04197	0.67279	0.02313	0.03512	0.01884	0.02998	0.02570	0.01713	0.02570	0.01456	0.01713	0.01028	0.00771	0.00771	0.00257	0.01199	0.00600	0.00343	0.01199
82	0.01883	0.04038	0.55598	0.02259	0.03332	0.09697	0.02739	0.06484	0.01914	0.02661	0.01463	0.01699	0.01052	0.00791	0.00769	0.00251	0.01211	0.00599	0.00381	0.01180
83	0.02567	0.03053	0.02803	0.02949	0.18733	0.39998	0.07754	0.02888	0.02065	0.02209	0.01345	0.01695	0.01125	0.00839	0.00924	0.00235	0.06742	0.00630	0.00408	0.01038
84	0.15525	0.36748	0.03149	0.01712	0.06053	0.11654	0.01412	0.10748	0.01993	0.02697	0.01280	0.01456	0.01074	0.00763	0.00602	0.00205	0.00916	0.00504	0.00449	0.01059
85	0.01048	0.00872	0.00921	0.00900	0.01170	0.00769	0.00678	0.01394	0.05251	0.02441	0.18065	0.07252	0.52522	0.01935	0.00952	0.00271	0.00418	0.01628	0.00782	0.00731
86	0.02130	0.01718	0.01812	0.01357	0.02033	0.07623	0.01083	0.06168	0.01948	0.10360	0.01664	0.01806	0.01293	0.00694	0.00652	0.00152	0.00712	0.00540	0.00557	0.55699
87	0.01159	0.00869	0.01304	0.01304	0.01449	0.01014	0.01014	0.01449	0.01304	0.01884	0.02173	0.03188	0.02029	0.06086	0.68268	0.01304	0.02173	0.00869	0.00435	0.00724
88	0.01018	0.00809	0.00915	0.00921	0.01141	0.00705	0.00678	0.01267	0.01940	0.02486	0.24588	0.15761	0.40891	0.02005	0.00969	0.00276	0.00411	0.01721	0.00794	0.00705
89	0.01177	0.00799	0.00947	0.00947	0.00969	0.00820	0.00569	0.01220	0.01198	0.01619	0.02500	0.04995	0.02813	0.61767	0.13659	0.00864	0.00993	0.01134	0.00483	0.00526
90	0.01532	0.01232	0.01415	0.01299	0.01608	0.01318	0.00994	0.02757	0.29924	0.03316	0.38352	0.04724	0.05373	0.01413	0.00899	0.00264	0.00497	0.01225	0.00863	0.00994
91	0.01956	0.01604	0.01830	0.01332	0.02039	0.01362	0.01075	0.14087	0.02099	0.03126	0.01541	0.01734	0.01237	0.00674	0.00642	0.00144	0.00658	0.00530	0.00545	0.61785
92	0.03019	0.02224	0.02389	0.01844	0.02475	0.02458	0.01518	0.61765	0.03745	0.05019	0.02027	0.04099	0.01504	0.01023	0.00819	0.00246	0.00880	0.00780	0.00810	0.01357

[dist]
# distance from previous block
# <min> <max>
0	11

[block]
# block no. 1 follows, 23 sequences, length 23
# corresponding to MSA columns:
# 140-162
name=unknown_B
#
# <colnr> <probs for GDERKNQSTAVLIFYWHMCP>
#	G	D	E	R	K	N	Q	S	T	A	V	L	I	F	Y	W	H	M	C	P
0	0.01956	0.01889	0.03267	0.11532	0.57612	0.01920	0.04991	0.02452	0.01827	0.02590	0.01522	0.02032	0.01262	0.00730	0.00811	0.00245	0.00993	0.00733	0.00398	0.01238
1	0.01466	0.01705	0.10936	0.05146	0.02464	0.01442	0.14052	0.01967	0.01977	0.02809	0.33006	0.03966	0.04318	0.01270	0.01138	0.00272	0.09407	0.01117	0.00628	0.00912
2	0.02517	0.55293	0.03692	0.01401	0.02080	0.02734	0.01342	0.02790	0.01808	0.17285	0.01618	0.01647	0.01270	0.00767	0.00590	0.00192	0.00826	0.00524	0.00502	0.01122
3	0.00989	0.00706	0.00942	0.01130	0.01177	0.00659	0.00753	0.01130	0.01554	0.02071	0.04472	0.70954	0.05367	0.02542	0.01036	0.00330	0.00471	0.02307	0.00753	0.00659
4	0.77215	0.01569	0.01193	0.01067	0.01569	0.01820	0.00879	0.02385	0.01381	0.03641	0.01130	0.01318	0.00879	0.00753	0.00502	0.00251	0.00628	0.00439	0.00502	0.00879
5	0.03160	0.06893	0.12935	0.01617	0.02345	0.01552	0.01533	0.08251	0.02290	0.46920	0.02669	0.02422	0.01729	0.00941	0.00787	0.00246	0.00803	0.00747	0.00833	0.01327
6	0.03394	0.01777	0.02128	0.01632	0.02269	0.01780	0.01348	0.30475	0.02985	0.39528	0.02645	0.02401	0.01730	0.00991	0.00814	0.00248	0.00780	0.00778	0.00919	0.01380
7	0.03385	0.01324	0.01801	0.01400	0.01983	0.01149	0.01149	0.03706	0.02320	0.60452	0.09637	0.03100	0.02587	0.01071	0.00830	0.00251	0.00659	0.00883	0.00993	0.01318
8	0.02201	0.01463	0.01807	0.01655	0.04830	0.01525	0.03372	0.13881	0.17117	0.14209	0.03091	0.17852	0.02702	0.01334	0.00844	0.00267	0.00669	0.01151	0.08915	0.01115
9	0.02533	0.01962	0.02105	0.01720	0.02262	0.02193	0.01385	0.36546	0.26699	0.04323	0.07424	0.02673	0.02279	0.01075	0.00828	0.00256	0.00759	0.00858	0.00823	0.01296
10	0.02008	0.01928	0.03294	0.04981	0.66422	0.01928	0.02490	0.02490	0.01848	0.02651	0.01526	0.02008	0.01285	0.00723	0.00803	0.00241	0.00964	0.00723	0.00402	0.01285
11	0.01532	0.01442	0.02434	0.69533	0.05589	0.01803	0.02253	0.02073	0.01622	0.02073	0.01442	0.02163	0.01082	0.00811	0.00811	0.00270	0.01082	0.00721	0.00361	0.00901
12	0.01683	0.01442	0.01683	0.01202	0.01923	0.01082	0.00961	0.02043	0.01683	0.02644	0.01442	0.01683	0.01202	0.00601	0.00601	0.00120	0.00601	0.00481	0.00481	0.76444
13	0.02018	0.01743	0.01835	0.01651	0.02110	0.02018	0.01284	0.04312	0.64956	0.03394	0.03303	0.03027	0.02477	0.01101	0.00826	0.00275	0.00642	0.00917	0.00826	0.01284
14	0.03085	0.02273	0.02435	0.01867	0.02516	0.02516	0.01542	0.63716	0.03815	0.05114	0.01948	0.01948	0.01380	0.00974	0.00812	0.00244	0.00893	0.00731	0.00812	0.01380
15	0.01477	0.00763	0.00788	0.00782	0.00971	0.00757	0.00586	0.01856	0.01759	0.03047	0.08781	0.03319	0.02620	0.01014	0.00605	0.00195	0.00379	0.00825	0.68717	0.00757
16	0.01020	0.00824	0.00906	0.00886	0.01133	0.00711	0.00664	0.01282	0.01993	0.02532	0.26705	0.07250	0.47395	0.01928	0.00958	0.00268	0.00402	0.01634	0.00798	0.00711
17	0.01173	0.00900	0.01210	0.01306	0.01368	0.00967	0.00966	0.01347	0.01532	0.02071	0.03787	0.43506	0.04414	0.09402	0.01586	0.00388	0.09856	0.12859	0.00672	0.00689
18	0.01031	0.00825	0.00921	0.00897	0.01140	0.00715	0.00673	0.01303	0.02018	0.02593	0.30033	0.07149	0.44030	0.01905	0.00958	0.00267	0.00400	0.01620	0.00806	0.00715
19	0.01839	0.01561	0.01898	0.07923	0.09173	0.01727	0.01389	0.07841	0.32920	0.03229	0.13995	0.03584	0.07062	0.01181	0.00852	0.00265	0.00676	0.01010	0.00744	0.01130
20	0.01628	0.08946	0.01961	0.01599	0.08374	0.01348	0.01128	0.02054	0.04735	0.02597	0.09632	0.11530	0.02582	0.01033	0.00724	0.00190	0.00625	0.00883	0.00560	0.37868
21	0.13695	0.04555	0.02542	0.02995	0.29227	0.14429	0.01763	0.06748	0.01968	0.02819	0.01419	0.01728	0.01165	0.00749	0.00708	0.00218	0.00950	0.00600	0.00457	0.11265
22	0.07882	0.13671	0.07710	0.06631	0.39743	0.02158	0.02151	0.06095	0.01876	0.02719	0.01446	0.01820	0.01192	0.00743	0.00732	0.00233	0.00940	0.00645	0.00419	0.01195

[dist]
# distance from previous block
# <min> <max>
0	8

[block]
# block no. 2 follows, 23 sequences, length 21
# corresponding to MSA columns:
# 171-191
name=unknown_C
#
# <colnr> <probs for GDERKNQSTAVLIFYWHMCP>
#	G	D	E	R	K	N	Q	S	T	A	V	L	I	F	Y	W	H	M	C	P
0	0.24040	0.28221	0.17039	0.01571	0.02300	0.06787	0.01615	0.05799	0.01745	0.02737	0.01253	0.01443	0.01009	0.00753	0.00600	0.00221	0.00912	0.00494	0.00421	0.01040
1	0.01334	0.01013	0.01270	0.01393	0.08504	0.00953	0.00793	0.01452	0.01365	0.01884	0.02587	0.04549	0.05945	0.49466	0.03072	0.00601	0.00760	0.01056	0.00494	0.11508
2	0.02173	0.24714	0.06552	0.01591	0.02150	0.21405	0.01390	0.02624	0.06138	0.02351	0.10689	0.02218	0.02107	0.00895	0.00690	0.00201	0.00945	0.00656	0.00494	0.10019
3	0.17425	0.02178	0.18048	0.01775	0.02453	0.01647	0.08613	0.02845	0.10931	0.12624	0.11122	0.02651	0.02319	0.00966	0.00778	0.00259	0.00829	0.00809	0.00630	0.01099
4	0.01978	0.02011	0.03772	0.04481	0.46530	0.01968	0.21999	0.02525	0.01869	0.02634	0.01563	0.02066	0.01268	0.00711	0.00853	0.00251	0.01093	0.00798	0.00404	0.01224
5	0.01853	0.14135	0.46115	0.02437	0.10201	0.02135	0.02596	0.06754	0.01863	0.02653	0.01448	0.01699	0.01083	0.00768	0.00739	0.00242	0.01102	0.00597	0.00382	0.01197
6	0.01769	0.01221	0.01680	0.01957	0.13198	0.01207	0.01225	0.09129	0.03593	0.10459	0.05197	0.38675	0.03751	0.01784	0.00934	0.00291	0.00637	0.01598	0.00733	0.00962
7	0.01166	0.00844	0.01173	0.01173	0.01273	0.00943	0.00851	0.01365	0.01265	0.01787	0.02293	0.03850	0.02316	0.26496	0.48250	0.01143	0.01741	0.00966	0.00452	0.00652
8	0.02480	0.45221	0.11614	0.01520	0.02261	0.02523	0.01542	0.02840	0.01830	0.18750	0.01703	0.01730	0.01289	0.00784	0.00628	0.00204	0.00864	0.00553	0.00516	0.01149
9	0.02101	0.12971	0.33304	0.02493	0.14345	0.01985	0.02310	0.02838	0.05137	0.12343	0.01784	0.01936	0.01302	0.00804	0.00751	0.00242	0.01003	0.00648	0.00480	0.01224
10	0.01051	0.00765	0.00998	0.01124	0.01233	0.00712	0.00806	0.01268	0.01750	0.02336	0.15855	0.46522	0.11209	0.02305	0.01024	0.00316	0.00481	0.08777	0.00778	0.00691
11	0.01641	0.01033	0.01431	0.01649	0.10631	0.00974	0.01006	0.01852	0.01721	0.13035	0.09621	0.23756	0.07032	0.18879	0.01715	0.00406	0.00644	0.01438	0.00694	0.00841
12	0.02013	0.18795	0.22860	0.02285	0.13884	0.01939	0.01969	0.02521	0.01803	0.11204	0.03667	0.09807	0.01879	0.01001	0.00759	0.00242	0.00906	0.00829	0.00506	0.01130
13	0.01629	0.12550	0.49548	0.02007	0.02995	0.01897	0.02467	0.02402	0.01789	0.02582	0.10688	0.02284	0.01982	0.00889	0.00765	0.00246	0.01039	0.00703	0.00422	0.01116
14	0.04997	0.00953	0.01161	0.01041	0.01336	0.00881	0.00805	0.02029	0.02125	0.14970	0.35777	0.05001	0.12156	0.01440	0.00855	0.00247	0.00453	0.01227	0.11673	0.00875
15	0.01809	0.01700	0.02801	0.04143	0.52571	0.01681	0.02139	0.02244	0.01849	0.02570	0.02679	0.03334	0.10832	0.01019	0.00848	0.00255	0.00870	0.05017	0.00476	0.01162
16	0.01869	0.07377	0.24207	0.03404	0.22646	0.02038	0.21674	0.02546	0.01813	0.02560	0.01514	0.01924	0.01170	0.00724	0.00823	0.00252	0.01159	0.00738	0.00382	0.01182
17	0.01453	0.01357	0.10655	0.01286	0.01639	0.00985	0.01138	0.01810	0.01820	0.09774	0.18706	0.16460	0.11382	0.06087	0.11259	0.00457	0.00846	0.01342	0.00694	0.00848
18	0.02148	0.21828	0.03613	0.02258	0.02891	0.09096	0.23635	0.09441	0.02089	0.02603	0.01874	0.02838	0.01670	0.00959	0.00818	0.00250	0.01094	0.09363	0.00487	0.01046
19	0.01553	0.01369	0.01880	0.06380	0.09427	0.01181	0.04323	0.01940	0.01818	0.02634	0.11596	0.03183	0.10340	0.00969	0.00753	0.00191	0.00659	0.00847	0.00554	0.38404
20	0.02074	0.02087	0.09741	0.01950	0.02553	0.01961	0.10408	0.15724	0.28715	0.03522	0.10020	0.02896	0.02523	0.01044	0.00851	0.00264	0.00831	0.00914	0.00716	0.01205

[dist]
# distance from previous block
# <min> <max>
0	5

# created by:
# /home/cegg/simao/soft/augustus-3.2.1/scripts/msa2prfl.pl ./align_prep/25187.fa
