[name]
unknown

[dist]
# distance from previous block
# <min> <max>
0	40

[block]
# block no. 0 follows, 22 sequences, length 50
# corresponding to MSA columns:
# 43-92
name=unknown_A
#
# <colnr> <probs for GDERKNQSTAVLIFYWHMCP>
#	G	D	E	R	K	N	Q	S	T	A	V	L	I	F	Y	W	H	M	C	P
0	0.01219	0.00992	0.01542	0.01429	0.01661	0.00924	0.08669	0.01549	0.01955	0.02651	0.25282	0.28532	0.10445	0.01980	0.01025	0.00304	0.00592	0.07694	0.00775	0.00780
1	0.01375	0.01159	0.01618	0.12095	0.02108	0.01382	0.01222	0.01600	0.01553	0.02164	0.12256	0.17225	0.03482	0.17462	0.02157	0.00429	0.18105	0.01291	0.00565	0.00752
2	0.01259	0.00991	0.01358	0.01530	0.09394	0.00923	0.00986	0.01637	0.02226	0.03094	0.48805	0.05941	0.15415	0.01636	0.00960	0.00262	0.00472	0.01442	0.00830	0.00839
3	0.25311	0.01526	0.01593	0.01328	0.01792	0.01620	0.01062	0.17059	0.02368	0.13553	0.16406	0.03114	0.02928	0.05699	0.00992	0.00292	0.00672	0.00872	0.00761	0.01051
4	0.02994	0.01973	0.06122	0.01693	0.02326	0.01880	0.01458	0.32734	0.03092	0.24108	0.10388	0.02777	0.02409	0.01083	0.00849	0.00254	0.00802	0.00863	0.00874	0.01322
5	0.02506	0.02450	0.10349	0.01891	0.02530	0.06318	0.01659	0.26930	0.28859	0.03965	0.02470	0.02398	0.01818	0.01017	0.00827	0.00263	0.00882	0.00798	0.00751	0.01320
6	0.13967	0.01728	0.02387	0.02946	0.29855	0.01667	0.01690	0.02596	0.05162	0.06865	0.01678	0.01953	0.01337	0.00748	0.00716	0.00216	0.00791	0.00640	0.00513	0.22546
7	0.02531	0.38890	0.05137	0.01540	0.02205	0.02622	0.01429	0.16635	0.02345	0.10998	0.06723	0.02076	0.01811	0.00898	0.00684	0.00213	0.00842	0.00653	0.00596	0.01173
8	0.02445	0.06962	0.26088	0.02378	0.10835	0.01816	0.05158	0.03201	0.06935	0.22663	0.02201	0.02235	0.01531	0.00876	0.00806	0.00256	0.00976	0.00733	0.00615	0.01289
9	0.01082	0.00809	0.01005	0.01033	0.01203	0.00732	0.00745	0.01357	0.02016	0.02715	0.33817	0.26065	0.20245	0.02066	0.01005	0.00289	0.00426	0.01821	0.00838	0.00732
10	0.60038	0.01614	0.01481	0.01454	0.06869	0.01772	0.01062	0.02532	0.01541	0.07772	0.01357	0.01535	0.01036	0.00774	0.00568	0.00246	0.00673	0.00503	0.00539	0.06634
11	0.09998	0.02139	0.15198	0.01878	0.06253	0.03819	0.01646	0.04826	0.09601	0.22380	0.02496	0.06564	0.01906	0.01430	0.05843	0.00345	0.00953	0.00843	0.00690	0.01193
12	0.02476	0.02320	0.20970	0.01767	0.02461	0.01651	0.01774	0.08147	0.07097	0.23832	0.05856	0.02594	0.01996	0.01027	0.00952	0.00263	0.06013	0.00794	0.06784	0.01226
13	0.01098	0.00801	0.01033	0.01071	0.01218	0.00736	0.00767	0.01381	0.02026	0.02784	0.37598	0.30634	0.11617	0.02074	0.01011	0.00292	0.00428	0.01849	0.00849	0.00736
14	0.26360	0.01565	0.01465	0.01253	0.01708	0.06422	0.01003	0.08068	0.02056	0.17237	0.06369	0.02468	0.01959	0.00961	0.00677	0.00239	0.00670	0.00712	0.17780	0.01026
15	0.02241	0.11365	0.03634	0.03435	0.26865	0.02191	0.18145	0.07372	0.07121	0.06800	0.01826	0.02136	0.01420	0.00794	0.00829	0.00250	0.01034	0.00787	0.00511	0.01243
16	0.01550	0.01248	0.02031	0.06271	0.02278	0.01282	0.12216	0.01961	0.05149	0.07125	0.03398	0.39006	0.03652	0.01845	0.01137	0.00316	0.06307	0.01676	0.00671	0.00882
17	0.01057	0.00821	0.00961	0.00975	0.01180	0.00725	0.00713	0.01319	0.01997	0.02606	0.27839	0.19452	0.33264	0.02057	0.00996	0.00285	0.00422	0.01782	0.00822	0.00725
18	0.07085	0.06241	0.16486	0.01534	0.02095	0.01451	0.01499	0.02504	0.01906	0.17925	0.12968	0.03748	0.02958	0.09885	0.01317	0.00336	0.02998	0.05363	0.00671	0.01030
19	0.01964	0.18705	0.19733	0.02151	0.09352	0.02079	0.05227	0.02759	0.10772	0.06832	0.02700	0.02772	0.09527	0.00992	0.00779	0.00247	0.00912	0.00814	0.00532	0.01152
20	0.01517	0.01122	0.01540	0.01383	0.01678	0.01074	0.06375	0.06502	0.02009	0.07746	0.09611	0.27845	0.22226	0.01925	0.01041	0.00297	0.02800	0.01689	0.00763	0.00857
21	0.02455	0.01522	0.01706	0.01392	0.01823	0.01589	0.01099	0.27265	0.02724	0.13188	0.08825	0.03214	0.02515	0.09926	0.01225	0.00311	0.00706	0.00901	0.16515	0.01099
22	0.01920	0.02104	0.09490	0.19856	0.26052	0.02073	0.06906	0.06127	0.01855	0.02601	0.01496	0.02038	0.01204	0.00892	0.01129	0.00277	0.11684	0.00743	0.00414	0.01137
23	0.02317	0.13903	0.28456	0.02192	0.03085	0.08228	0.09284	0.12564	0.02220	0.07692	0.01659	0.01842	0.01215	0.00825	0.00778	0.00245	0.01130	0.00662	0.00496	0.01210
24	0.03238	0.01903	0.02231	0.02084	0.10293	0.08298	0.01487	0.12206	0.07444	0.37941	0.02683	0.02498	0.01809	0.00978	0.00825	0.00252	0.00848	0.00789	0.00846	0.01348
25	0.01148	0.01320	0.09385	0.08011	0.01928	0.00973	0.01150	0.01487	0.01819	0.02328	0.09846	0.19593	0.34181	0.01886	0.00958	0.00289	0.00604	0.01617	0.00687	0.00791
26	0.02695	0.01727	0.04321	0.02213	0.10413	0.01604	0.08642	0.13844	0.02470	0.26901	0.09128	0.07369	0.02557	0.01116	0.00879	0.00263	0.00829	0.00990	0.00794	0.01246
27	0.02655	0.02223	0.02589	0.02493	0.12741	0.12274	0.06262	0.13408	0.14310	0.13503	0.02193	0.02280	0.01627	0.00978	0.00986	0.00262	0.06525	0.00780	0.00666	0.01245
28	0.19174	0.01965	0.02275	0.25840	0.03497	0.08868	0.03784	0.12010	0.02000	0.02980	0.01428	0.01863	0.01108	0.00914	0.00974	0.00272	0.08900	0.00660	0.00483	0.01005
29	0.49467	0.10925	0.01829	0.01551	0.08121	0.01916	0.01121	0.02296	0.01522	0.03182	0.01632	0.10164	0.01547	0.00992	0.00617	0.00256	0.00690	0.00721	0.00515	0.00936
30	0.01659	0.10285	0.02492	0.35029	0.10169	0.01844	0.01837	0.02273	0.06547	0.02508	0.14461	0.02960	0.02591	0.01004	0.00823	0.00258	0.00889	0.00871	0.00518	0.00982
31	0.01269	0.00901	0.01047	0.01052	0.01118	0.00936	0.00663	0.01549	0.07650	0.01890	0.02912	0.13249	0.03208	0.49834	0.08624	0.00736	0.00865	0.01301	0.00567	0.00627
32	0.01976	0.01721	0.01759	0.01578	0.01987	0.06176	0.01228	0.09409	0.35918	0.03249	0.08278	0.03545	0.07785	0.01868	0.09319	0.00406	0.00899	0.00997	0.00764	0.01136
33	0.01046	0.00809	0.00954	0.00992	0.01180	0.00717	0.00716	0.01289	0.01935	0.02517	0.23428	0.25812	0.31354	0.02135	0.01004	0.00292	0.00431	0.01861	0.00812	0.00717
34	0.03727	0.01414	0.01928	0.01478	0.02121	0.01221	0.01221	0.04049	0.02378	0.66198	0.03277	0.02828	0.02056	0.01028	0.00835	0.00257	0.00707	0.00835	0.01028	0.01414
35	0.01059	0.00768	0.01000	0.01104	0.01210	0.00709	0.00766	0.01280	0.01834	0.02486	0.22736	0.47449	0.09908	0.02304	0.01032	0.00311	0.00452	0.02070	0.00814	0.00709
36	0.03158	0.02327	0.02493	0.01911	0.02576	0.02576	0.01579	0.62852	0.03906	0.05236	0.01995	0.01995	0.01413	0.00997	0.00831	0.00249	0.00914	0.00748	0.00831	0.01413
37	0.76672	0.01607	0.01221	0.01092	0.01607	0.01864	0.00900	0.02442	0.01414	0.03727	0.01157	0.01350	0.00900	0.00771	0.00514	0.00257	0.00643	0.00450	0.00514	0.00900
38	0.69214	0.01680	0.01350	0.01176	0.01705	0.01936	0.00969	0.08571	0.01667	0.03880	0.01242	0.01415	0.00952	0.00794	0.00546	0.00256	0.00670	0.00480	0.00546	0.00952
39	0.03158	0.02327	0.02493	0.01911	0.02576	0.02576	0.01579	0.62852	0.03906	0.05236	0.01995	0.01995	0.01413	0.00997	0.00831	0.00249	0.00914	0.00748	0.00831	0.01413
40	0.01275	0.01114	0.01909	0.01723	0.01991	0.01044	0.14964	0.01587	0.01747	0.02308	0.04195	0.40731	0.09178	0.02083	0.01049	0.00326	0.00729	0.10564	0.00690	0.00792
41	0.01723	0.01477	0.01723	0.01230	0.01969	0.01107	0.00984	0.02092	0.01723	0.02707	0.01477	0.01723	0.01230	0.00615	0.00615	0.00123	0.00615	0.00492	0.00492	0.75883
42	0.02647	0.01917	0.02842	0.03311	0.30630	0.01979	0.04018	0.15534	0.02378	0.17681	0.02011	0.02206	0.01485	0.00917	0.00987	0.00260	0.06470	0.00771	0.00637	0.01319
43	0.01109	0.00877	0.00972	0.01016	0.01204	0.00818	0.00713	0.01445	0.06766	0.02223	0.06067	0.26435	0.33634	0.11163	0.01419	0.00367	0.00509	0.01803	0.00742	0.00717
44	0.01033	0.00739	0.00983	0.01143	0.01210	0.00689	0.00773	0.01209	0.01687	0.02274	0.12270	0.62133	0.05792	0.02488	0.01050	0.00328	0.00471	0.02253	0.00789	0.00689
45	0.08601	0.02726	0.12736	0.02077	0.02776	0.14545	0.08868	0.17788	0.07538	0.11379	0.01950	0.02034	0.01404	0.00899	0.00803	0.00253	0.01064	0.00716	0.00630	0.01214
46	0.13402	0.02187	0.10612	0.02862	0.24564	0.01920	0.01919	0.14255	0.02213	0.08390	0.01704	0.01928	0.01290	0.00811	0.00754	0.00239	0.00892	0.00665	0.00557	0.08834
47	0.32633	0.01203	0.01209	0.01128	0.01462	0.01265	0.00856	0.02123	0.01697	0.11052	0.12203	0.16746	0.03274	0.08426	0.01115	0.00330	0.00596	0.01129	0.00693	0.00861
48	0.01407	0.01218	0.06443	0.01494	0.06292	0.00965	0.01058	0.01640	0.01624	0.06444	0.03710	0.31474	0.08651	0.17636	0.01698	0.00410	0.00671	0.01581	0.00651	0.04933
49	0.02143	0.06983	0.06572	0.01949	0.02509	0.01671	0.15180	0.07731	0.07139	0.13177	0.02779	0.11710	0.02442	0.01244	0.00883	0.00276	0.00875	0.07020	0.06625	0.01091

[dist]
# distance from previous block
# <min> <max>
4	9

[block]
# block no. 1 follows, 22 sequences, length 28
# corresponding to MSA columns:
# 102-129
name=unknown_B
#
# <colnr> <probs for GDERKNQSTAVLIFYWHMCP>
#	G	D	E	R	K	N	Q	S	T	A	V	L	I	F	Y	W	H	M	C	P
0	0.02094	0.47834	0.04006	0.08529	0.08471	0.02880	0.06650	0.02439	0.01698	0.02101	0.01262	0.01592	0.01111	0.00774	0.00773	0.00215	0.05573	0.00563	0.00368	0.01069
1	0.01314	0.00768	0.00985	0.00985	0.00985	0.00768	0.00602	0.01151	0.01151	0.01535	0.02089	0.04127	0.02311	0.40246	0.03787	0.34560	0.00768	0.00989	0.00439	0.00439
2	0.09959	0.02485	0.12676	0.01999	0.02744	0.02261	0.06717	0.36484	0.05509	0.08155	0.01943	0.02010	0.01378	0.00925	0.00807	0.00257	0.00954	0.00730	0.00703	0.01306
3	0.02128	0.01876	0.02880	0.12364	0.40420	0.01970	0.02159	0.13754	0.02183	0.03018	0.01724	0.02356	0.01454	0.06835	0.01118	0.00299	0.00973	0.00782	0.00493	0.01213
4	0.01420	0.00808	0.01133	0.01108	0.01176	0.00810	0.00768	0.01372	0.04856	0.01962	0.15272	0.03349	0.02880	0.02533	0.02625	0.55367	0.00647	0.00902	0.00507	0.00505
5	0.01745	0.07568	0.02318	0.05512	0.02094	0.02170	0.01500	0.03997	0.01407	0.02026	0.01501	0.02637	0.01545	0.17308	0.02712	0.00440	0.41446	0.00815	0.00412	0.00847
6	0.01133	0.00841	0.01014	0.00974	0.01161	0.00767	0.00704	0.01421	0.02064	0.02802	0.41743	0.06523	0.21098	0.12409	0.01479	0.00350	0.00462	0.01518	0.00817	0.00721
7	0.01132	0.00822	0.01011	0.01039	0.01137	0.00826	0.00702	0.01268	0.01425	0.01884	0.03893	0.14678	0.14881	0.31620	0.19262	0.00774	0.01048	0.01396	0.00578	0.00626
8	0.01155	0.00783	0.00922	0.00974	0.00987	0.00770	0.00576	0.01194	0.01312	0.01749	0.03148	0.22976	0.03690	0.52352	0.03371	0.00679	0.00718	0.01520	0.00576	0.00550
9	0.03464	0.01540	0.01970	0.01543	0.02165	0.01447	0.01264	0.09160	0.10483	0.52847	0.03180	0.02791	0.02063	0.01038	0.00836	0.00260	0.00718	0.00841	0.00988	0.01401
10	0.02221	0.71304	0.04353	0.01421	0.02132	0.03287	0.01421	0.02488	0.01688	0.01955	0.01155	0.01333	0.01066	0.00711	0.00533	0.00178	0.00888	0.00444	0.00355	0.01066
11	0.01666	0.04297	0.66500	0.02368	0.03596	0.01929	0.03069	0.02631	0.01754	0.02631	0.01491	0.01754	0.01052	0.00789	0.00789	0.00263	0.01228	0.00614	0.00351	0.01228
12	0.01569	0.01477	0.02492	0.68808	0.05722	0.01846	0.02307	0.02123	0.01661	0.02123	0.01477	0.02215	0.01107	0.00831	0.00831	0.00277	0.01107	0.00738	0.00369	0.00923
13	0.01523	0.00779	0.00798	0.00793	0.00987	0.00775	0.00595	0.01910	0.01784	0.03113	0.07049	0.03313	0.02526	0.01019	0.00608	0.00198	0.00387	0.00825	0.70242	0.00775
14	0.01176	0.00849	0.01110	0.01045	0.01241	0.00784	0.00784	0.01568	0.02352	0.03331	0.65184	0.06206	0.07839	0.01698	0.00980	0.00261	0.00392	0.01502	0.00914	0.00784
15	0.02162	0.01540	0.01821	0.01328	0.02045	0.01252	0.01073	0.07633	0.02014	0.12939	0.01805	0.01920	0.01376	0.00713	0.00669	0.00155	0.00655	0.00568	0.00606	0.57723
16	0.01492	0.01125	0.01458	0.01652	0.07341	0.01134	0.01078	0.12335	0.02033	0.02733	0.03840	0.51797	0.04381	0.02145	0.00998	0.00313	0.00606	0.01924	0.00749	0.00866
17	0.02233	0.43597	0.07524	0.01593	0.02273	0.02835	0.01514	0.08491	0.17288	0.02672	0.01802	0.01856	0.01459	0.00845	0.00654	0.00215	0.00855	0.00605	0.00519	0.01169
18	0.02030	0.15995	0.02907	0.02000	0.02210	0.02699	0.01714	0.08013	0.01613	0.02305	0.01191	0.01736	0.01117	0.01259	0.02096	0.00315	0.48733	0.00672	0.00407	0.00990
19	0.02458	0.17805	0.08326	0.01499	0.02246	0.01840	0.01385	0.08097	0.02074	0.18574	0.01899	0.01935	0.01399	0.00790	0.00686	0.00193	0.00783	0.00600	0.00612	0.26799
20	0.02221	0.71304	0.04353	0.01421	0.02132	0.03287	0.01421	0.02488	0.01688	0.01955	0.01155	0.01333	0.01066	0.00711	0.00533	0.00178	0.00888	0.00444	0.00355	0.01066
21	0.03158	0.02327	0.02493	0.01911	0.02576	0.02576	0.01579	0.62852	0.03906	0.05236	0.01995	0.01995	0.01413	0.00997	0.00831	0.00249	0.00914	0.00748	0.00831	0.01413
22	0.03103	0.03959	0.02354	0.02140	0.02568	0.67469	0.01605	0.03317	0.02354	0.02033	0.01284	0.01498	0.01070	0.00856	0.00749	0.00214	0.01498	0.00535	0.00428	0.00963
23	0.01191	0.00864	0.01211	0.01245	0.01356	0.00950	0.00927	0.01418	0.01381	0.01926	0.02703	0.09786	0.02810	0.19688	0.42167	0.01050	0.01639	0.06488	0.00514	0.00686
24	0.22379	0.01896	0.06485	0.05470	0.25371	0.05732	0.01727	0.02293	0.01713	0.02809	0.01995	0.14690	0.01949	0.01114	0.00776	0.00267	0.00850	0.00945	0.00503	0.01037
25	0.03672	0.01503	0.01983	0.01520	0.02165	0.01353	0.01256	0.09764	0.02526	0.60273	0.03153	0.02747	0.01994	0.01025	0.00835	0.00256	0.00727	0.00827	0.01009	0.01414
26	0.01376	0.00771	0.00868	0.00886	0.01041	0.00741	0.00637	0.01553	0.01617	0.02509	0.03638	0.09996	0.13606	0.01722	0.01254	0.16037	0.00472	0.01084	0.39527	0.00666
27	0.02130	0.02666	0.12168	0.08611	0.23477	0.16187	0.02235	0.02566	0.01810	0.02343	0.01377	0.01850	0.01155	0.00943	0.01239	0.00271	0.16804	0.00674	0.00392	0.01101

[dist]
# distance from previous block
# <min> <max>
0	1

[block]
# block no. 2 follows, 22 sequences, length 21
# corresponding to MSA columns:
# 131-151
name=unknown_C
#
# <colnr> <probs for GDERKNQSTAVLIFYWHMCP>
#	G	D	E	R	K	N	Q	S	T	A	V	L	I	F	Y	W	H	M	C	P
0	0.10502	0.07048	0.01907	0.01453	0.01944	0.09529	0.01163	0.03104	0.02067	0.34262	0.02903	0.15638	0.02414	0.01265	0.00812	0.00261	0.00768	0.01028	0.00798	0.01133
1	0.01119	0.00768	0.00932	0.01020	0.01042	0.00746	0.00625	0.01185	0.01382	0.01842	0.03507	0.34848	0.04143	0.39861	0.02791	0.00593	0.00659	0.01731	0.00625	0.00581
2	0.01277	0.00911	0.01037	0.01050	0.01118	0.00937	0.00654	0.01595	0.09056	0.01938	0.03083	0.17418	0.03429	0.49283	0.03211	0.00652	0.00726	0.01393	0.00596	0.00636
3	0.02471	0.18851	0.03260	0.02063	0.02688	0.12579	0.13920	0.20367	0.02573	0.03226	0.08342	0.02258	0.01929	0.00921	0.00794	0.00234	0.01043	0.00770	0.00580	0.01133
4	0.06488	0.02041	0.09090	0.04805	0.07340	0.05918	0.06352	0.08338	0.01834	0.02582	0.02235	0.02962	0.07213	0.11875	0.01780	0.00367	0.16448	0.00876	0.00490	0.00965
5	0.01766	0.01143	0.01471	0.08386	0.01967	0.01126	0.01069	0.08216	0.02312	0.12673	0.29020	0.10120	0.14264	0.01566	0.00933	0.00270	0.00581	0.01348	0.00832	0.00938
6	0.17834	0.01694	0.01917	0.01688	0.07740	0.01611	0.01230	0.13061	0.02106	0.08017	0.01641	0.01803	0.01262	0.00757	0.00667	0.00194	0.00714	0.00576	0.00588	0.34901
7	0.01027	0.00843	0.00904	0.00889	0.01150	0.00720	0.00667	0.01279	0.02000	0.02496	0.21589	0.07580	0.51954	0.02010	0.00981	0.00276	0.00414	0.01695	0.00805	0.00720
8	0.01748	0.01558	0.02061	0.01472	0.02221	0.01213	0.07540	0.02152	0.01748	0.02702	0.01498	0.01778	0.01234	0.00624	0.00654	0.00140	0.00699	0.00544	0.00485	0.67929
9	0.07108	0.01591	0.02100	0.22712	0.03238	0.01692	0.01567	0.14995	0.02361	0.20898	0.07047	0.02569	0.01956	0.00971	0.00811	0.00254	0.00841	0.00794	0.00707	0.05788
10	0.12844	0.20010	0.11514	0.01619	0.02305	0.02332	0.01545	0.18033	0.07884	0.07108	0.01836	0.01917	0.01385	0.00875	0.00690	0.00234	0.00845	0.00634	0.05212	0.01178
11	0.02282	0.02523	0.03972	0.02967	0.03638	0.14025	0.39599	0.09124	0.02177	0.02762	0.01589	0.02042	0.01227	0.00828	0.01080	0.00272	0.07476	0.00852	0.00460	0.01104
12	0.01058	0.00845	0.00948	0.00922	0.01169	0.00734	0.00691	0.01340	0.02074	0.02673	0.30795	0.07290	0.42639	0.01944	0.00981	0.00273	0.00409	0.01654	0.00828	0.00734
13	0.01414	0.01208	0.01706	0.01581	0.01674	0.01525	0.01261	0.01670	0.01450	0.02153	0.08486	0.08271	0.02578	0.03562	0.29592	0.00754	0.26321	0.01005	0.02986	0.00803
14	0.11651	0.01722	0.01909	0.01639	0.02113	0.01940	0.01321	0.09994	0.30603	0.14849	0.02776	0.02858	0.02090	0.01129	0.00983	0.00282	0.06873	0.03245	0.00789	0.01233
15	0.01002	0.00842	0.00869	0.00863	0.01134	0.00710	0.00647	0.01231	0.01941	0.02356	0.14254	0.07811	0.59377	0.02062	0.00982	0.00279	0.00418	0.01727	0.00786	0.00710
16	0.02111	0.38204	0.03115	0.08330	0.02341	0.07428	0.01373	0.02434	0.01934	0.07209	0.15280	0.02610	0.02619	0.00973	0.00701	0.00215	0.00836	0.00742	0.00536	0.01009
17	0.02163	0.02204	0.15544	0.01665	0.02270	0.06646	0.01540	0.05332	0.13197	0.13939	0.02630	0.11183	0.02250	0.06494	0.01086	0.00297	0.00849	0.00966	0.00666	0.09079
18	0.02501	0.13283	0.02561	0.06904	0.02522	0.07348	0.01469	0.29831	0.02732	0.03571	0.04272	0.02218	0.01637	0.05258	0.01041	0.00265	0.03359	0.00717	0.00623	0.07886
19	0.01615	0.09376	0.01979	0.01683	0.06681	0.01386	0.05869	0.05459	0.04139	0.04601	0.03626	0.30187	0.08885	0.01670	0.00887	0.00277	0.00664	0.01484	0.08623	0.00909
20	0.07764	0.16336	0.07989	0.01519	0.02047	0.04381	0.01347	0.07790	0.17945	0.02879	0.03083	0.12211	0.08909	0.01271	0.00789	0.00259	0.00758	0.01023	0.00638	0.01064

[dist]
# distance from previous block
# <min> <max>
1	4

[block]
# block no. 3 follows, 22 sequences, length 12
# corresponding to MSA columns:
# 156-167
name=unknown_D
#
# <colnr> <probs for GDERKNQSTAVLIFYWHMCP>
#	G	D	E	R	K	N	Q	S	T	A	V	L	I	F	Y	W	H	M	C	P
0	0.02414	0.11539	0.26943	0.02437	0.12706	0.02062	0.02205	0.11536	0.02198	0.15347	0.01881	0.01992	0.01343	0.00848	0.00777	0.00247	0.01000	0.00675	0.00562	0.01284
1	0.02561	0.08993	0.05661	0.01662	0.06265	0.01463	0.01323	0.03055	0.05638	0.31122	0.19455	0.03477	0.03422	0.01147	0.00839	0.00251	0.00687	0.00959	0.00836	0.01185
2	0.01788	0.01011	0.01314	0.01241	0.01558	0.00919	0.01010	0.02124	0.02147	0.17796	0.22689	0.06624	0.16903	0.01783	0.00992	0.00297	0.00575	0.17446	0.00872	0.00912
3	0.03727	0.01414	0.01928	0.01478	0.02121	0.01221	0.01221	0.04049	0.02378	0.66198	0.03277	0.02828	0.02056	0.01028	0.00835	0.00257	0.00707	0.00835	0.01028	0.01414
4	0.02198	0.06560	0.02649	0.02318	0.11682	0.01833	0.10823	0.08797	0.15258	0.11149	0.14766	0.03163	0.02937	0.01063	0.00865	0.00259	0.00815	0.00961	0.00717	0.01185
5	0.02200	0.36522	0.12115	0.01770	0.02474	0.02570	0.06477	0.07116	0.01925	0.07296	0.01955	0.02111	0.05527	0.00913	0.00833	0.00229	0.05709	0.00671	0.00476	0.01110
6	0.01187	0.00890	0.01335	0.01335	0.01483	0.01038	0.01038	0.01483	0.01335	0.01928	0.02225	0.03264	0.02077	0.06231	0.67512	0.01335	0.02225	0.00890	0.00445	0.00742
7	0.02071	0.02815	0.27802	0.02126	0.02953	0.01967	0.07959	0.05705	0.26211	0.08112	0.02407	0.02420	0.01744	0.00939	0.00835	0.00271	0.00969	0.00799	0.00622	0.01273
8	0.07711	0.11993	0.09016	0.15063	0.18680	0.04313	0.04578	0.02530	0.03931	0.06053	0.01843	0.07385	0.01588	0.00940	0.00780	0.00254	0.00961	0.00807	0.00476	0.01100
9	0.01984	0.07702	0.08252	0.06980	0.26316	0.02121	0.24006	0.02712	0.06646	0.02657	0.01703	0.02132	0.01341	0.00761	0.00856	0.00259	0.01126	0.00809	0.00437	0.01200
10	0.01034	0.00754	0.00974	0.01109	0.01202	0.00694	0.00760	0.01223	0.01736	0.02318	0.14209	0.54435	0.11654	0.02416	0.01040	0.00320	0.00462	0.02171	0.00793	0.00694
11	0.02322	0.01736	0.08528	0.10114	0.02866	0.01468	0.10634	0.06341	0.02152	0.23317	0.07687	0.08458	0.05266	0.01211	0.00902	0.00277	0.00872	0.03999	0.00726	0.01123

[dist]
# distance from previous block
# <min> <max>
0	1

[block]
# block no. 4 follows, 22 sequences, length 6
# corresponding to MSA columns:
# 169-174
name=unknown_E
#
# <colnr> <probs for GDERKNQSTAVLIFYWHMCP>
#	G	D	E	R	K	N	Q	S	T	A	V	L	I	F	Y	W	H	M	C	P
0	0.05210	0.02320	0.14432	0.02269	0.07559	0.05909	0.11085	0.09266	0.02090	0.08174	0.02007	0.02698	0.01642	0.01347	0.05989	0.00335	0.01114	0.05778	0.00548	0.10229
1	0.01147	0.00891	0.01173	0.01216	0.01318	0.00917	0.00881	0.01371	0.01795	0.02461	0.21727	0.39589	0.10251	0.02178	0.01218	0.00314	0.08165	0.01887	0.00766	0.00734
2	0.01330	0.00860	0.01123	0.01096	0.01229	0.00786	0.00739	0.01289	0.01346	0.01862	0.02504	0.21247	0.02783	0.14397	0.02399	0.29861	0.00654	0.01214	0.00518	0.12761
3	0.36215	0.06606	0.01964	0.01663	0.07324	0.01903	0.01246	0.06574	0.01791	0.11735	0.01561	0.01727	0.01188	0.00849	0.00788	0.00243	0.06026	0.00572	0.00570	0.09456
4	0.02087	0.02109	0.11205	0.11042	0.07285	0.03872	0.01716	0.16204	0.06509	0.05453	0.07547	0.02789	0.06115	0.01010	0.00815	0.00241	0.00866	0.00829	0.00621	0.11685
5	0.02338	0.14944	0.10273	0.01797	0.02439	0.12830	0.01624	0.14025	0.07959	0.02940	0.01630	0.01806	0.01297	0.00881	0.00880	0.00223	0.06657	0.00614	0.00526	0.14316

[dist]
# distance from previous block
# <min> <max>
0	18

[block]
# block no. 5 follows, 22 sequences, length 57
# corresponding to MSA columns:
# 193-221,235-240,242-256,274-280
name=unknown_F
#
# <colnr> <probs for GDERKNQSTAVLIFYWHMCP>
#	G	D	E	R	K	N	Q	S	T	A	V	L	I	F	Y	W	H	M	C	P
0	0.14520	0.01012	0.01170	0.01167	0.01422	0.00994	0.00860	0.01744	0.01674	0.08187	0.06744	0.35287	0.07911	0.02243	0.06375	0.00378	0.00673	0.01575	0.00713	0.05351
1	0.14767	0.01458	0.01580	0.01238	0.01853	0.01280	0.00978	0.02261	0.06790	0.02896	0.01853	0.07866	0.01659	0.00861	0.00656	0.00179	0.00612	0.00688	0.00550	0.49977
2	0.01889	0.01615	0.02352	0.29849	0.07489	0.01810	0.05223	0.14984	0.05380	0.03100	0.11541	0.03127	0.05941	0.01069	0.00870	0.00268	0.00908	0.00936	0.00600	0.01047
3	0.01152	0.00801	0.00903	0.00925	0.00972	0.00775	0.00553	0.01200	0.01354	0.01764	0.03707	0.13219	0.12597	0.52764	0.03382	0.00674	0.00711	0.01421	0.00574	0.00552
4	0.02221	0.71304	0.04353	0.01421	0.02132	0.03287	0.01421	0.02488	0.01688	0.01955	0.01155	0.01333	0.01066	0.00711	0.00533	0.00178	0.00888	0.00444	0.00355	0.01066
5	0.01440	0.00977	0.01185	0.01206	0.01407	0.00960	0.00871	0.05251	0.07445	0.06499	0.10736	0.40467	0.09747	0.02050	0.00971	0.00301	0.00516	0.01815	0.05316	0.00838
6	0.01501	0.00932	0.01087	0.01017	0.01325	0.00803	0.00773	0.01751	0.02016	0.13761	0.15414	0.13160	0.39549	0.01904	0.00964	0.00279	0.00474	0.01615	0.00838	0.00837
7	0.01038	0.00755	0.00979	0.01111	0.01204	0.00696	0.00762	0.01231	0.01748	0.02342	0.15470	0.53963	0.10822	0.02404	0.01040	0.00319	0.00461	0.02162	0.00796	0.00696
8	0.01012	0.00723	0.00964	0.01157	0.01205	0.00675	0.00771	0.01157	0.01591	0.02121	0.04579	0.70262	0.05495	0.02603	0.01060	0.00337	0.00482	0.02362	0.00771	0.00675
9	0.76672	0.01607	0.01221	0.01092	0.01607	0.01864	0.00900	0.02442	0.01414	0.03727	0.01157	0.01350	0.00900	0.00771	0.00514	0.00257	0.00643	0.00450	0.00514	0.00900
10	0.01274	0.00913	0.01205	0.01330	0.01497	0.00897	0.01096	0.01575	0.01814	0.02363	0.08130	0.08370	0.10039	0.14197	0.01660	0.00440	0.00719	0.41036	0.00729	0.00715
11	0.76672	0.01607	0.01221	0.01092	0.01607	0.01864	0.00900	0.02442	0.01414	0.03727	0.01157	0.01350	0.00900	0.00771	0.00514	0.00257	0.00643	0.00450	0.00514	0.00900
12	0.01723	0.01477	0.01723	0.01230	0.01969	0.01107	0.00984	0.02092	0.01723	0.02707	0.01477	0.01723	0.01230	0.00615	0.00615	0.00123	0.00615	0.00492	0.00492	0.75883
13	0.02221	0.71304	0.04353	0.01421	0.02132	0.03287	0.01421	0.02488	0.01688	0.01955	0.01155	0.01333	0.01066	0.00711	0.00533	0.00178	0.00888	0.00444	0.00355	0.01066
14	0.76672	0.01607	0.01221	0.01092	0.01607	0.01864	0.00900	0.02442	0.01414	0.03727	0.01157	0.01350	0.00900	0.00771	0.00514	0.00257	0.00643	0.00450	0.00514	0.00900
15	0.01818	0.01818	0.02545	0.02181	0.02181	0.02545	0.01818	0.01999	0.01272	0.01999	0.01091	0.01818	0.01091	0.01454	0.02726	0.00364	0.69284	0.00727	0.00364	0.00909
16	0.02066	0.01785	0.01878	0.01691	0.02160	0.02066	0.01315	0.04414	0.64121	0.03475	0.03381	0.03099	0.02536	0.01127	0.00845	0.00282	0.00657	0.00939	0.00845	0.01315
17	0.01742	0.00831	0.00877	0.00837	0.01070	0.00814	0.00638	0.02124	0.01799	0.08708	0.02760	0.03073	0.02123	0.00973	0.00603	0.00199	0.00416	0.00780	0.68801	0.00831
18	0.03158	0.02327	0.02493	0.01911	0.02576	0.02576	0.01579	0.62852	0.03906	0.05236	0.01995	0.01995	0.01413	0.00997	0.00831	0.00249	0.00914	0.00748	0.00831	0.01413
19	0.01012	0.00723	0.00964	0.01157	0.01205	0.00675	0.00771	0.01157	0.01591	0.02121	0.04579	0.70262	0.05495	0.02603	0.01060	0.00337	0.00482	0.02362	0.00771	0.00675
20	0.01208	0.00805	0.00906	0.00906	0.00906	0.00805	0.00503	0.01208	0.01208	0.01611	0.02618	0.05436	0.03020	0.70804	0.04228	0.00805	0.00805	0.01208	0.00503	0.00503
21	0.01723	0.01477	0.01723	0.01230	0.01969	0.01107	0.00984	0.02092	0.01723	0.02707	0.01477	0.01723	0.01230	0.00615	0.00615	0.00123	0.00615	0.00492	0.00492	0.75883
22	0.49561	0.11251	0.01909	0.01368	0.01902	0.13543	0.01133	0.06263	0.01765	0.03289	0.01230	0.01412	0.00982	0.00792	0.00577	0.00239	0.00841	0.00482	0.00497	0.00964
23	0.01818	0.01818	0.02545	0.02181	0.02181	0.02545	0.01818	0.01999	0.01272	0.01999	0.01091	0.01818	0.01091	0.01454	0.02726	0.00364	0.69284	0.00727	0.00364	0.00909
24	0.02193	0.01476	0.01958	0.01845	0.11374	0.01232	0.01253	0.02572	0.01962	0.17745	0.07939	0.02457	0.02063	0.00834	0.00732	0.00186	0.00671	0.00705	0.00647	0.40157
25	0.01115	0.01257	0.10686	0.01332	0.01561	0.00865	0.01112	0.01390	0.01642	0.02240	0.06300	0.57801	0.04920	0.02301	0.01017	0.00324	0.00589	0.02072	0.00714	0.00761
26	0.01024	0.00741	0.00968	0.01127	0.01202	0.00685	0.00763	0.01193	0.01673	0.02228	0.09817	0.60883	0.09634	0.02495	0.01049	0.00327	0.00471	0.02251	0.00783	0.00685
27	0.01997	0.07952	0.30741	0.02176	0.06552	0.14872	0.02157	0.02697	0.05395	0.02513	0.01786	0.05289	0.01474	0.00942	0.00831	0.00249	0.03468	0.00718	0.07095	0.01096
28	0.01721	0.03991	0.56887	0.02244	0.03334	0.06162	0.02785	0.02589	0.01843	0.02649	0.06716	0.02103	0.01612	0.00868	0.00802	0.00260	0.01177	0.00682	0.00402	0.01174
29	0.02135	0.02026	0.04945	0.09021	0.18921	0.04220	0.10998	0.07417	0.20569	0.05251	0.02291	0.02657	0.01788	0.00946	0.00862	0.00270	0.00965	0.02892	0.00600	0.01226
30	0.02425	0.02167	0.06095	0.04481	0.08110	0.05808	0.01623	0.22099	0.24317	0.06074	0.02768	0.02727	0.05431	0.01058	0.00837	0.00262	0.00854	0.00855	0.00734	0.01275
31	0.01503	0.05916	0.02308	0.10337	0.18545	0.01435	0.06536	0.01839	0.01713	0.02306	0.02977	0.34650	0.03268	0.01636	0.00931	0.00292	0.00787	0.01515	0.00575	0.00931
32	0.01419	0.01057	0.01166	0.01199	0.01293	0.06272	0.00849	0.01421	0.01461	0.01836	0.02990	0.12460	0.06974	0.18012	0.05412	0.24507	0.00830	0.09729	0.00537	0.00578
33	0.01176	0.00849	0.01110	0.01045	0.01241	0.00784	0.00784	0.01568	0.02352	0.03331	0.65184	0.06206	0.07839	0.01698	0.00980	0.00261	0.00392	0.01502	0.00914	0.00784
34	0.03481	0.01469	0.01921	0.01510	0.02127	0.01346	0.01235	0.04103	0.11532	0.56898	0.03293	0.02868	0.02128	0.01043	0.00837	0.00261	0.00700	0.00851	0.01001	0.01399
35	0.09064	0.01755	0.02035	0.04938	0.02320	0.01884	0.01360	0.26416	0.02538	0.09504	0.01909	0.02159	0.01461	0.01714	0.10770	0.00400	0.05171	0.00708	0.00658	0.13239
36	0.00982	0.00842	0.00842	0.00842	0.01122	0.00701	0.00631	0.01192	0.01894	0.02244	0.08416	0.07995	0.65285	0.02104	0.00982	0.00281	0.00421	0.01753	0.00771	0.00701
37	0.01965	0.11098	0.31625	0.02032	0.02877	0.02076	0.05146	0.13080	0.07658	0.03022	0.02076	0.09859	0.01776	0.01053	0.00812	0.00262	0.01004	0.00868	0.00531	0.01179
38	0.02221	0.71304	0.04353	0.01421	0.02132	0.03287	0.01421	0.02488	0.01688	0.01955	0.01155	0.01333	0.01066	0.00711	0.00533	0.00178	0.00888	0.00444	0.00355	0.01066
39	0.03158	0.02327	0.02493	0.01911	0.02576	0.02576	0.01579	0.62852	0.03906	0.05236	0.01995	0.01995	0.01413	0.00997	0.00831	0.00249	0.00914	0.00748	0.00831	0.01413
40	0.01723	0.01477	0.01723	0.01230	0.01969	0.01107	0.00984	0.02092	0.01723	0.02707	0.01477	0.01723	0.01230	0.00615	0.00615	0.00123	0.00615	0.00492	0.00492	0.75883
41	0.02056	0.01974	0.03372	0.05099	0.65622	0.01974	0.02550	0.02550	0.01892	0.02714	0.01563	0.02056	0.01316	0.00740	0.00822	0.00247	0.00987	0.00740	0.00411	0.01316
42	0.01723	0.01477	0.01723	0.01230	0.01969	0.01107	0.00984	0.02092	0.01723	0.02707	0.01477	0.01723	0.01230	0.00615	0.00615	0.00123	0.00615	0.00492	0.00492	0.75883
43	0.01723	0.01477	0.01723	0.01230	0.01969	0.01107	0.00984	0.02092	0.01723	0.02707	0.01477	0.01723	0.01230	0.00615	0.00615	0.00123	0.00615	0.00492	0.00492	0.75883
44	0.01926	0.01585	0.02058	0.05943	0.11669	0.01352	0.01335	0.04965	0.01874	0.05935	0.01602	0.01869	0.01285	0.00684	0.00680	0.00163	0.00718	0.00572	0.00514	0.53272
45	0.02018	0.02627	0.17866	0.06014	0.08371	0.02124	0.31765	0.09668	0.02087	0.02900	0.01624	0.02066	0.01220	0.00806	0.01002	0.00275	0.05119	0.00829	0.00447	0.01172
46	0.01569	0.01477	0.02492	0.68808	0.05722	0.01846	0.02307	0.02123	0.01661	0.02123	0.01477	0.02215	0.01107	0.00831	0.00831	0.00277	0.01107	0.00738	0.00369	0.00923
47	0.00994	0.00842	0.00858	0.00854	0.01129	0.00706	0.00640	0.01215	0.01921	0.02310	0.11857	0.07886	0.61803	0.02079	0.00982	0.00279	0.00419	0.01738	0.00780	0.00706
48	0.02066	0.01785	0.01878	0.01691	0.02160	0.02066	0.01315	0.04414	0.64121	0.03475	0.03381	0.03099	0.02536	0.01127	0.00845	0.00282	0.00657	0.00939	0.00845	0.01315
49	0.01012	0.00723	0.00964	0.01157	0.01205	0.00675	0.00771	0.01157	0.01591	0.02121	0.04579	0.70262	0.05495	0.02603	0.01060	0.00337	0.00482	0.02362	0.00771	0.00675
50	0.02066	0.01785	0.01878	0.01691	0.02160	0.02066	0.01315	0.04414	0.64121	0.03475	0.03381	0.03099	0.02536	0.01127	0.00845	0.00282	0.00657	0.00939	0.00845	0.01315
51	0.01145	0.00838	0.01190	0.01239	0.01345	0.00918	0.00907	0.01368	0.01385	0.01940	0.02871	0.20584	0.03058	0.12905	0.43140	0.01019	0.01614	0.01302	0.00535	0.00697
52	0.01723	0.01477	0.01723	0.01230	0.01969	0.01107	0.00984	0.02092	0.01723	0.02707	0.01477	0.01723	0.01230	0.00615	0.00615	0.00123	0.00615	0.00492	0.00492	0.75883
53	0.01403	0.00899	0.01183	0.01084	0.01319	0.00823	0.00823	0.01788	0.02354	0.08922	0.59679	0.05905	0.07324	0.01639	0.00967	0.00261	0.00420	0.01443	0.00925	0.00840
54	0.01090	0.00789	0.01029	0.01089	0.01219	0.00729	0.00771	0.01357	0.01972	0.02711	0.34031	0.36540	0.09290	0.02144	0.01018	0.00298	0.00436	0.01919	0.00840	0.00729
55	0.02967	0.03739	0.02366	0.08069	0.02849	0.61634	0.01668	0.03211	0.02293	0.02041	0.01301	0.01562	0.01073	0.00854	0.00756	0.00220	0.01463	0.00553	0.00423	0.00960
56	0.02937	0.03232	0.02457	0.02409	0.09695	0.44845	0.01695	0.06779	0.02308	0.08007	0.01520	0.01736	0.01208	0.00916	0.00933	0.00236	0.06910	0.00614	0.00498	0.01066

[dist]
# distance from previous block
# <min> <max>
0	1

[block]
# block no. 6 follows, 22 sequences, length 22
# corresponding to MSA columns:
# 282-303
name=unknown_G
#
# <colnr> <probs for GDERKNQSTAVLIFYWHMCP>
#	G	D	E	R	K	N	Q	S	T	A	V	L	I	F	Y	W	H	M	C	P
0	0.03435	0.01677	0.02066	0.01606	0.02239	0.01639	0.01320	0.18913	0.08297	0.45200	0.02963	0.02642	0.01937	0.01029	0.00835	0.00257	0.00755	0.00823	0.00962	0.01405
1	0.02499	0.01652	0.02631	0.28990	0.08452	0.01744	0.08406	0.08344	0.02149	0.23530	0.02143	0.02387	0.01478	0.00890	0.00848	0.00266	0.00981	0.00797	0.00636	0.01178
2	0.02304	0.02498	0.09317	0.02063	0.02465	0.17640	0.06127	0.04248	0.03476	0.08127	0.01665	0.02023	0.01331	0.01077	0.01434	0.00279	0.24168	0.00708	0.08023	0.01027
3	0.01357	0.00893	0.01148	0.01059	0.01298	0.00810	0.00803	0.01725	0.02308	0.08175	0.54591	0.06120	0.13167	0.01686	0.00969	0.00263	0.00420	0.01475	0.00909	0.00825
4	0.02407	0.01125	0.01450	0.01239	0.01634	0.01001	0.00970	0.02670	0.02069	0.33477	0.10770	0.04972	0.13319	0.12757	0.01453	0.00361	0.00647	0.05781	0.00868	0.01031
5	0.01208	0.00805	0.00906	0.00906	0.00906	0.00805	0.00503	0.01208	0.01208	0.01611	0.02618	0.05436	0.03020	0.70804	0.04228	0.00805	0.00805	0.01208	0.00503	0.00503
6	0.01208	0.00818	0.00937	0.00926	0.01134	0.00751	0.00687	0.01531	0.02009	0.02881	0.28615	0.10531	0.22092	0.01684	0.00881	0.00254	0.00405	0.01443	0.20463	0.00751
7	0.28282	0.01395	0.01564	0.01281	0.01813	0.01375	0.01046	0.03128	0.02044	0.35436	0.11814	0.02828	0.02526	0.01041	0.00747	0.00258	0.00638	0.00803	0.00835	0.01144
8	0.02407	0.01586	0.01809	0.01565	0.02051	0.01706	0.01233	0.04011	0.41216	0.19960	0.10020	0.03363	0.02982	0.01163	0.00857	0.00273	0.00642	0.00973	0.00901	0.01284
9	0.76672	0.01607	0.01221	0.01092	0.01607	0.01864	0.00900	0.02442	0.01414	0.03727	0.01157	0.01350	0.00900	0.00771	0.00514	0.00257	0.00643	0.00450	0.00514	0.00900
10	0.02388	0.10015	0.09143	0.08195	0.12898	0.01851	0.01739	0.07349	0.08414	0.18473	0.08998	0.02692	0.02256	0.00982	0.00809	0.00251	0.00840	0.00819	0.00675	0.01216
11	0.28019	0.13332	0.02296	0.01520	0.02125	0.06135	0.01286	0.22641	0.02442	0.10575	0.01670	0.01728	0.01231	0.00869	0.00670	0.00239	0.00830	0.00594	0.00643	0.01156
12	0.02056	0.01974	0.03372	0.05099	0.65622	0.01974	0.02550	0.02550	0.01892	0.02714	0.01563	0.02056	0.01316	0.00740	0.00822	0.00247	0.00987	0.00740	0.00411	0.01316
13	0.03227	0.01556	0.02068	0.01833	0.07858	0.01465	0.01355	0.13211	0.02579	0.44219	0.09147	0.02963	0.02467	0.01065	0.00848	0.00255	0.00734	0.00880	0.00929	0.01341
14	0.02338	0.09355	0.16407	0.01710	0.02524	0.01924	0.01671	0.19269	0.02390	0.09006	0.01752	0.01865	0.01299	0.00806	0.00725	0.00206	0.00868	0.00616	0.00589	0.24679
15	0.01176	0.00840	0.01047	0.01137	0.01278	0.00809	0.00819	0.01541	0.05486	0.02555	0.16139	0.39076	0.09759	0.02137	0.00989	0.00306	0.00483	0.06110	0.07563	0.00751
16	0.01135	0.00830	0.01052	0.01142	0.01286	0.00780	0.00853	0.01378	0.01820	0.02402	0.16505	0.26450	0.15566	0.09632	0.01394	0.00374	0.00555	0.15377	0.00768	0.00702
17	0.02016	0.08240	0.02924	0.17976	0.14712	0.08447	0.09802	0.02467	0.01848	0.04109	0.01518	0.01936	0.01212	0.00743	0.00762	0.00219	0.01016	0.00667	0.00435	0.18949
18	0.02521	0.08319	0.09629	0.02022	0.02542	0.02183	0.06522	0.11518	0.02075	0.18654	0.01865	0.02079	0.01386	0.01083	0.01435	0.00286	0.23366	0.00740	0.00600	0.01174
19	0.01444	0.00931	0.01197	0.01202	0.01452	0.00856	0.00964	0.01766	0.02060	0.09519	0.22690	0.12245	0.18865	0.01968	0.01022	0.00308	0.00553	0.19300	0.00838	0.00819
20	0.01156	0.00884	0.01189	0.12088	0.01855	0.00906	0.00936	0.01344	0.01557	0.02036	0.05770	0.33424	0.10715	0.20174	0.01845	0.00442	0.00660	0.01702	0.00639	0.00676
21	0.32041	0.08454	0.13196	0.01589	0.02255	0.02020	0.05046	0.12611	0.01985	0.03500	0.01554	0.01768	0.01182	0.00824	0.00652	0.00244	0.00829	0.00594	0.08598	0.01058

[dist]
# distance from previous block
# <min> <max>
0	29

[block]
# block no. 7 follows, 22 sequences, length 13
# corresponding to MSA columns:
# 333-345
name=unknown_H
#
# <colnr> <probs for GDERKNQSTAVLIFYWHMCP>
#	G	D	E	R	K	N	Q	S	T	A	V	L	I	F	Y	W	H	M	C	P
0	0.07831	0.10245	0.19530	0.17762	0.09373	0.02130	0.12747	0.06121	0.01877	0.02696	0.01493	0.01906	0.01136	0.00781	0.00787	0.00257	0.01105	0.00693	0.00415	0.01114
1	0.02350	0.02106	0.05961	0.01996	0.07951	0.08353	0.01520	0.09349	0.23355	0.09934	0.02449	0.02582	0.01872	0.00969	0.00797	0.00241	0.00832	0.02573	0.00690	0.14120
2	0.02268	0.01663	0.02122	0.01607	0.02255	0.01517	0.06236	0.17032	0.02340	0.11127	0.02153	0.08824	0.01806	0.00965	0.00770	0.00205	0.00751	0.00824	0.00663	0.34873
3	0.02303	0.01712	0.02267	0.01892	0.07548	0.01541	0.06142	0.11876	0.04872	0.12610	0.01930	0.02057	0.01447	0.00775	0.00737	0.00192	0.00770	0.00661	0.00627	0.38040
4	0.01089	0.00784	0.01063	0.01166	0.01247	0.00787	0.00811	0.01279	0.01557	0.02131	0.09221	0.41558	0.04615	0.10237	0.17729	0.00623	0.00935	0.01807	0.00677	0.00684
5	0.01723	0.01477	0.01723	0.01230	0.01969	0.01107	0.00984	0.02092	0.01723	0.02707	0.01477	0.01723	0.01230	0.00615	0.00615	0.00123	0.00615	0.00492	0.00492	0.75883
6	0.03256	0.01458	0.01825	0.01430	0.01999	0.01373	0.01171	0.13605	0.02526	0.45046	0.02963	0.02733	0.01960	0.01013	0.00791	0.00245	0.00687	0.00810	0.13806	0.01303
7	0.14098	0.01454	0.01767	0.01399	0.01960	0.01381	0.01131	0.08193	0.02241	0.45767	0.02800	0.02806	0.01933	0.07968	0.01127	0.00311	0.00724	0.00809	0.00885	0.01247
8	0.01938	0.01835	0.02382	0.29843	0.03816	0.12670	0.07908	0.02391	0.01915	0.06099	0.02318	0.03958	0.02110	0.01207	0.00913	0.00292	0.01091	0.15851	0.00525	0.00939
9	0.01141	0.00848	0.01062	0.01009	0.01220	0.00769	0.00756	0.01500	0.02269	0.03137	0.55011	0.06526	0.18133	0.01771	0.00980	0.00265	0.00397	0.01547	0.00889	0.00769
10	0.01924	0.01802	0.02811	0.20912	0.16077	0.04636	0.12337	0.10645	0.02089	0.02763	0.02132	0.13950	0.01979	0.01122	0.00891	0.00275	0.01015	0.01055	0.00523	0.01062
11	0.01682	0.01430	0.01677	0.01217	0.01915	0.01083	0.00970	0.02053	0.01769	0.02753	0.06188	0.02054	0.01719	0.00695	0.00642	0.00133	0.00599	0.00567	0.00523	0.70328
12	0.07088	0.06081	0.05498	0.07379	0.02701	0.02007	0.06959	0.07093	0.25922	0.14137	0.02518	0.02505	0.01834	0.00988	0.00881	0.00269	0.03393	0.00812	0.00706	0.01227

[dist]
# distance from previous block
# <min> <max>
1	7

[block]
# block no. 8 follows, 22 sequences, length 12
# corresponding to MSA columns:
# 354-365
name=unknown_I
#
# <colnr> <probs for GDERKNQSTAVLIFYWHMCP>
#	G	D	E	R	K	N	Q	S	T	A	V	L	I	F	Y	W	H	M	C	P
0	0.01115	0.00764	0.00986	0.01085	0.01190	0.00716	0.00755	0.01355	0.01823	0.02568	0.21629	0.44984	0.05808	0.02174	0.00987	0.00301	0.00446	0.01951	0.08647	0.00716
1	0.01567	0.01180	0.03773	0.01363	0.01590	0.01178	0.01117	0.01762	0.01658	0.08591	0.08524	0.04609	0.16857	0.02595	0.12004	0.12504	0.11960	0.05767	0.00611	0.00789
2	0.01402	0.00748	0.01123	0.01123	0.01146	0.00772	0.00772	0.01146	0.01123	0.01520	0.01568	0.02643	0.01544	0.03419	0.13490	0.63956	0.00961	0.00748	0.00374	0.00421
3	0.01188	0.00830	0.00995	0.00990	0.01085	0.00836	0.00658	0.01330	0.01447	0.01978	0.08253	0.05275	0.11733	0.38833	0.16401	0.00767	0.00991	0.01217	0.04578	0.00616
4	0.01233	0.00979	0.01125	0.01096	0.01344	0.00947	0.00817	0.01844	0.11948	0.02839	0.28763	0.14632	0.25598	0.01858	0.00970	0.00281	0.00455	0.01607	0.00838	0.00827
5	0.02221	0.71304	0.04353	0.01421	0.02132	0.03287	0.01421	0.02488	0.01688	0.01955	0.01155	0.01333	0.01066	0.00711	0.00533	0.00178	0.00888	0.00444	0.00355	0.01066
6	0.02146	0.10673	0.18629	0.15566	0.03172	0.01769	0.01891	0.02740	0.04133	0.16310	0.02084	0.06070	0.01616	0.00940	0.00776	0.00244	0.00919	0.00768	0.00560	0.08992
7	0.02609	0.25989	0.18310	0.01802	0.02619	0.02151	0.05706	0.03089	0.01967	0.25049	0.02025	0.02024	0.01428	0.00842	0.00731	0.00233	0.00938	0.00659	0.00598	0.01232
8	0.15354	0.01445	0.01815	0.01417	0.02039	0.01323	0.01170	0.03792	0.02224	0.56240	0.02939	0.02592	0.01872	0.00987	0.00784	0.00257	0.00697	0.00774	0.00946	0.01332
9	0.03116	0.01293	0.01781	0.01471	0.01996	0.01164	0.01219	0.03444	0.02201	0.50261	0.03329	0.03817	0.02452	0.01757	0.07879	0.00388	0.00875	0.09381	0.00929	0.01250
10	0.15055	0.02174	0.07340	0.01986	0.07367	0.02118	0.01598	0.32907	0.02895	0.15535	0.02014	0.02025	0.01408	0.00929	0.00776	0.00253	0.00863	0.00704	0.00744	0.01307
11	0.06188	0.02000	0.11597	0.02859	0.24633	0.01664	0.05086	0.07015	0.01939	0.02847	0.08411	0.02935	0.02211	0.12030	0.01359	0.00336	0.00909	0.00862	0.00514	0.04606

[dist]
# distance from previous block
# <min> <max>
0	19

# created by:
# /home/cegg/simao/soft/augustus-3.2.1/scripts/msa2prfl.pl ./align_prep/26150.fa
