[name]
unknown

[dist]
# distance from previous block
# <min> <max>
0	91

[block]
# block no. 0 follows, 25 sequences, length 57
# corresponding to MSA columns:
# 91-147
name=unknown_A
#
# <colnr> <probs for GDERKNQSTAVLIFYWHMCP>
#	G	D	E	R	K	N	Q	S	T	A	V	L	I	F	Y	W	H	M	C	P
0	0.00983	0.00702	0.00943	0.01123	0.01185	0.00663	0.00786	0.01146	0.01522	0.02022	0.04252	0.64290	0.05045	0.02393	0.01000	0.00320	0.00483	0.09782	0.00719	0.00640
1	0.01309	0.01181	0.02055	0.23336	0.02984	0.01274	0.12809	0.01665	0.01497	0.01998	0.02378	0.20884	0.02440	0.09075	0.11161	0.00466	0.01053	0.01191	0.00474	0.00771
2	0.01080	0.00792	0.01012	0.00957	0.01148	0.00724	0.00718	0.01429	0.02153	0.03010	0.61688	0.05955	0.13195	0.01622	0.00915	0.00246	0.00368	0.01425	0.00841	0.00724
3	0.01851	0.01761	0.02991	0.04504	0.63284	0.01758	0.02265	0.02289	0.01746	0.02495	0.01654	0.06795	0.01499	0.00811	0.00783	0.00236	0.00888	0.00796	0.00407	0.01187
4	0.01761	0.01659	0.02796	0.14700	0.51576	0.01710	0.02170	0.02192	0.01688	0.02370	0.01638	0.05741	0.01474	0.04136	0.00928	0.00263	0.00906	0.00789	0.00399	0.01105
5	0.01018	0.00741	0.00971	0.01133	0.01209	0.00715	0.00790	0.01271	0.04628	0.02069	0.04205	0.63472	0.04939	0.02338	0.00987	0.00316	0.00480	0.07330	0.00723	0.00666
6	0.02628	0.02013	0.02147	0.01719	0.02283	0.02255	0.01397	0.46154	0.23340	0.04372	0.02267	0.02185	0.01647	0.00969	0.00780	0.00242	0.00778	0.00754	0.00780	0.01290
7	0.02103	0.10971	0.32399	0.01809	0.02684	0.01740	0.04401	0.05664	0.01852	0.16324	0.01732	0.01825	0.01226	0.00759	0.00705	0.00217	0.00922	0.00602	0.00502	0.11564
8	0.02268	0.07134	0.16366	0.01882	0.02417	0.22951	0.01733	0.02939	0.12036	0.08588	0.01690	0.01843	0.01302	0.00924	0.01017	0.00244	0.12514	0.00625	0.00485	0.01041
9	0.03479	0.01320	0.01799	0.01380	0.01979	0.01140	0.01140	0.03779	0.02219	0.68451	0.03059	0.02639	0.01919	0.00960	0.00780	0.00240	0.00660	0.00780	0.00960	0.01320
10	0.01427	0.01224	0.01490	0.01416	0.05030	0.01232	0.04457	0.06185	0.18287	0.02734	0.12975	0.05160	0.32334	0.01482	0.00867	0.00256	0.00552	0.01267	0.00722	0.00903
11	0.01092	0.00819	0.01033	0.01147	0.01276	0.00803	0.00835	0.01480	0.07941	0.02239	0.08814	0.46745	0.09842	0.02159	0.00971	0.00307	0.00493	0.10561	0.00735	0.00709
12	0.01608	0.01378	0.01608	0.01148	0.01837	0.01034	0.00919	0.01952	0.01608	0.02527	0.01378	0.01608	0.01148	0.00574	0.00574	0.00115	0.00574	0.00459	0.00459	0.77491
13	0.01838	0.01373	0.01771	0.01651	0.06069	0.01433	0.04643	0.09176	0.20923	0.08563	0.23312	0.03885	0.03753	0.01208	0.00838	0.00252	0.00618	0.04213	0.03451	0.01032
14	0.01527	0.01472	0.02577	0.60471	0.09567	0.01751	0.07598	0.02052	0.01589	0.02063	0.01400	0.02059	0.01059	0.00759	0.00787	0.00257	0.01049	0.00709	0.00351	0.00903
15	0.78228	0.01499	0.01140	0.01020	0.01499	0.01739	0.00840	0.02279	0.01320	0.03479	0.01080	0.01260	0.00840	0.00720	0.00480	0.00240	0.00600	0.00420	0.00480	0.00840
16	0.02947	0.02172	0.02327	0.01784	0.02404	0.02404	0.01474	0.65329	0.03646	0.04887	0.01862	0.01862	0.01319	0.00931	0.00776	0.00233	0.00853	0.00698	0.00776	0.01319
17	0.02291	0.02196	0.15966	0.01749	0.02449	0.04012	0.05972	0.15932	0.02217	0.16034	0.04949	0.02100	0.01587	0.00848	0.00803	0.00219	0.03265	0.00682	0.00606	0.16122
18	0.01143	0.04158	0.01229	0.01166	0.01244	0.00953	0.00840	0.01256	0.01405	0.01910	0.06664	0.40495	0.03833	0.07443	0.08212	0.08121	0.07122	0.01577	0.00589	0.00638
19	0.03342	0.01538	0.01935	0.01483	0.02089	0.01465	0.01225	0.19590	0.02586	0.52122	0.02751	0.02439	0.01765	0.00952	0.00779	0.00238	0.00709	0.00759	0.00912	0.01319
20	0.03479	0.01320	0.01799	0.01380	0.01979	0.01140	0.01140	0.03779	0.02219	0.68451	0.03059	0.02639	0.01919	0.00960	0.00780	0.00240	0.00660	0.00780	0.00960	0.01320
21	0.78228	0.01499	0.01140	0.01020	0.01499	0.01739	0.00840	0.02279	0.01320	0.03479	0.01080	0.01260	0.00840	0.00720	0.00480	0.00240	0.00600	0.00420	0.00480	0.00840
22	0.01098	0.00750	0.00966	0.01004	0.01047	0.00774	0.00658	0.01173	0.01225	0.01667	0.02672	0.18672	0.02999	0.36926	0.19346	0.05711	0.01007	0.01254	0.00501	0.00550
23	0.02073	0.73217	0.04063	0.01327	0.01990	0.03068	0.01327	0.02322	0.01575	0.01824	0.01078	0.01244	0.00995	0.00663	0.00498	0.00166	0.00829	0.00415	0.00332	0.00995
24	0.00945	0.00675	0.00900	0.01080	0.01125	0.00630	0.00720	0.01080	0.01484	0.01979	0.04274	0.72245	0.05128	0.02429	0.00990	0.00315	0.00450	0.02204	0.00720	0.00630
25	0.02781	0.01572	0.01835	0.01446	0.01935	0.01605	0.01149	0.29651	0.02613	0.27806	0.02422	0.02792	0.01841	0.15294	0.01411	0.00339	0.00761	0.00814	0.00783	0.01149
26	0.03155	0.01840	0.02121	0.01626	0.02239	0.01912	0.01344	0.41341	0.03090	0.29660	0.02328	0.02165	0.01553	0.00942	0.00777	0.00236	0.00778	0.00730	0.00847	0.01319
27	0.03412	0.01426	0.01866	0.01430	0.02033	0.01298	0.01181	0.11495	0.02398	0.60483	0.02909	0.02542	0.01844	0.00956	0.00779	0.00239	0.00684	0.00769	0.00937	0.01319
28	0.01629	0.01619	0.14518	0.05796	0.02229	0.01246	0.05524	0.02073	0.01545	0.11719	0.02044	0.02585	0.01651	0.03157	0.33041	0.00711	0.01461	0.00763	0.05785	0.00905
29	0.01950	0.43514	0.16423	0.01662	0.05320	0.02471	0.01636	0.05577	0.01708	0.02229	0.01236	0.01431	0.01039	0.00682	0.00581	0.00182	0.00865	0.00479	0.00372	0.10642
30	0.02093	0.01100	0.01404	0.01330	0.05143	0.01034	0.00982	0.02575	0.07477	0.25665	0.14043	0.04052	0.10578	0.01221	0.00790	0.00240	0.00540	0.04108	0.14630	0.00994
31	0.01365	0.01051	0.01245	0.01151	0.01416	0.01068	0.00890	0.05856	0.14682	0.03117	0.42651	0.05290	0.10793	0.01504	0.00890	0.00255	0.00465	0.04639	0.00818	0.00856
32	0.00976	0.00782	0.00872	0.00863	0.01087	0.00678	0.00642	0.01224	0.01889	0.02414	0.26828	0.10479	0.44799	0.01868	0.00920	0.00259	0.00387	0.01592	0.00763	0.00678
33	0.01638	0.01424	0.01759	0.01503	0.08318	0.01113	0.01062	0.01994	0.01623	0.02527	0.01386	0.01638	0.01156	0.00586	0.00593	0.00126	0.00608	0.00482	0.00452	0.70011
34	0.03339	0.01364	0.01813	0.01385	0.01991	0.01194	0.01142	0.06619	0.02250	0.61378	0.02899	0.02539	0.01843	0.00935	0.00767	0.00232	0.00664	0.00756	0.00920	0.05971
35	0.29378	0.01675	0.01870	0.11590	0.04863	0.06604	0.01438	0.02121	0.01416	0.02521	0.01310	0.02010	0.01173	0.01027	0.01259	0.00279	0.23829	0.04361	0.00420	0.00857
36	0.67102	0.01554	0.01541	0.04298	0.01927	0.01761	0.07436	0.02287	0.01382	0.03312	0.01142	0.01379	0.00882	0.00715	0.00537	0.00243	0.00691	0.00482	0.00465	0.00862
37	0.01885	0.01882	0.02968	0.18669	0.47179	0.06522	0.05008	0.02348	0.01752	0.02369	0.01428	0.01922	0.01168	0.00715	0.00771	0.00236	0.00995	0.00687	0.00377	0.01119
38	0.37398	0.01401	0.01500	0.01216	0.01762	0.01412	0.01004	0.03098	0.01811	0.38968	0.02161	0.02013	0.01429	0.00851	0.00644	0.00240	0.00633	0.00616	0.00742	0.01102
39	0.00953	0.00711	0.00888	0.01004	0.01111	0.00645	0.00692	0.01125	0.01618	0.02116	0.11291	0.51205	0.19333	0.02242	0.00966	0.00296	0.00429	0.01998	0.00733	0.00645
40	0.01080	0.00792	0.01012	0.00957	0.01148	0.00724	0.00718	0.01430	0.02154	0.03012	0.61814	0.05951	0.13067	0.01621	0.00915	0.00246	0.00368	0.01425	0.00841	0.00724
41	0.01834	0.01753	0.02877	0.03734	0.45636	0.01714	0.06380	0.02266	0.01702	0.02488	0.01422	0.01852	0.01195	0.00705	0.00846	0.00215	0.05175	0.00657	0.00397	0.17152
42	0.01929	0.01666	0.01753	0.01578	0.02016	0.01929	0.01227	0.04120	0.66513	0.03243	0.03156	0.02893	0.02367	0.01052	0.00789	0.00263	0.00614	0.00877	0.00789	0.01227
43	0.02073	0.73217	0.04063	0.01327	0.01990	0.03068	0.01327	0.02322	0.01575	0.01824	0.01078	0.01244	0.00995	0.00663	0.00498	0.00166	0.00829	0.00415	0.00332	0.00995
44	0.00938	0.00702	0.00871	0.01006	0.01105	0.00636	0.00687	0.01088	0.01555	0.02008	0.05170	0.56027	0.20767	0.02313	0.00971	0.00302	0.00436	0.02062	0.00720	0.00636
45	0.02648	0.01567	0.01825	0.01443	0.01957	0.01592	0.01175	0.30361	0.02806	0.24366	0.13126	0.03208	0.08141	0.01132	0.00811	0.00239	0.00676	0.00916	0.00841	0.01169
46	0.00982	0.00794	0.00876	0.00873	0.01110	0.00689	0.00666	0.01230	0.01872	0.02356	0.22125	0.07138	0.48874	0.01883	0.00926	0.00264	0.00407	0.05506	0.00752	0.00677
47	0.03314	0.01283	0.01746	0.01352	0.01922	0.01111	0.01111	0.03618	0.02218	0.63921	0.07527	0.02858	0.02293	0.01003	0.00789	0.00240	0.00639	0.00823	0.00952	0.01279
48	0.01139	0.00830	0.00895	0.00869	0.01106	0.00770	0.00655	0.01540	0.06004	0.02586	0.20956	0.05782	0.34651	0.01586	0.00828	0.00240	0.00394	0.01335	0.17110	0.00725
49	0.01608	0.01378	0.01608	0.01148	0.01837	0.01034	0.00919	0.01952	0.01608	0.02527	0.01378	0.01608	0.01148	0.00574	0.00574	0.00115	0.00574	0.00459	0.00459	0.77491
50	0.06943	0.16198	0.17330	0.01744	0.05631	0.01960	0.01634	0.11531	0.01912	0.06773	0.01463	0.01641	0.01131	0.00756	0.00734	0.00203	0.04136	0.00550	0.00473	0.17255
51	0.50927	0.11582	0.01771	0.01283	0.01769	0.17351	0.01054	0.02471	0.01553	0.02898	0.01106	0.01289	0.00897	0.00730	0.00532	0.00221	0.00812	0.00437	0.00442	0.00874
52	0.01622	0.01068	0.01100	0.01036	0.01311	0.01164	0.00793	0.02653	0.25375	0.03020	0.02759	0.02891	0.02126	0.00958	0.00632	0.00211	0.00454	0.00779	0.49141	0.00907
53	0.01108	0.00831	0.01246	0.01246	0.01385	0.00969	0.00969	0.01385	0.01246	0.01800	0.02077	0.03046	0.01938	0.05815	0.69678	0.01246	0.02077	0.00831	0.00415	0.00692
54	0.18416	0.01355	0.01668	0.01308	0.01883	0.01259	0.01080	0.03479	0.02039	0.55467	0.02663	0.02363	0.01704	0.00912	0.00720	0.00240	0.00648	0.00708	0.00864	0.01224
55	0.01464	0.01378	0.02326	0.70887	0.05340	0.01723	0.02153	0.01981	0.01550	0.01981	0.01378	0.02067	0.01034	0.00775	0.00775	0.00258	0.01034	0.00689	0.00345	0.00861
56	0.01033	0.00790	0.00947	0.00908	0.01119	0.00704	0.00681	0.01338	0.02043	0.02748	0.46279	0.06386	0.28767	0.01720	0.00915	0.00250	0.00375	0.01486	0.00806	0.00704

[dist]
# distance from previous block
# <min> <max>
0	11

[block]
# block no. 1 follows, 25 sequences, length 35
# corresponding to MSA columns:
# 159-193
name=unknown_B
#
# <colnr> <probs for GDERKNQSTAVLIFYWHMCP>
#	G	D	E	R	K	N	Q	S	T	A	V	L	I	F	Y	W	H	M	C	P
0	0.03479	0.01320	0.01799	0.01380	0.01979	0.01140	0.01140	0.03779	0.02219	0.68451	0.03059	0.02639	0.01919	0.00960	0.00780	0.00240	0.00660	0.00780	0.00960	0.01320
1	0.01608	0.01378	0.01608	0.01148	0.01837	0.01034	0.00919	0.01952	0.01608	0.02527	0.01378	0.01608	0.01148	0.00574	0.00574	0.00115	0.00574	0.00459	0.00459	0.77491
2	0.01464	0.01378	0.02326	0.70887	0.05340	0.01723	0.02153	0.01981	0.01550	0.01981	0.01378	0.02067	0.01034	0.00775	0.00775	0.00258	0.01034	0.00689	0.00345	0.00861
3	0.02947	0.02172	0.02327	0.01784	0.02404	0.02404	0.01474	0.65329	0.03646	0.04887	0.01862	0.01862	0.01319	0.00931	0.00776	0.00233	0.00853	0.00698	0.00776	0.01319
4	0.78228	0.01499	0.01140	0.01020	0.01499	0.01739	0.00840	0.02279	0.01320	0.03479	0.01080	0.01260	0.00840	0.00720	0.00480	0.00240	0.00600	0.00420	0.00480	0.00840
5	0.00945	0.00675	0.00900	0.01080	0.01125	0.00630	0.00720	0.01080	0.01484	0.01979	0.04274	0.72245	0.05128	0.02429	0.00990	0.00315	0.00450	0.02204	0.00720	0.00630
6	0.03321	0.01573	0.01956	0.01500	0.02106	0.01516	0.01239	0.22098	0.02644	0.49532	0.02703	0.02408	0.01741	0.00951	0.00779	0.00238	0.00717	0.00755	0.00905	0.01319
7	0.01236	0.00731	0.01000	0.01036	0.01126	0.00688	0.00718	0.01250	0.01483	0.05136	0.14024	0.29127	0.07155	0.02288	0.01701	0.28168	0.00524	0.01418	0.00615	0.00575
8	0.01903	0.01832	0.03093	0.04569	0.63315	0.01879	0.02332	0.02344	0.01725	0.02487	0.01428	0.01903	0.01213	0.00737	0.00892	0.00238	0.05837	0.00690	0.00381	0.01202
9	0.02146	0.02308	0.02803	0.03699	0.42613	0.19601	0.02064	0.02503	0.01806	0.02284	0.01336	0.01755	0.01142	0.00802	0.00971	0.00236	0.09814	0.00639	0.00382	0.01095
10	0.09488	0.01173	0.01489	0.01520	0.06001	0.01377	0.01058	0.01588	0.01286	0.01976	0.02051	0.03993	0.02218	0.32922	0.02649	0.00506	0.19374	0.08182	0.00459	0.00691
11	0.00932	0.00761	0.00824	0.00862	0.01071	0.00653	0.00626	0.01123	0.01725	0.02120	0.10066	0.22136	0.50307	0.02051	0.00933	0.00273	0.00404	0.01754	0.00727	0.00653
12	0.02073	0.73217	0.04063	0.01327	0.01990	0.03068	0.01327	0.02322	0.01575	0.01824	0.01078	0.01244	0.00995	0.00663	0.00498	0.00166	0.00829	0.00415	0.00332	0.00995
13	0.01327	0.01015	0.01207	0.01120	0.01368	0.01040	0.00851	0.02164	0.18773	0.03134	0.48001	0.04914	0.05801	0.01417	0.00866	0.00246	0.00430	0.01236	0.04230	0.00859
14	0.78228	0.01499	0.01140	0.01020	0.01499	0.01739	0.00840	0.02279	0.01320	0.03479	0.01080	0.01260	0.00840	0.00720	0.00480	0.00240	0.00600	0.00420	0.00480	0.00840
15	0.08697	0.01332	0.01753	0.01354	0.01946	0.01181	0.01119	0.03674	0.02156	0.63915	0.02921	0.02543	0.01844	0.00943	0.00759	0.00240	0.00656	0.00755	0.00926	0.01286
16	0.78228	0.01499	0.01140	0.01020	0.01499	0.01739	0.00840	0.02279	0.01320	0.03479	0.01080	0.01260	0.00840	0.00720	0.00480	0.00240	0.00600	0.00420	0.00480	0.00840
17	0.01097	0.00793	0.01036	0.00975	0.01158	0.00732	0.00732	0.01463	0.02195	0.03109	0.67505	0.05792	0.07316	0.01585	0.00914	0.00244	0.00366	0.01402	0.00854	0.00732
18	0.00993	0.00788	0.00891	0.00866	0.01094	0.00687	0.00649	0.01261	0.01948	0.02523	0.33045	0.06757	0.42142	0.01804	0.00916	0.00254	0.00381	0.01538	0.00776	0.00687
19	0.02073	0.73217	0.04063	0.01327	0.01990	0.03068	0.01327	0.02322	0.01575	0.01824	0.01078	0.01244	0.00995	0.00663	0.00498	0.00166	0.00829	0.00415	0.00332	0.00995
20	0.02593	0.01817	0.16864	0.01471	0.02105	0.01222	0.01440	0.03036	0.01935	0.39714	0.02535	0.02475	0.01716	0.01262	0.05852	0.00308	0.00836	0.00729	0.10936	0.01154
21	0.02073	0.73217	0.04063	0.01327	0.01990	0.03068	0.01327	0.02322	0.01575	0.01824	0.01078	0.01244	0.00995	0.00663	0.00498	0.00166	0.00829	0.00415	0.00332	0.00995
22	0.01108	0.00831	0.01246	0.01246	0.01385	0.00969	0.00969	0.01385	0.01246	0.01800	0.02077	0.03046	0.01938	0.05815	0.69678	0.01246	0.02077	0.00831	0.00415	0.00692
23	0.01464	0.01378	0.02326	0.70887	0.05340	0.01723	0.02153	0.01981	0.01550	0.01981	0.01378	0.02067	0.01034	0.00775	0.00775	0.00258	0.01034	0.00689	0.00345	0.00861
24	0.78228	0.01499	0.01140	0.01020	0.01499	0.01739	0.00840	0.02279	0.01320	0.03479	0.01080	0.01260	0.00840	0.00720	0.00480	0.00240	0.00600	0.00420	0.00480	0.00840
25	0.02522	0.02849	0.01992	0.01700	0.02200	0.44665	0.01298	0.02772	0.02014	0.05473	0.01349	0.01527	0.01092	0.00737	0.00664	0.00175	0.01103	0.00501	0.00447	0.24920
26	0.01077	0.00777	0.01018	0.00989	0.01154	0.00718	0.00730	0.01412	0.02100	0.02958	0.59062	0.14665	0.07024	0.01698	0.00925	0.00253	0.00377	0.01509	0.00836	0.00718
27	0.78228	0.01499	0.01140	0.01020	0.01499	0.01739	0.00840	0.02279	0.01320	0.03479	0.01080	0.01260	0.00840	0.00720	0.00480	0.00240	0.00600	0.00420	0.00480	0.00840
28	0.01063	0.00791	0.00989	0.00940	0.01137	0.00717	0.00705	0.01397	0.02114	0.02918	0.56276	0.06106	0.18664	0.01656	0.00915	0.00247	0.00371	0.01446	0.00828	0.00717
29	0.01026	0.00784	0.00942	0.00915	0.01118	0.00699	0.00681	0.01321	0.02007	0.02695	0.43332	0.10008	0.28129	0.01763	0.00919	0.00254	0.00380	0.01527	0.00800	0.00699
30	0.00956	0.00693	0.00906	0.01072	0.01140	0.00643	0.00733	0.01105	0.01520	0.02003	0.04548	0.64347	0.10014	0.02380	0.00987	0.00313	0.00457	0.04827	0.00720	0.00635
31	0.01128	0.00752	0.00846	0.00846	0.00846	0.00752	0.00470	0.01128	0.01128	0.01503	0.02443	0.05074	0.02819	0.72751	0.03946	0.00752	0.00752	0.01128	0.00470	0.00470
32	0.02896	0.03695	0.02197	0.01998	0.02397	0.69638	0.01498	0.03096	0.02197	0.01898	0.01199	0.01398	0.00999	0.00799	0.00699	0.00200	0.01398	0.00499	0.00400	0.00899
33	0.01495	0.01387	0.01892	0.01680	0.01685	0.01844	0.01331	0.01625	0.01206	0.01800	0.01666	0.09867	0.01837	0.16724	0.02680	0.00425	0.48768	0.00936	0.00407	0.00744
34	0.21796	0.05280	0.01911	0.01410	0.01990	0.01770	0.01176	0.21985	0.02395	0.29675	0.02104	0.01990	0.01422	0.00876	0.00690	0.00234	0.00712	0.00647	0.00753	0.01184

[dist]
# distance from previous block
# <min> <max>
4	8

[block]
# block no. 2 follows, 25 sequences, length 21
# corresponding to MSA columns:
# 203-223
name=unknown_C
#
# <colnr> <probs for GDERKNQSTAVLIFYWHMCP>
#	G	D	E	R	K	N	Q	S	T	A	V	L	I	F	Y	W	H	M	C	P
0	0.04424	0.02441	0.22778	0.01980	0.05052	0.05482	0.06552	0.04728	0.01679	0.02439	0.01848	0.02135	0.06367	0.00924	0.01063	0.00238	0.14028	0.00683	0.00419	0.14740
1	0.01080	0.00786	0.01016	0.00971	0.01151	0.00722	0.00724	0.01425	0.02136	0.02999	0.61170	0.09313	0.10302	0.01648	0.00918	0.00248	0.00372	0.01456	0.00840	0.00722
2	0.02102	0.01985	0.06459	0.03960	0.47758	0.01878	0.07491	0.09988	0.02014	0.06467	0.01601	0.01952	0.01260	0.00734	0.00780	0.00235	0.00942	0.00709	0.00460	0.01225
3	0.01874	0.01417	0.02203	0.28938	0.17205	0.01509	0.01749	0.02289	0.01746	0.13416	0.05668	0.02562	0.04997	0.00901	0.00845	0.00240	0.03721	0.00773	0.00514	0.07433
4	0.78228	0.01499	0.01140	0.01020	0.01499	0.01739	0.00840	0.02279	0.01320	0.03479	0.01080	0.01260	0.00840	0.00720	0.00480	0.00240	0.00600	0.00420	0.00480	0.00840
5	0.02073	0.73217	0.04063	0.01327	0.01990	0.03068	0.01327	0.02322	0.01575	0.01824	0.01078	0.01244	0.00995	0.00663	0.00498	0.00166	0.00829	0.00415	0.00332	0.00995
6	0.01464	0.01378	0.02326	0.70887	0.05340	0.01723	0.02153	0.01981	0.01550	0.01981	0.01378	0.02067	0.01034	0.00775	0.00775	0.00258	0.01034	0.00689	0.00345	0.00861
7	0.01015	0.00789	0.00923	0.00889	0.01108	0.00697	0.00667	0.01304	0.02001	0.02649	0.40449	0.06549	0.34659	0.01757	0.00915	0.00252	0.00378	0.01508	0.00793	0.00697
8	0.07123	0.01328	0.01767	0.01362	0.01956	0.01169	0.01125	0.03706	0.02175	0.65283	0.02962	0.02572	0.01867	0.00948	0.00765	0.00240	0.00657	0.00762	0.00936	0.01296
9	0.01830	0.02092	0.04575	0.03268	0.04052	0.01961	0.65098	0.02484	0.01830	0.02484	0.01569	0.02092	0.01176	0.00654	0.00915	0.00261	0.01307	0.00915	0.00392	0.01046
10	0.00954	0.00679	0.00897	0.01068	0.01111	0.00636	0.00707	0.01082	0.01466	0.01955	0.04181	0.68849	0.05011	0.05984	0.01139	0.00337	0.00465	0.02150	0.00707	0.00622
11	0.00926	0.00786	0.00798	0.00795	0.01053	0.00658	0.00596	0.01130	0.01789	0.02146	0.10870	0.07378	0.64552	0.01945	0.00916	0.00261	0.00391	0.01625	0.00727	0.00658
12	0.00945	0.00675	0.00900	0.01080	0.01125	0.00630	0.00720	0.01080	0.01484	0.01979	0.04274	0.72245	0.05128	0.02429	0.00990	0.00315	0.00450	0.02204	0.00720	0.00630
13	0.01555	0.04011	0.68733	0.02210	0.03356	0.01801	0.02865	0.02455	0.01637	0.02455	0.01391	0.01637	0.00982	0.00737	0.00737	0.00246	0.01146	0.00573	0.00327	0.01146
14	0.01699	0.01671	0.03001	0.34499	0.29444	0.01807	0.12202	0.02215	0.01678	0.02275	0.01439	0.02013	0.01132	0.00723	0.00794	0.00248	0.01033	0.00726	0.00367	0.01033
15	0.00932	0.00786	0.00807	0.00801	0.01057	0.00661	0.00601	0.01142	0.01803	0.02180	0.12864	0.07322	0.62537	0.01932	0.00916	0.00260	0.00390	0.01617	0.00731	0.00661
16	0.01757	0.01810	0.15417	0.01437	0.01913	0.01419	0.01373	0.13823	0.02140	0.06467	0.17200	0.03324	0.07689	0.01149	0.00919	0.00241	0.06595	0.00909	0.13457	0.00961
17	0.01619	0.01044	0.01374	0.01348	0.01609	0.01076	0.01102	0.07059	0.04557	0.10754	0.03431	0.10953	0.06443	0.02815	0.18777	0.00550	0.01029	0.22938	0.00677	0.00846
18	0.02266	0.07448	0.02276	0.01576	0.02140	0.01434	0.09723	0.02618	0.01875	0.24922	0.08989	0.02447	0.02051	0.00890	0.00867	0.00212	0.05990	0.00743	0.00643	0.20891
19	0.02365	0.08671	0.19339	0.01579	0.02340	0.04297	0.01581	0.05623	0.01930	0.24218	0.01922	0.01925	0.01347	0.00776	0.00691	0.00203	0.00820	0.00603	0.00590	0.19181
20	0.01560	0.10933	0.07167	0.01142	0.01563	0.01211	0.01015	0.01950	0.04591	0.11567	0.16289	0.07887	0.27260	0.01459	0.00823	0.00244	0.00559	0.01214	0.00695	0.00872

[dist]
# distance from previous block
# <min> <max>
4	7

[block]
# block no. 3 follows, 25 sequences, length 17
# corresponding to MSA columns:
# 231-247
name=unknown_D
#
# <colnr> <probs for GDERKNQSTAVLIFYWHMCP>
#	G	D	E	R	K	N	Q	S	T	A	V	L	I	F	Y	W	H	M	C	P
0	0.01769	0.07166	0.56564	0.02109	0.03160	0.01945	0.02601	0.10959	0.01906	0.02753	0.01440	0.01648	0.01028	0.00759	0.00730	0.00240	0.01091	0.00582	0.00388	0.01162
1	0.00935	0.00712	0.00861	0.00981	0.01099	0.00638	0.00676	0.01091	0.01579	0.02018	0.05475	0.50501	0.26096	0.02273	0.00965	0.00297	0.00431	0.02014	0.00720	0.00638
2	0.02126	0.14962	0.24805	0.01770	0.02569	0.02147	0.01843	0.22869	0.06630	0.03194	0.01607	0.01723	0.01203	0.00792	0.00695	0.00216	0.00903	0.00595	0.00518	0.08832
3	0.01765	0.15839	0.48235	0.02112	0.03113	0.02005	0.08224	0.02499	0.01672	0.05569	0.01434	0.01659	0.01048	0.00727	0.00713	0.00233	0.01081	0.00587	0.00365	0.01119
4	0.01987	0.01695	0.01786	0.01590	0.02039	0.01956	0.01241	0.07654	0.62884	0.03338	0.03081	0.02833	0.02306	0.01045	0.00788	0.00261	0.00627	0.00866	0.00788	0.01233
5	0.02330	0.08886	0.22837	0.01854	0.05809	0.01764	0.01783	0.08873	0.10547	0.21516	0.04602	0.02243	0.01714	0.00882	0.00746	0.00237	0.00840	0.00706	0.00633	0.01197
6	0.01464	0.01378	0.02326	0.70887	0.05340	0.01723	0.02153	0.01981	0.01550	0.01981	0.01378	0.02067	0.01034	0.00775	0.00775	0.00258	0.01034	0.00689	0.00345	0.00861
7	0.78228	0.01499	0.01140	0.01020	0.01499	0.01739	0.00840	0.02279	0.01320	0.03479	0.01080	0.01260	0.00840	0.00720	0.00480	0.00240	0.00600	0.00420	0.00480	0.00840
8	0.02691	0.05273	0.21471	0.01782	0.02555	0.01665	0.04989	0.13569	0.02243	0.32574	0.02218	0.02133	0.01471	0.00862	0.00762	0.00238	0.00873	0.00698	0.00691	0.01242
9	0.67307	0.01523	0.01310	0.07473	0.01899	0.01772	0.00993	0.05496	0.01460	0.03414	0.01147	0.01365	0.00882	0.00736	0.00522	0.00241	0.00653	0.00459	0.00483	0.00866
10	0.78228	0.01499	0.01140	0.01020	0.01499	0.01739	0.00840	0.02279	0.01320	0.03479	0.01080	0.01260	0.00840	0.00720	0.00480	0.00240	0.00600	0.00420	0.00480	0.00840
11	0.01128	0.00752	0.00846	0.00846	0.00846	0.00752	0.00470	0.01128	0.01128	0.01503	0.02443	0.05074	0.02819	0.72751	0.03946	0.00752	0.00752	0.01128	0.00470	0.00470
12	0.78228	0.01499	0.01140	0.01020	0.01499	0.01739	0.00840	0.02279	0.01320	0.03479	0.01080	0.01260	0.00840	0.00720	0.00480	0.00240	0.00600	0.00420	0.00480	0.00840
13	0.02947	0.02172	0.02327	0.01784	0.02404	0.02404	0.01474	0.65329	0.03646	0.04887	0.01862	0.01862	0.01319	0.00931	0.00776	0.00233	0.00853	0.00698	0.00776	0.01319
14	0.01929	0.01666	0.01753	0.01578	0.02016	0.01929	0.01227	0.04120	0.66513	0.03243	0.03156	0.02893	0.02367	0.01052	0.00789	0.00263	0.00614	0.00877	0.00789	0.01227
15	0.78228	0.01499	0.01140	0.01020	0.01499	0.01739	0.00840	0.02279	0.01320	0.03479	0.01080	0.01260	0.00840	0.00720	0.00480	0.00240	0.00600	0.00420	0.00480	0.00840
16	0.01163	0.00889	0.01216	0.01312	0.07281	0.00829	0.00875	0.01528	0.02132	0.03000	0.58139	0.05529	0.10095	0.01524	0.00901	0.00244	0.00418	0.01350	0.00803	0.00773

[dist]
# distance from previous block
# <min> <max>
0	99

# created by:
# /home/cegg/simao/soft/augustus-3.2.1/scripts/msa2prfl.pl ./align_prep/26307.fa
