[name]
unknown

[dist]
# distance from previous block
# <min> <max>
0	67

[block]
# block no. 0 follows, 20 sequences, length 9
# corresponding to MSA columns:
# 67-75
name=unknown_A
#
# <colnr> <probs for GDERKNQSTAVLIFYWHMCP>
#	G	D	E	R	K	N	Q	S	T	A	V	L	I	F	Y	W	H	M	C	P
0	0.08627	0.01672	0.02028	0.02081	0.10267	0.01795	0.01449	0.18226	0.04477	0.03403	0.02537	0.04200	0.02422	0.13807	0.01644	0.00397	0.04022	0.11735	0.00668	0.04543
1	0.02278	0.02125	0.11185	0.23591	0.26002	0.01874	0.02405	0.02848	0.01988	0.14380	0.01945	0.02323	0.01424	0.00871	0.00864	0.00273	0.01054	0.00778	0.00533	0.01260
2	0.02319	0.01996	0.02939	0.26404	0.25197	0.02212	0.02285	0.19757	0.02525	0.03411	0.01743	0.02199	0.01334	0.00891	0.00869	0.00271	0.01059	0.00779	0.00546	0.01265
3	0.01838	0.23858	0.22423	0.07283	0.09717	0.02235	0.02085	0.02386	0.01855	0.02433	0.02798	0.02980	0.12619	0.01054	0.00789	0.00251	0.00983	0.00834	0.00460	0.01120
4	0.02412	0.02299	0.07354	0.02445	0.13801	0.05052	0.01762	0.19346	0.10643	0.03663	0.01981	0.02139	0.01524	0.00882	0.00804	0.00229	0.00907	0.00716	0.00637	0.21406
5	0.01058	0.00885	0.00922	0.00912	0.01195	0.00748	0.00684	0.01305	0.02053	0.02510	0.16163	0.08143	0.56128	0.02152	0.01031	0.00292	0.00438	0.01806	0.00830	0.00748
6	0.01167	0.00918	0.01293	0.13311	0.02127	0.00938	0.01090	0.01405	0.01719	0.02242	0.04660	0.49811	0.11386	0.02332	0.01060	0.00336	0.00620	0.02095	0.00732	0.00759
7	0.02125	0.46688	0.25942	0.01845	0.02784	0.02946	0.02106	0.02665	0.01797	0.02304	0.01338	0.01556	0.01114	0.00776	0.00655	0.00218	0.01059	0.00530	0.00371	0.01180
8	0.01101	0.00775	0.01001	0.01166	0.01208	0.00734	0.00758	0.01224	0.01596	0.02128	0.04429	0.57187	0.05292	0.14972	0.01725	0.00445	0.00568	0.02257	0.00758	0.00675

[dist]
# distance from previous block
# <min> <max>
0	3

[block]
# block no. 1 follows, 20 sequences, length 41
# corresponding to MSA columns:
# 79-119
name=unknown_B
#
# <colnr> <probs for GDERKNQSTAVLIFYWHMCP>
#	G	D	E	R	K	N	Q	S	T	A	V	L	I	F	Y	W	H	M	C	P
0	0.03395	0.06000	0.07595	0.01865	0.02613	0.01823	0.05686	0.15434	0.02696	0.39566	0.02768	0.02565	0.01817	0.01009	0.00864	0.00266	0.00893	0.00826	0.00894	0.01425
1	0.02159	0.02073	0.03541	0.05354	0.63903	0.02073	0.02677	0.02677	0.01986	0.02850	0.01641	0.02159	0.01382	0.00777	0.00864	0.00259	0.01036	0.00777	0.00432	0.01382
2	0.01257	0.00879	0.01183	0.01219	0.01349	0.00918	0.00897	0.01525	0.01676	0.02388	0.13029	0.15792	0.04113	0.13618	0.25839	0.00797	0.01237	0.04938	0.06602	0.00742
3	0.01320	0.12214	0.01599	0.01138	0.01469	0.01229	0.00941	0.01586	0.01960	0.02401	0.09559	0.11607	0.36587	0.02016	0.00988	0.00298	0.00585	0.10946	0.00745	0.00813
4	0.02152	0.58552	0.04012	0.01428	0.02085	0.03020	0.01383	0.02453	0.01887	0.02289	0.11423	0.02239	0.02286	0.00916	0.00637	0.00201	0.00847	0.00649	0.00469	0.01071
5	0.02446	0.02323	0.06253	0.03065	0.08500	0.02263	0.29910	0.15648	0.06271	0.07344	0.02002	0.02331	0.01482	0.00907	0.01063	0.00287	0.05113	0.00913	0.00597	0.01284
6	0.07305	0.02654	0.20067	0.01849	0.02571	0.05244	0.01830	0.17742	0.06443	0.03747	0.15842	0.03014	0.02918	0.01120	0.00860	0.00264	0.00913	0.00893	0.00689	0.04035
7	0.13420	0.01022	0.01185	0.01106	0.01366	0.01009	0.00843	0.01797	0.02308	0.03566	0.53233	0.05679	0.07035	0.01624	0.00949	0.00274	0.00455	0.01396	0.00891	0.00843
8	0.01667	0.01450	0.02430	0.44345	0.04587	0.01742	0.05682	0.02065	0.01643	0.02199	0.01608	0.02409	0.01293	0.01268	0.01410	0.12487	0.05327	0.00790	0.04723	0.00875
9	0.01177	0.00869	0.01099	0.01085	0.01279	0.00792	0.00797	0.01517	0.02267	0.03122	0.45812	0.17006	0.15942	0.02002	0.01043	0.00290	0.00431	0.01764	0.00913	0.00792
10	0.01979	0.01857	0.03126	0.04675	0.53626	0.01849	0.02371	0.02437	0.01934	0.02748	0.02160	0.13089	0.02102	0.01098	0.00905	0.00275	0.00949	0.01057	0.00494	0.01271
11	0.01334	0.00847	0.00997	0.01011	0.01088	0.00869	0.00659	0.01490	0.01449	0.02148	0.02848	0.09171	0.02972	0.38437	0.13395	0.00753	0.00964	0.01192	0.17727	0.00649
12	0.01849	0.01394	0.02221	0.05726	0.02382	0.01504	0.10231	0.02144	0.01769	0.11402	0.03117	0.28877	0.03238	0.04402	0.01544	0.00354	0.14702	0.01523	0.00669	0.00952
13	0.63326	0.01549	0.01228	0.01115	0.01566	0.01775	0.00876	0.02352	0.01449	0.03549	0.01466	0.02121	0.01310	0.12054	0.01180	0.00364	0.00703	0.00603	0.00538	0.00876
14	0.63652	0.02092	0.01477	0.01328	0.01853	0.12439	0.01066	0.02715	0.01646	0.03622	0.01237	0.01443	0.00974	0.00824	0.00580	0.00262	0.00822	0.00487	0.00525	0.00956
15	0.13765	0.01573	0.02397	0.56403	0.05299	0.01941	0.02180	0.02284	0.01702	0.02505	0.01495	0.02177	0.01127	0.00862	0.00818	0.00287	0.01083	0.00726	0.00413	0.00965
16	0.01650	0.03790	0.50830	0.02293	0.03395	0.01825	0.06180	0.02516	0.01878	0.02698	0.02770	0.02947	0.11363	0.01050	0.00874	0.00280	0.01161	0.00863	0.00445	0.01192
17	0.01192	0.00869	0.01122	0.01104	0.01289	0.00798	0.00811	0.01548	0.02303	0.03210	0.50018	0.17185	0.11349	0.01971	0.01043	0.00289	0.00429	0.01747	0.00925	0.00798
18	0.02001	0.02000	0.06326	0.14402	0.06950	0.02195	0.01864	0.03517	0.33106	0.03017	0.02526	0.02696	0.01948	0.01134	0.01210	0.00306	0.12056	0.00874	0.00647	0.01226
19	0.75506	0.01687	0.01282	0.01147	0.01687	0.01957	0.00945	0.02564	0.01484	0.03914	0.01215	0.01417	0.00945	0.00810	0.00540	0.00270	0.00675	0.00472	0.00540	0.00945
20	0.01854	0.01340	0.01528	0.01377	0.01761	0.01387	0.01065	0.03034	0.25934	0.09866	0.24541	0.05164	0.14471	0.01542	0.00957	0.00286	0.00561	0.01314	0.00920	0.01099
21	0.01063	0.00759	0.01012	0.01215	0.01265	0.00709	0.00810	0.01215	0.01670	0.02227	0.04808	0.68775	0.05769	0.02733	0.01113	0.00354	0.00506	0.02480	0.00810	0.00709
22	0.02308	0.02144	0.03515	0.11937	0.55495	0.02150	0.02678	0.02747	0.02080	0.02960	0.01850	0.02475	0.01568	0.00940	0.00955	0.00303	0.01111	0.00843	0.00506	0.01434
23	0.75506	0.01687	0.01282	0.01147	0.01687	0.01957	0.00945	0.02564	0.01484	0.03914	0.01215	0.01417	0.00945	0.00810	0.00540	0.00270	0.00675	0.00472	0.00540	0.00945
24	0.01249	0.00921	0.01334	0.01334	0.01466	0.01053	0.01006	0.01514	0.01382	0.01975	0.02399	0.03771	0.02330	0.16016	0.56618	0.01318	0.02112	0.00985	0.00477	0.00741
25	0.02332	0.69869	0.04571	0.01493	0.02239	0.03451	0.01493	0.02612	0.01772	0.02052	0.01213	0.01399	0.01119	0.00746	0.00560	0.00187	0.00933	0.00466	0.00373	0.01119
26	0.02310	0.06774	0.14533	0.02821	0.03722	0.02029	0.33276	0.02974	0.02058	0.12871	0.01956	0.02269	0.01408	0.00802	0.00914	0.00269	0.01229	0.00868	0.00535	0.06383
27	0.01063	0.00759	0.01012	0.01215	0.01265	0.00709	0.00810	0.01215	0.01670	0.02227	0.04808	0.68775	0.05769	0.02733	0.01113	0.00354	0.00506	0.02480	0.00810	0.00709
28	0.01263	0.00910	0.01205	0.01181	0.01386	0.00853	0.00919	0.01673	0.02393	0.03352	0.53792	0.07061	0.07704	0.01886	0.01058	0.00295	0.00476	0.10840	0.00934	0.00820
29	0.03258	0.04157	0.02472	0.02247	0.02697	0.65843	0.01685	0.03483	0.02472	0.02135	0.01348	0.01573	0.01124	0.00899	0.00787	0.00225	0.01573	0.00562	0.00449	0.01011
30	0.01072	0.00778	0.01013	0.01180	0.01261	0.00719	0.00799	0.01248	0.01752	0.02326	0.09234	0.59535	0.10617	0.02624	0.01101	0.00344	0.00494	0.02365	0.00820	0.00719
31	0.01235	0.00892	0.01166	0.01097	0.01303	0.00823	0.00823	0.01646	0.02469	0.03498	0.63443	0.06516	0.08230	0.01783	0.01029	0.00274	0.00412	0.01578	0.00960	0.00823
32	0.01063	0.00759	0.01012	0.01215	0.01265	0.00709	0.00810	0.01215	0.01670	0.02227	0.04808	0.68775	0.05769	0.02733	0.01113	0.00354	0.00506	0.02480	0.00810	0.00709
33	0.02258	0.61577	0.12216	0.01619	0.02434	0.03271	0.01712	0.02631	0.01781	0.02142	0.01257	0.01455	0.01118	0.00757	0.00594	0.00198	0.00978	0.00489	0.00373	0.01141
34	0.02443	0.44064	0.21026	0.01969	0.02836	0.08147	0.02058	0.02845	0.01976	0.02462	0.01556	0.01863	0.01335	0.00935	0.00755	0.00258	0.01148	0.00601	0.00459	0.01264
35	0.02110	0.01143	0.01244	0.01121	0.01459	0.01171	0.00872	0.04859	0.11933	0.12383	0.03022	0.03170	0.02268	0.01054	0.00704	0.00230	0.00522	0.00850	0.48856	0.01028
36	0.01368	0.04989	0.08847	0.01280	0.01676	0.01165	0.01142	0.01926	0.05779	0.03119	0.38579	0.05876	0.17616	0.01665	0.00973	0.00275	0.00565	0.01427	0.00826	0.00909
37	0.01750	0.04512	0.64825	0.02486	0.03775	0.02026	0.03223	0.02762	0.01842	0.02762	0.01565	0.01842	0.01105	0.00829	0.00829	0.00276	0.01289	0.00645	0.00368	0.01289
38	0.01422	0.01022	0.01326	0.01276	0.01416	0.01126	0.00919	0.06255	0.01569	0.02177	0.02476	0.04203	0.02508	0.30435	0.36814	0.01094	0.01647	0.01052	0.00524	0.00739
39	0.01133	0.00828	0.01033	0.01168	0.01276	0.00774	0.00822	0.01309	0.01716	0.02224	0.05227	0.40378	0.15994	0.12364	0.01598	0.00422	0.00584	0.09683	0.00768	0.00700
40	0.01683	0.02014	0.11747	0.52491	0.05379	0.02010	0.02498	0.02297	0.01725	0.02297	0.01520	0.02221	0.01153	0.00919	0.01027	0.00296	0.06570	0.00755	0.00384	0.01015

[dist]
# distance from previous block
# <min> <max>
2	20

[block]
# block no. 2 follows, 20 sequences, length 28
# corresponding to MSA columns:
# 140-167
name=unknown_C
#
# <colnr> <probs for GDERKNQSTAVLIFYWHMCP>
#	G	D	E	R	K	N	Q	S	T	A	V	L	I	F	Y	W	H	M	C	P
0	0.25187	0.33221	0.06575	0.01638	0.02315	0.11286	0.04059	0.02731	0.01794	0.02714	0.01275	0.01495	0.01074	0.00791	0.00620	0.00227	0.00982	0.00516	0.00438	0.01062
1	0.01901	0.10337	0.37276	0.08841	0.16470	0.02183	0.05691	0.02683	0.01867	0.02662	0.01553	0.01931	0.01180	0.00809	0.00822	0.00266	0.01197	0.00685	0.00387	0.01257
2	0.02271	0.01939	0.02140	0.02045	0.06606	0.02211	0.01496	0.09543	0.52907	0.03759	0.03287	0.03074	0.02468	0.01143	0.00885	0.00290	0.00739	0.00954	0.00854	0.01390
3	0.01647	0.01550	0.02616	0.67248	0.06008	0.01938	0.02422	0.02229	0.01744	0.02229	0.01550	0.02326	0.01163	0.00872	0.00872	0.00291	0.01163	0.00775	0.00388	0.00969
4	0.02229	0.02395	0.06927	0.04264	0.38696	0.07363	0.13148	0.05703	0.02109	0.02860	0.01708	0.02283	0.01419	0.03845	0.01045	0.00290	0.01162	0.00821	0.00458	0.01275
5	0.01101	0.00803	0.01037	0.01155	0.01266	0.00739	0.00799	0.01322	0.01893	0.02546	0.19354	0.47970	0.11883	0.02453	0.01085	0.00329	0.00477	0.02201	0.00846	0.00739
6	0.75506	0.01687	0.01282	0.01147	0.01687	0.01957	0.00945	0.02564	0.01484	0.03914	0.01215	0.01417	0.00945	0.00810	0.00540	0.00270	0.00675	0.00472	0.00540	0.00945
7	0.01220	0.00918	0.01149	0.01294	0.01408	0.00916	0.00891	0.01701	0.10303	0.02429	0.04629	0.59450	0.05327	0.02512	0.01081	0.00346	0.00532	0.02267	0.00821	0.00804
8	0.01445	0.00922	0.01217	0.01158	0.01379	0.00845	0.00862	0.01806	0.02337	0.08744	0.48168	0.16714	0.07271	0.01881	0.01030	0.00287	0.00457	0.01667	0.00945	0.00863
9	0.01206	0.00890	0.01126	0.01067	0.01285	0.00811	0.00800	0.01590	0.02401	0.03335	0.55671	0.06783	0.16103	0.01844	0.01029	0.00277	0.00416	0.01615	0.00939	0.00811
10	0.01491	0.00831	0.00850	0.00846	0.01065	0.00800	0.00634	0.01865	0.01903	0.03108	0.08151	0.04407	0.13707	0.01285	0.00715	0.00225	0.00413	0.01052	0.55853	0.00800
11	0.01647	0.01550	0.02616	0.67248	0.06008	0.01938	0.02422	0.02229	0.01744	0.02229	0.01550	0.02326	0.01163	0.00872	0.00872	0.00291	0.01163	0.00775	0.00388	0.00969
12	0.75506	0.01687	0.01282	0.01147	0.01687	0.01957	0.00945	0.02564	0.01484	0.03914	0.01215	0.01417	0.00945	0.00810	0.00540	0.00270	0.00675	0.00472	0.00540	0.00945
13	0.01955	0.01680	0.01772	0.01622	0.02066	0.01897	0.01252	0.03992	0.50878	0.03398	0.04362	0.07077	0.11475	0.01403	0.00919	0.00298	0.00646	0.01178	0.00873	0.01257
14	0.02900	0.02246	0.03390	0.02518	0.03267	0.02299	0.22369	0.29553	0.06145	0.12850	0.02245	0.02369	0.01584	0.00949	0.00929	0.00276	0.01095	0.00895	0.00751	0.01370
15	0.01206	0.00890	0.01126	0.01067	0.01285	0.00811	0.00800	0.01590	0.02401	0.03335	0.55671	0.06783	0.16103	0.01844	0.01029	0.00277	0.00416	0.01615	0.00939	0.00811
16	0.02162	0.01574	0.01886	0.01765	0.02163	0.01677	0.01506	0.25239	0.02837	0.03753	0.03619	0.06773	0.03620	0.01870	0.01073	0.00346	0.00865	0.35368	0.00831	0.01073
17	0.01219	0.00923	0.01143	0.01280	0.01404	0.00918	0.00884	0.01703	0.10317	0.02435	0.04808	0.56769	0.07893	0.02489	0.01078	0.00343	0.00529	0.02239	0.00821	0.00805
18	0.01150	0.00888	0.01048	0.01008	0.01251	0.00787	0.00756	0.01482	0.02269	0.03022	0.40665	0.07300	0.31305	0.01961	0.01030	0.00283	0.00424	0.01687	0.00898	0.00787
19	0.03361	0.02601	0.02544	0.02000	0.02661	0.11563	0.01628	0.47730	0.03726	0.10301	0.02109	0.02098	0.01493	0.01029	0.00861	0.00257	0.01028	0.00762	0.00831	0.01416
20	0.01809	0.01550	0.01809	0.01292	0.02067	0.01163	0.01034	0.02196	0.01809	0.02842	0.01550	0.01809	0.01292	0.00646	0.00646	0.00129	0.00646	0.00517	0.00517	0.74677
21	0.01816	0.01573	0.07779	0.05306	0.02434	0.01279	0.10734	0.02333	0.02311	0.11933	0.36090	0.04695	0.05234	0.01380	0.00981	0.00278	0.00748	0.01262	0.00810	0.01024
22	0.02102	0.44054	0.28370	0.01885	0.02846	0.02888	0.02176	0.02671	0.01800	0.02333	0.01352	0.01574	0.01114	0.00779	0.00666	0.00222	0.01074	0.00537	0.00371	0.01186
23	0.75506	0.01687	0.01282	0.01147	0.01687	0.01957	0.00945	0.02564	0.01484	0.03914	0.01215	0.01417	0.00945	0.00810	0.00540	0.00270	0.00675	0.00472	0.00540	0.00945
24	0.02074	0.01558	0.01782	0.01667	0.02085	0.01712	0.01339	0.03702	0.38077	0.08833	0.07978	0.05063	0.03581	0.01515	0.00974	0.00318	0.00703	0.14939	0.00889	0.01210
25	0.02321	0.03055	0.30631	0.02368	0.03321	0.01929	0.12210	0.03408	0.12811	0.15603	0.02339	0.02412	0.01636	0.00928	0.00883	0.00281	0.01101	0.00818	0.00619	0.01327
26	0.01750	0.04512	0.64825	0.02486	0.03775	0.02026	0.03223	0.02762	0.01842	0.02762	0.01565	0.01842	0.01105	0.00829	0.00829	0.00276	0.01289	0.00645	0.00368	0.01289
27	0.01318	0.01061	0.01106	0.01129	0.01397	0.00896	0.00809	0.01444	0.02071	0.02558	0.08088	0.18660	0.51283	0.02409	0.01141	0.00350	0.00549	0.01978	0.00883	0.00870

[dist]
# distance from previous block
# <min> <max>
5	19

# created by:
# /home/cegg/simao/soft/augustus-3.2.1/scripts/msa2prfl.pl ./align_prep/26441.fa
