[name]
unknown

[dist]
# distance from previous block
# <min> <max>
0	89

[block]
# block no. 0 follows, 24 sequences, length 36
# corresponding to MSA columns:
# 89-124
name=unknown_A
#
# <colnr> <probs for GDERKNQSTAVLIFYWHMCP>
#	G	D	E	R	K	N	Q	S	T	A	V	L	I	F	Y	W	H	M	C	P
0	0.01084	0.00795	0.00955	0.00956	0.01152	0.00721	0.00717	0.01379	0.01969	0.02683	0.34268	0.13509	0.24597	0.01810	0.00925	0.00264	0.00410	0.04719	0.06375	0.00712
1	0.01593	0.00902	0.01108	0.00998	0.01284	0.00809	0.00769	0.01914	0.02073	0.15234	0.32740	0.05297	0.19130	0.01493	0.00858	0.00244	0.00437	0.01274	0.10999	0.00844
2	0.01963	0.01884	0.03219	0.04867	0.67185	0.01884	0.02434	0.02434	0.01806	0.02591	0.01492	0.01963	0.01256	0.00707	0.00785	0.00236	0.00942	0.00707	0.00393	0.01256
3	0.01602	0.03917	0.62891	0.02246	0.03326	0.01888	0.02836	0.02464	0.01638	0.02464	0.01393	0.01679	0.01007	0.00803	0.00898	0.00259	0.06609	0.00594	0.00336	0.01148
4	0.01498	0.01409	0.02378	0.70226	0.05462	0.01762	0.02202	0.02026	0.01586	0.02026	0.01409	0.02114	0.01057	0.00793	0.00793	0.00264	0.01057	0.00705	0.00352	0.00881
5	0.01099	0.00791	0.00922	0.00900	0.01020	0.00742	0.00600	0.01272	0.01671	0.02241	0.26404	0.05939	0.17323	0.33082	0.02316	0.00484	0.00555	0.01357	0.00671	0.00613
6	0.02147	0.01517	0.02224	0.14907	0.20399	0.01537	0.01652	0.09441	0.02125	0.15860	0.10959	0.02842	0.04424	0.00966	0.00804	0.00239	0.00785	0.00843	0.00630	0.05702
7	0.01963	0.01884	0.03219	0.04867	0.67185	0.01884	0.02434	0.02434	0.01806	0.02591	0.01492	0.01963	0.01256	0.00707	0.00785	0.00236	0.00942	0.00707	0.00393	0.01256
8	0.02783	0.01902	0.05616	0.01818	0.06161	0.03808	0.01442	0.19429	0.14768	0.25896	0.02483	0.02344	0.01724	0.00936	0.00781	0.00239	0.00778	0.00751	0.00782	0.05559
9	0.01133	0.00850	0.01274	0.01274	0.01416	0.00991	0.00991	0.01416	0.01274	0.01841	0.02124	0.03115	0.01982	0.05947	0.68989	0.01274	0.02124	0.00850	0.00425	0.00708
10	0.01498	0.01409	0.02378	0.70226	0.05462	0.01762	0.02202	0.02026	0.01586	0.02026	0.01409	0.02114	0.01057	0.00793	0.00793	0.00264	0.01057	0.00705	0.00352	0.00881
11	0.01340	0.01198	0.01653	0.01579	0.01603	0.01511	0.01221	0.01495	0.01371	0.01968	0.02753	0.37661	0.03202	0.01952	0.01785	0.00334	0.34578	0.01496	0.00547	0.00753
12	0.01788	0.01433	0.01727	0.05639	0.02136	0.01155	0.01052	0.04162	0.01744	0.06295	0.01522	0.01742	0.01217	0.00635	0.00619	0.00138	0.00632	0.00511	0.00502	0.65351
13	0.01798	0.01767	0.12224	0.01821	0.02387	0.01350	0.15808	0.05593	0.02132	0.11990	0.26246	0.03834	0.07204	0.01166	0.00881	0.00254	0.00787	0.01076	0.00686	0.00999
14	0.00964	0.00699	0.00911	0.01081	0.01144	0.00646	0.00726	0.01107	0.01541	0.02034	0.04657	0.66609	0.10065	0.02447	0.01006	0.00318	0.00455	0.02209	0.00736	0.00646
15	0.02120	0.72609	0.04155	0.01357	0.02035	0.03138	0.01357	0.02374	0.01611	0.01866	0.01102	0.01272	0.01018	0.00678	0.00509	0.00170	0.00848	0.00424	0.00339	0.01018
16	0.02436	0.02002	0.13057	0.06504	0.22693	0.01608	0.01907	0.07700	0.02103	0.24365	0.05994	0.02403	0.01822	0.00885	0.00794	0.00244	0.00858	0.00761	0.00636	0.01229
17	0.02168	0.02019	0.02981	0.07705	0.49543	0.05646	0.02217	0.12807	0.02139	0.02926	0.01541	0.01932	0.01248	0.00758	0.00783	0.00236	0.00963	0.00697	0.00458	0.01233
18	0.00961	0.00708	0.00901	0.01056	0.01137	0.00648	0.00715	0.01110	0.01565	0.02043	0.04961	0.61307	0.15171	0.02408	0.01000	0.00313	0.00451	0.02161	0.00736	0.00648
19	0.02269	0.01837	0.02164	0.18116	0.03032	0.02114	0.01581	0.27449	0.25970	0.03670	0.02271	0.02341	0.01672	0.00959	0.00798	0.00256	0.00827	0.00779	0.00693	0.01202
20	0.01981	0.02010	0.02655	0.03130	0.27840	0.09304	0.01939	0.02490	0.08258	0.02328	0.01466	0.01919	0.01267	0.01025	0.01496	0.00280	0.28427	0.00700	0.00419	0.01067
21	0.01875	0.01962	0.08112	0.29717	0.17690	0.01932	0.13572	0.10619	0.01978	0.02675	0.01530	0.02024	0.01161	0.00770	0.00814	0.00254	0.01068	0.00739	0.00427	0.01080
22	0.01498	0.01409	0.02378	0.70226	0.05462	0.01762	0.02202	0.02026	0.01586	0.02026	0.01409	0.02114	0.01057	0.00793	0.00793	0.00264	0.01057	0.00705	0.00352	0.00881
23	0.01322	0.00962	0.01112	0.01168	0.01344	0.01006	0.00837	0.02048	0.18177	0.02533	0.03743	0.41056	0.03916	0.01829	0.00874	0.00283	0.00487	0.01621	0.14865	0.00820
24	0.01212	0.00971	0.01403	0.14121	0.05957	0.00988	0.01111	0.01581	0.01978	0.02723	0.39349	0.13496	0.08965	0.01544	0.00910	0.00262	0.00548	0.01373	0.00722	0.00786
25	0.12144	0.01839	0.03312	0.02444	0.03117	0.01777	0.36005	0.07251	0.01997	0.15267	0.01997	0.05768	0.01526	0.00853	0.00845	0.00261	0.01036	0.00896	0.00570	0.01094
26	0.01590	0.04102	0.68023	0.02260	0.03432	0.01842	0.02930	0.02511	0.01674	0.02511	0.01423	0.01674	0.01005	0.00753	0.00753	0.00251	0.01172	0.00586	0.00335	0.01172
27	0.03151	0.01318	0.01752	0.01372	0.01921	0.01178	0.01122	0.07083	0.02352	0.54108	0.12837	0.03148	0.02775	0.01078	0.00818	0.00246	0.00640	0.00890	0.00954	0.01257
28	0.01532	0.01444	0.02440	0.65418	0.10002	0.01771	0.02219	0.02056	0.01602	0.02068	0.01415	0.02103	0.01072	0.00786	0.00792	0.00262	0.01049	0.00705	0.00355	0.00909
29	0.01718	0.01079	0.01114	0.00991	0.01291	0.01107	0.00774	0.15601	0.02147	0.03257	0.03449	0.03594	0.13950	0.01132	0.00679	0.00212	0.00487	0.00907	0.45648	0.00861
30	0.01388	0.01297	0.01227	0.01313	0.01497	0.12329	0.01001	0.01612	0.01777	0.02128	0.04402	0.31329	0.14665	0.02039	0.00972	0.00305	0.00691	0.18629	0.00679	0.00719
31	0.01553	0.01505	0.13204	0.01387	0.01778	0.01064	0.01269	0.02030	0.05555	0.11081	0.10787	0.22177	0.07203	0.06195	0.01117	0.00319	0.00670	0.09522	0.00699	0.00883
32	0.01827	0.01746	0.02974	0.23937	0.49176	0.01848	0.02366	0.02315	0.01741	0.02426	0.01468	0.02007	0.01198	0.00732	0.00787	0.00244	0.00976	0.00706	0.00381	0.01147
33	0.01582	0.00770	0.00794	0.00773	0.00979	0.00760	0.00585	0.01949	0.01693	0.06197	0.02614	0.02944	0.02029	0.00927	0.00566	0.00188	0.00385	0.00742	0.72755	0.00770
34	0.01799	0.01381	0.02252	0.28437	0.07078	0.01483	0.08747	0.02362	0.06481	0.12037	0.06161	0.13678	0.02374	0.01144	0.00854	0.00269	0.00858	0.01052	0.00580	0.00975
35	0.01759	0.02036	0.11793	0.17134	0.34119	0.01802	0.05753	0.02430	0.06451	0.02493	0.01950	0.02340	0.04778	0.00825	0.00801	0.00249	0.00967	0.00768	0.00426	0.01127

[dist]
# distance from previous block
# <min> <max>
0	1

[block]
# block no. 1 follows, 24 sequences, length 13
# corresponding to MSA columns:
# 126-138
name=unknown_B
#
# <colnr> <probs for GDERKNQSTAVLIFYWHMCP>
#	G	D	E	R	K	N	Q	S	T	A	V	L	I	F	Y	W	H	M	C	P
0	0.02976	0.01506	0.01889	0.01669	0.06399	0.04177	0.01245	0.10837	0.02359	0.42904	0.07792	0.07866	0.02469	0.01113	0.00819	0.00248	0.00710	0.00926	0.00867	0.01226
1	0.61432	0.01609	0.01607	0.01866	0.15658	0.01802	0.01198	0.02353	0.01448	0.03350	0.01188	0.01433	0.00944	0.00730	0.00554	0.00243	0.00684	0.00489	0.00470	0.00944
2	0.01032	0.00794	0.00944	0.00935	0.01137	0.00706	0.00690	0.01312	0.01991	0.02643	0.36743	0.14204	0.30261	0.01871	0.00945	0.00265	0.00395	0.01622	0.00804	0.00706
3	0.01757	0.18069	0.02566	0.18003	0.10624	0.01867	0.01557	0.02099	0.01627	0.04924	0.01887	0.09361	0.03361	0.00990	0.00861	0.00228	0.06200	0.00797	0.00450	0.12773
4	0.02094	0.01349	0.01554	0.01360	0.01766	0.01424	0.01065	0.03346	0.32552	0.17399	0.16819	0.03539	0.03375	0.01159	0.00810	0.00252	0.00561	0.00977	0.07477	0.01122
5	0.01644	0.01409	0.01644	0.01175	0.01879	0.01057	0.00940	0.01997	0.01644	0.02584	0.01409	0.01644	0.01175	0.00587	0.00587	0.00117	0.00587	0.00470	0.00470	0.76979
6	0.02015	0.01467	0.01645	0.06276	0.08334	0.07191	0.01182	0.12055	0.02182	0.09306	0.10620	0.05758	0.05072	0.01087	0.00750	0.00228	0.00680	0.00900	0.22286	0.00966
7	0.01037	0.00795	0.00950	0.00936	0.01139	0.00708	0.00693	0.01322	0.02005	0.02672	0.38313	0.13429	0.29421	0.01856	0.00944	0.00264	0.00393	0.01609	0.00808	0.00708
8	0.01090	0.00850	0.01147	0.09450	0.01679	0.00884	0.00909	0.01304	0.01479	0.01937	0.04006	0.23888	0.16891	0.12933	0.17303	0.00590	0.00953	0.01455	0.00580	0.00670
9	0.01463	0.01093	0.01737	0.20892	0.02719	0.01168	0.05232	0.01818	0.01681	0.07898	0.07596	0.21979	0.03221	0.02088	0.09195	0.00410	0.00926	0.07460	0.00600	0.00824
10	0.01308	0.00913	0.01099	0.01066	0.01320	0.00849	0.00826	0.01731	0.06328	0.07475	0.27083	0.10487	0.25960	0.01785	0.00940	0.00274	0.00469	0.08487	0.00806	0.00793
11	0.02273	0.51457	0.11184	0.01513	0.02238	0.02748	0.01537	0.08685	0.01886	0.08007	0.01396	0.01506	0.01132	0.00741	0.00591	0.00192	0.00873	0.00504	0.00440	0.01097
12	0.02025	0.02219	0.21434	0.01820	0.02527	0.01504	0.07188	0.06514	0.06750	0.14773	0.07428	0.03216	0.02281	0.01048	0.00823	0.00252	0.00862	0.08065	0.00627	0.08644

[dist]
# distance from previous block
# <min> <max>
0	16

[block]
# block no. 2 follows, 24 sequences, length 23
# corresponding to MSA columns:
# 155-177
name=unknown_C
#
# <colnr> <probs for GDERKNQSTAVLIFYWHMCP>
#	G	D	E	R	K	N	Q	S	T	A	V	L	I	F	Y	W	H	M	C	P
0	0.21892	0.01518	0.01647	0.01385	0.01824	0.01666	0.01120	0.13984	0.06009	0.03131	0.01669	0.02015	0.01372	0.01968	0.15808	0.00456	0.06462	0.00634	0.00539	0.14898
1	0.01680	0.05825	0.01989	0.32670	0.07473	0.01467	0.01547	0.02117	0.01750	0.07525	0.09538	0.02732	0.02115	0.00922	0.00739	0.00236	0.00774	0.00788	0.17210	0.00904
2	0.00969	0.00732	0.00895	0.01008	0.01129	0.00659	0.00697	0.01142	0.01655	0.02141	0.09868	0.48024	0.23647	0.02282	0.00985	0.00301	0.00437	0.02024	0.00746	0.00659
3	0.01354	0.01031	0.01317	0.01296	0.01481	0.01086	0.00966	0.01659	0.05660	0.02135	0.03424	0.04312	0.13538	0.11530	0.44151	0.00985	0.01607	0.01078	0.00574	0.00814
4	0.01180	0.00849	0.01140	0.01300	0.01431	0.00840	0.01033	0.01500	0.03692	0.02226	0.04127	0.31151	0.04640	0.06512	0.01235	0.00371	0.00632	0.34722	0.00720	0.00701
5	0.01746	0.11039	0.56788	0.02136	0.03219	0.02019	0.02667	0.06885	0.01813	0.02621	0.01424	0.01649	0.01030	0.00760	0.00731	0.00242	0.01117	0.00578	0.00368	0.01169
6	0.01482	0.01288	0.02103	0.24029	0.20089	0.01443	0.01711	0.01843	0.01494	0.02056	0.01714	0.02582	0.01520	0.06783	0.21961	0.04540	0.01316	0.00776	0.00393	0.00876
7	0.01008	0.00799	0.00907	0.00895	0.01119	0.00697	0.00665	0.01269	0.01952	0.02521	0.29677	0.11136	0.40753	0.01895	0.00941	0.00264	0.00395	0.01622	0.00787	0.00697
8	0.01975	0.15052	0.21631	0.01898	0.02609	0.05420	0.08894	0.06311	0.06020	0.07592	0.02311	0.05669	0.06680	0.00991	0.00832	0.00244	0.03480	0.00809	0.00508	0.01073
9	0.72752	0.01521	0.01211	0.01068	0.01567	0.01738	0.00879	0.02434	0.01411	0.07867	0.01240	0.01383	0.00933	0.00753	0.00511	0.00245	0.00618	0.00454	0.00524	0.00892
10	0.13246	0.01252	0.01314	0.05793	0.01745	0.04632	0.00970	0.05550	0.01725	0.02614	0.03052	0.18104	0.09899	0.01700	0.05589	0.00317	0.00726	0.02951	0.07986	0.10835
11	0.02449	0.01940	0.02062	0.01710	0.02244	0.02195	0.01371	0.31834	0.37355	0.04087	0.02622	0.02476	0.01930	0.01019	0.00801	0.00255	0.00740	0.00813	0.00801	0.01298
12	0.07305	0.00891	0.01084	0.01037	0.01244	0.00849	0.00757	0.01662	0.01898	0.08922	0.34346	0.17296	0.07635	0.10036	0.01270	0.00324	0.00485	0.01421	0.00777	0.00760
13	0.01805	0.01723	0.02934	0.26984	0.46298	0.01843	0.02355	0.02296	0.01731	0.02400	0.01464	0.02014	0.01189	0.00736	0.00788	0.00245	0.00981	0.00706	0.00379	0.01129
14	0.02118	0.25077	0.21758	0.02126	0.02964	0.02199	0.17920	0.02672	0.01791	0.11788	0.01615	0.01814	0.01199	0.00741	0.00728	0.00228	0.01039	0.00655	0.00447	0.01122
15	0.01166	0.00804	0.01101	0.01101	0.01177	0.00879	0.00775	0.01281	0.01205	0.01683	0.02181	0.03790	0.02244	0.29511	0.38637	0.09013	0.01484	0.00942	0.00436	0.00588
16	0.00972	0.00725	0.00905	0.01028	0.01135	0.00658	0.00707	0.01142	0.01640	0.02141	0.10068	0.52064	0.19307	0.02310	0.00989	0.00304	0.00440	0.02059	0.00747	0.00658
17	0.01931	0.07804	0.13104	0.14850	0.02949	0.13377	0.05735	0.02276	0.01779	0.02272	0.01984	0.07077	0.01823	0.09534	0.05036	0.00392	0.01138	0.00863	0.05102	0.00973
18	0.02066	0.16469	0.12112	0.10708	0.14042	0.13196	0.01871	0.05832	0.08225	0.02481	0.04537	0.01992	0.01515	0.00828	0.00724	0.00227	0.00990	0.00653	0.00455	0.01076
19	0.02163	0.06626	0.10443	0.01983	0.08495	0.01796	0.01639	0.11981	0.04369	0.12880	0.02264	0.03143	0.01910	0.01149	0.01064	0.00269	0.10962	0.10242	0.05537	0.01086
20	0.01291	0.01039	0.01454	0.06729	0.01764	0.01220	0.01112	0.04322	0.01468	0.02046	0.02603	0.23860	0.02794	0.07999	0.25127	0.00679	0.11971	0.01258	0.00523	0.00741
21	0.01924	0.14857	0.02427	0.01960	0.10337	0.08259	0.05395	0.05392	0.03431	0.06265	0.06084	0.07029	0.02069	0.01998	0.12807	0.06400	0.01087	0.00835	0.00508	0.00936
22	0.01947	0.06552	0.11036	0.02464	0.20722	0.01569	0.01716	0.06697	0.01950	0.11428	0.06757	0.09460	0.04252	0.01398	0.04337	0.00307	0.00874	0.04871	0.00587	0.01077

[dist]
# distance from previous block
# <min> <max>
1	33

[block]
# block no. 3 follows, 24 sequences, length 37
# corresponding to MSA columns:
# 211-247
name=unknown_D
#
# <colnr> <probs for GDERKNQSTAVLIFYWHMCP>
#	G	D	E	R	K	N	Q	S	T	A	V	L	I	F	Y	W	H	M	C	P
0	0.14393	0.06614	0.08927	0.01775	0.06016	0.01758	0.04395	0.06991	0.07150	0.11856	0.01805	0.01985	0.01373	0.01173	0.05364	0.00300	0.05112	0.00645	0.00554	0.11815
1	0.02514	0.09104	0.09049	0.01792	0.06590	0.07561	0.01484	0.11408	0.04271	0.19544	0.01940	0.01963	0.01401	0.00809	0.00711	0.00206	0.00834	0.00629	0.00620	0.17573
2	0.02148	0.09438	0.17543	0.08030	0.08367	0.09109	0.03799	0.02756	0.06165	0.13947	0.05635	0.02547	0.03614	0.00933	0.00772	0.00242	0.00942	0.02367	0.00549	0.01095
3	0.02363	0.01111	0.01452	0.01267	0.01654	0.01009	0.00982	0.02753	0.06301	0.35626	0.09339	0.22432	0.07222	0.01522	0.00878	0.00270	0.00570	0.01316	0.00878	0.01054
4	0.01663	0.01407	0.01778	0.01867	0.08636	0.08150	0.04999	0.01966	0.03705	0.07880	0.03046	0.35541	0.03262	0.01911	0.04276	0.00336	0.06626	0.01464	0.00622	0.00866
5	0.01997	0.12832	0.20744	0.10260	0.14295	0.02101	0.07875	0.09645	0.05607	0.04859	0.01617	0.01891	0.01226	0.00780	0.00753	0.00239	0.01005	0.00668	0.00454	0.01152
6	0.01195	0.00935	0.01350	0.01631	0.10263	0.00918	0.01050	0.01486	0.01756	0.02418	0.20406	0.25410	0.08057	0.02481	0.11186	0.00435	0.00774	0.06797	0.00678	0.00774
7	0.02891	0.01163	0.01527	0.01242	0.01715	0.01030	0.00999	0.03196	0.02075	0.48272	0.03123	0.08784	0.02265	0.01101	0.00765	0.00239	0.00591	0.00913	0.16953	0.01159
8	0.04764	0.11594	0.02116	0.07663	0.06405	0.06058	0.04940	0.01859	0.01471	0.01986	0.01794	0.02749	0.01691	0.13463	0.27333	0.00707	0.01407	0.00776	0.00413	0.00812
9	0.01920	0.02158	0.11581	0.09031	0.16595	0.01921	0.25165	0.02609	0.06074	0.06452	0.01695	0.02097	0.01290	0.00805	0.00994	0.00264	0.06994	0.00793	0.00445	0.01116
10	0.01041	0.00831	0.00899	0.00911	0.01113	0.00756	0.00648	0.01325	0.05137	0.02169	0.10391	0.15894	0.41270	0.12385	0.01400	0.00348	0.00475	0.01620	0.00711	0.00675
11	0.77733	0.01534	0.01166	0.01043	0.01534	0.01779	0.00859	0.02331	0.01350	0.03558	0.01104	0.01288	0.00859	0.00736	0.00491	0.00245	0.00613	0.00429	0.00491	0.00859
12	0.01975	0.02290	0.21624	0.02378	0.10857	0.01585	0.12933	0.02685	0.06204	0.13987	0.12787	0.02765	0.02413	0.00938	0.00831	0.00252	0.00917	0.00862	0.00587	0.01130
13	0.02148	0.01078	0.01385	0.01215	0.01598	0.00974	0.00972	0.02532	0.05008	0.29728	0.16190	0.08955	0.15670	0.01512	0.00893	0.00268	0.00558	0.07448	0.00867	0.00999
14	0.01038	0.00800	0.00949	0.00928	0.01137	0.00710	0.00689	0.01328	0.02022	0.02690	0.39214	0.11021	0.30945	0.01833	0.00941	0.00262	0.00391	0.01584	0.00809	0.00710
15	0.12893	0.01373	0.01755	0.01365	0.01963	0.01243	0.01127	0.03672	0.02154	0.59657	0.02874	0.02521	0.01824	0.00951	0.00759	0.00245	0.00667	0.00751	0.00920	0.01288
16	0.01785	0.01560	0.02579	0.31641	0.23423	0.01702	0.05564	0.02391	0.06054	0.06397	0.07391	0.02495	0.01834	0.00862	0.00812	0.00254	0.00926	0.00801	0.00481	0.01048
17	0.01117	0.00809	0.01086	0.01254	0.01386	0.00778	0.00992	0.01372	0.01694	0.02206	0.04592	0.35428	0.10051	0.02300	0.01047	0.00339	0.00588	0.31539	0.00733	0.00689
18	0.01735	0.01735	0.02429	0.02082	0.02082	0.02429	0.01735	0.01908	0.01214	0.01908	0.01041	0.01735	0.01041	0.01388	0.02602	0.00347	0.70680	0.00694	0.00347	0.00867
19	0.02369	0.40869	0.06796	0.01639	0.02253	0.20716	0.01492	0.06871	0.06242	0.02227	0.01349	0.01492	0.01134	0.00765	0.00617	0.00195	0.01009	0.00507	0.00419	0.01037
20	0.02811	0.01296	0.01747	0.01421	0.01846	0.01268	0.01146	0.03061	0.01964	0.45558	0.03137	0.07188	0.05918	0.05946	0.01306	0.00302	0.11179	0.00946	0.00823	0.01136
21	0.28039	0.25616	0.08097	0.01549	0.02155	0.15952	0.04010	0.02540	0.01668	0.02541	0.01176	0.01380	0.00971	0.00732	0.00583	0.00213	0.00934	0.00479	0.00407	0.00958
22	0.01022	0.00805	0.00927	0.00976	0.01177	0.00727	0.00739	0.01239	0.01727	0.02156	0.08851	0.15946	0.40051	0.06271	0.04367	0.00365	0.00560	0.10712	0.00712	0.00670
23	0.01151	0.00887	0.01061	0.01004	0.01234	0.00836	0.00757	0.01646	0.07695	0.02937	0.46764	0.06084	0.21640	0.01669	0.00925	0.00256	0.00403	0.01446	0.00834	0.00773
24	0.01735	0.01735	0.02429	0.02082	0.02082	0.02429	0.01735	0.01908	0.01214	0.01908	0.01041	0.01735	0.01041	0.01388	0.02602	0.00347	0.70680	0.00694	0.00347	0.00867
25	0.77733	0.01534	0.01166	0.01043	0.01534	0.01779	0.00859	0.02331	0.01350	0.03558	0.01104	0.01288	0.00859	0.00736	0.00491	0.00245	0.00613	0.00429	0.00491	0.00859
26	0.02120	0.72609	0.04155	0.01357	0.02035	0.03138	0.01357	0.02374	0.01611	0.01866	0.01102	0.01272	0.01018	0.00678	0.00509	0.00170	0.00848	0.00424	0.00339	0.01018
27	0.00966	0.00690	0.00920	0.01104	0.01150	0.00644	0.00736	0.01104	0.01518	0.02024	0.04371	0.71614	0.05245	0.02484	0.01012	0.00322	0.00460	0.02254	0.00736	0.00644
28	0.01972	0.01703	0.01793	0.01614	0.02062	0.01972	0.01255	0.04214	0.65752	0.03317	0.03228	0.02959	0.02421	0.01076	0.00807	0.00269	0.00628	0.00897	0.00807	0.01255
29	0.01972	0.01703	0.01793	0.01614	0.02062	0.01972	0.01255	0.04214	0.65752	0.03317	0.03228	0.02959	0.02421	0.01076	0.00807	0.00269	0.00628	0.00897	0.00807	0.01255
30	0.03014	0.02221	0.02380	0.01825	0.02459	0.02459	0.01507	0.64541	0.03728	0.04998	0.01904	0.01904	0.01349	0.00952	0.00793	0.00238	0.00873	0.00714	0.00793	0.01349
31	0.02962	0.03779	0.02247	0.02043	0.02451	0.68948	0.01532	0.03166	0.02247	0.01941	0.01226	0.01430	0.01021	0.00817	0.00715	0.00204	0.01430	0.00511	0.00409	0.00919
32	0.01299	0.00856	0.01111	0.01155	0.01319	0.00817	0.00892	0.01556	0.01781	0.06300	0.18143	0.14115	0.09005	0.15478	0.01588	0.00398	0.00602	0.22143	0.00730	0.00710
33	0.01213	0.00878	0.01197	0.01363	0.01538	0.00862	0.01159	0.01539	0.01790	0.02314	0.04553	0.15775	0.10091	0.02207	0.01072	0.00352	0.00672	0.49977	0.00731	0.00715
34	0.01255	0.01033	0.01490	0.01708	0.12300	0.00965	0.04385	0.01573	0.01857	0.02541	0.19725	0.15938	0.22365	0.01608	0.00890	0.00259	0.00542	0.01427	0.07327	0.00810
35	0.01793	0.02177	0.17957	0.22241	0.14222	0.01777	0.02138	0.12255	0.02007	0.02746	0.01914	0.06625	0.01665	0.01011	0.00820	0.00264	0.00973	0.05871	0.00481	0.01062
36	0.08737	0.10169	0.12351	0.01721	0.02357	0.08153	0.05692	0.15328	0.02219	0.14254	0.01988	0.06137	0.01557	0.00938	0.00733	0.00235	0.00891	0.00743	0.04686	0.01110

[dist]
# distance from previous block
# <min> <max>
2	12

[block]
# block no. 4 follows, 24 sequences, length 13
# corresponding to MSA columns:
# 260-272
name=unknown_E
#
# <colnr> <probs for GDERKNQSTAVLIFYWHMCP>
#	G	D	E	R	K	N	Q	S	T	A	V	L	I	F	Y	W	H	M	C	P
0	0.17445	0.06133	0.05967	0.01453	0.01893	0.01740	0.01266	0.04683	0.17742	0.02915	0.05626	0.03373	0.05776	0.01179	0.00926	0.00266	0.07243	0.08619	0.00609	0.05145
1	0.02247	0.26261	0.02979	0.11924	0.02766	0.07683	0.04945	0.12489	0.13545	0.05167	0.01769	0.01913	0.01373	0.00831	0.00700	0.00223	0.00910	0.00645	0.00529	0.01099
2	0.01126	0.00937	0.01018	0.01082	0.01227	0.05011	0.00765	0.01339	0.01798	0.02328	0.20354	0.39067	0.16862	0.02076	0.00960	0.00287	0.00490	0.01833	0.00749	0.00692
3	0.01637	0.01233	0.01413	0.01280	0.01613	0.01303	0.00987	0.02809	0.29863	0.07307	0.31387	0.04533	0.08615	0.01367	0.00871	0.00259	0.00505	0.01174	0.00843	0.01002
4	0.01305	0.00825	0.01082	0.01111	0.01279	0.00764	0.00819	0.01554	0.01847	0.08665	0.24024	0.30757	0.08390	0.05831	0.01139	0.00318	0.00497	0.08258	0.00788	0.00746
5	0.00940	0.00794	0.00813	0.00829	0.01078	0.00667	0.00614	0.01135	0.01783	0.02132	0.07718	0.13145	0.61553	0.02049	0.00944	0.00272	0.00407	0.01724	0.00736	0.00667
6	0.02120	0.72609	0.04155	0.01357	0.02035	0.03138	0.01357	0.02374	0.01611	0.01866	0.01102	0.01272	0.01018	0.00678	0.00509	0.00170	0.00848	0.00424	0.00339	0.01018
7	0.01153	0.00769	0.00865	0.00865	0.00865	0.00769	0.00480	0.01153	0.01153	0.01538	0.02499	0.05189	0.02883	0.72131	0.04036	0.00769	0.00769	0.01153	0.00480	0.00480
8	0.77733	0.01534	0.01166	0.01043	0.01534	0.01779	0.00859	0.02331	0.01350	0.03558	0.01104	0.01288	0.00859	0.00736	0.00491	0.00245	0.00613	0.00429	0.00491	0.00859
9	0.00966	0.00690	0.00920	0.01104	0.01150	0.00644	0.00736	0.01104	0.01518	0.02024	0.04371	0.71614	0.05245	0.02484	0.01012	0.00322	0.00460	0.02254	0.00736	0.00644
10	0.14927	0.01544	0.01790	0.01437	0.02005	0.01556	0.01173	0.10900	0.13334	0.38942	0.02680	0.02427	0.01795	0.00956	0.00750	0.00249	0.00680	0.00747	0.00851	0.01256
11	0.02448	0.02440	0.02229	0.02301	0.13929	0.24723	0.01528	0.18123	0.07905	0.02961	0.04971	0.02351	0.01760	0.07586	0.01078	0.00279	0.01020	0.00736	0.00565	0.01066
12	0.02356	0.01917	0.01904	0.01593	0.02030	0.09693	0.01256	0.36350	0.02947	0.03853	0.13490	0.13552	0.02991	0.01294	0.00843	0.00249	0.00786	0.01058	0.00753	0.01083

[dist]
# distance from previous block
# <min> <max>
0	17

[block]
# block no. 5 follows, 24 sequences, length 26
# corresponding to MSA columns:
# 290-315
name=unknown_F
#
# <colnr> <probs for GDERKNQSTAVLIFYWHMCP>
#	G	D	E	R	K	N	Q	S	T	A	V	L	I	F	Y	W	H	M	C	P
0	0.02220	0.02146	0.03365	0.02636	0.06010	0.05676	0.30835	0.17325	0.15283	0.03239	0.01978	0.02205	0.01477	0.00827	0.00858	0.00256	0.01073	0.00843	0.00575	0.01172
1	0.01901	0.01738	0.06031	0.01442	0.02046	0.01526	0.01219	0.13721	0.09484	0.02999	0.01771	0.02103	0.01455	0.05808	0.01013	0.00224	0.04475	0.00632	0.00554	0.39858
2	0.01907	0.01494	0.01594	0.01457	0.01768	0.05091	0.01101	0.25425	0.06029	0.03219	0.03202	0.37534	0.03381	0.01734	0.00902	0.00281	0.00678	0.01500	0.00744	0.00960
3	0.02145	0.01316	0.01636	0.01251	0.01857	0.01057	0.01016	0.02486	0.01883	0.21756	0.06712	0.02756	0.02083	0.00886	0.00708	0.00181	0.00608	0.04836	0.00666	0.44162
4	0.01590	0.04102	0.68023	0.02260	0.03432	0.01842	0.02930	0.02511	0.01674	0.02511	0.01423	0.01674	0.01005	0.00753	0.00753	0.00251	0.01172	0.00586	0.00335	0.01172
5	0.01984	0.55012	0.20560	0.01589	0.02394	0.02805	0.01761	0.02410	0.01627	0.02032	0.01185	0.01375	0.01014	0.00698	0.00572	0.00191	0.00931	0.00466	0.00338	0.01057
6	0.01774	0.01668	0.02869	0.12816	0.43036	0.01706	0.06561	0.02248	0.01785	0.02474	0.01965	0.03224	0.01808	0.00976	0.00851	0.00264	0.00948	0.11480	0.00447	0.01101
7	0.16608	0.01382	0.01722	0.01346	0.01938	0.01273	0.01112	0.03595	0.02108	0.56443	0.02772	0.02451	0.01769	0.00938	0.00743	0.00245	0.00664	0.00733	0.00895	0.01263
8	0.01122	0.00811	0.01060	0.00998	0.01185	0.00748	0.00748	0.01496	0.02245	0.03180	0.66766	0.05923	0.07482	0.01621	0.00935	0.00249	0.00374	0.01434	0.00873	0.00748
9	0.02120	0.72609	0.04155	0.01357	0.02035	0.03138	0.01357	0.02374	0.01611	0.01866	0.01102	0.01272	0.01018	0.00678	0.00509	0.00170	0.00848	0.00424	0.00339	0.01018
10	0.00966	0.00690	0.00920	0.01104	0.01150	0.00644	0.00736	0.01104	0.01518	0.02024	0.04371	0.71614	0.05245	0.02484	0.01012	0.00322	0.00460	0.02254	0.00736	0.00644
11	0.01133	0.00850	0.01274	0.01274	0.01416	0.00991	0.00991	0.01416	0.01274	0.01841	0.02124	0.03115	0.01982	0.05947	0.68989	0.01274	0.02124	0.00850	0.00425	0.00708
12	0.01122	0.00811	0.01060	0.00998	0.01185	0.00748	0.00748	0.01496	0.02245	0.03180	0.66766	0.05923	0.07482	0.01621	0.00935	0.00249	0.00374	0.01434	0.00873	0.00748
13	0.01093	0.00781	0.01066	0.01249	0.01351	0.00754	0.00957	0.01324	0.01643	0.02166	0.04301	0.46067	0.04967	0.02365	0.01046	0.00340	0.00570	0.26548	0.00734	0.00679
14	0.01590	0.04102	0.68023	0.02260	0.03432	0.01842	0.02930	0.02511	0.01674	0.02511	0.01423	0.01674	0.01005	0.00753	0.00753	0.00251	0.01172	0.00586	0.00335	0.01172
15	0.01498	0.01409	0.02378	0.70226	0.05462	0.01762	0.02202	0.02026	0.01586	0.02026	0.01409	0.02114	0.01057	0.00793	0.00793	0.00264	0.01057	0.00705	0.00352	0.00881
16	0.03558	0.01350	0.01840	0.01411	0.02024	0.01166	0.01166	0.03865	0.02270	0.67734	0.03128	0.02699	0.01963	0.00981	0.00797	0.00245	0.00675	0.00797	0.00981	0.01350
17	0.01105	0.00748	0.00879	0.00927	0.00939	0.00736	0.00547	0.01140	0.01248	0.01664	0.02984	0.22426	0.03496	0.54058	0.03251	0.00653	0.00689	0.01439	0.00547	0.00523
18	0.01807	0.01396	0.01972	0.01648	0.02029	0.03674	0.12104	0.06416	0.06016	0.11834	0.03910	0.21344	0.15588	0.01542	0.00999	0.00279	0.04459	0.01360	0.00689	0.00934
19	0.03014	0.02221	0.02380	0.01825	0.02459	0.02459	0.01507	0.64541	0.03728	0.04998	0.01904	0.01904	0.01349	0.00952	0.00793	0.00238	0.00873	0.00714	0.00793	0.01349
20	0.01896	0.01626	0.01727	0.01575	0.01993	0.01871	0.01216	0.03977	0.60861	0.03219	0.03315	0.08186	0.02636	0.01183	0.00823	0.00273	0.00615	0.01000	0.00801	0.01209
21	0.01735	0.01735	0.02429	0.02082	0.02082	0.02429	0.01735	0.01908	0.01214	0.01908	0.01041	0.01735	0.01041	0.01388	0.02602	0.00347	0.70680	0.00694	0.00347	0.00867
22	0.01389	0.06645	0.04475	0.05036	0.01800	0.01126	0.01020	0.01764	0.01906	0.02705	0.29345	0.03967	0.09614	0.01172	0.00777	0.00204	0.00554	0.00995	0.00640	0.24867
23	0.06397	0.06692	0.10929	0.02344	0.07140	0.20918	0.12115	0.06633	0.01956	0.05790	0.01433	0.01734	0.01128	0.00859	0.01001	0.00246	0.10551	0.00647	0.00443	0.01043
24	0.02667	0.01590	0.01847	0.01506	0.01991	0.01641	0.01205	0.31543	0.02766	0.21630	0.02779	0.16325	0.02346	0.01270	0.00826	0.00254	0.00707	0.01051	0.04881	0.01173
25	0.01945	0.23387	0.24157	0.01968	0.08959	0.02019	0.01877	0.02462	0.01708	0.07309	0.01462	0.01656	0.01141	0.00710	0.00654	0.00198	0.00897	0.00543	0.00419	0.16531

[dist]
# distance from previous block
# <min> <max>
0	1

[block]
# block no. 6 follows, 24 sequences, length 9
# corresponding to MSA columns:
# 317-325
name=unknown_G
#
# <colnr> <probs for GDERKNQSTAVLIFYWHMCP>
#	G	D	E	R	K	N	Q	S	T	A	V	L	I	F	Y	W	H	M	C	P
0	0.10029	0.21946	0.19399	0.01767	0.05967	0.07514	0.01677	0.02386	0.01693	0.05369	0.01760	0.07106	0.03058	0.00897	0.00671	0.00219	0.00891	0.00683	0.00443	0.06524
1	0.01063	0.00742	0.00948	0.01075	0.01123	0.00716	0.00725	0.01187	0.01444	0.01917	0.03771	0.43270	0.04430	0.23969	0.01957	0.00465	0.00589	0.09348	0.00656	0.00604
2	0.01200	0.00781	0.01044	0.01028	0.01124	0.00772	0.00726	0.01307	0.01588	0.02202	0.27022	0.04744	0.04268	0.17704	0.09410	0.19234	0.00740	0.03915	0.00604	0.00586
3	0.02196	0.30978	0.18183	0.01755	0.02507	0.04672	0.05031	0.06123	0.09532	0.09351	0.01718	0.01802	0.01310	0.00794	0.00676	0.00218	0.00925	0.00603	0.00492	0.01134
4	0.01768	0.02655	0.33723	0.11440	0.03082	0.01682	0.02184	0.02362	0.01655	0.10440	0.01936	0.10255	0.01645	0.01081	0.01046	0.00274	0.10413	0.00843	0.00468	0.01049
5	0.01369	0.00936	0.01140	0.01075	0.01325	0.00887	0.00809	0.01876	0.08857	0.08405	0.35995	0.13526	0.17364	0.01684	0.00919	0.00263	0.00442	0.01465	0.00833	0.00827
6	0.01119	0.00825	0.01181	0.09795	0.01781	0.00840	0.01026	0.01324	0.01561	0.02058	0.03797	0.46331	0.04365	0.02229	0.01120	0.04671	0.00602	0.14035	0.00665	0.00674
7	0.01769	0.10774	0.14868	0.27704	0.11295	0.01793	0.02016	0.02269	0.01683	0.07809	0.01847	0.09378	0.01591	0.00958	0.00773	0.00251	0.00942	0.00821	0.00447	0.01013
8	0.17516	0.01626	0.01947	0.01719	0.07397	0.01635	0.01289	0.17204	0.02386	0.35853	0.02328	0.02188	0.01554	0.00905	0.00737	0.00243	0.00730	0.00701	0.00796	0.01248

[dist]
# distance from previous block
# <min> <max>
5	15

[block]
# block no. 7 follows, 24 sequences, length 18
# corresponding to MSA columns:
# 342-359
name=unknown_H
#
# <colnr> <probs for GDERKNQSTAVLIFYWHMCP>
#	G	D	E	R	K	N	Q	S	T	A	V	L	I	F	Y	W	H	M	C	P
0	0.01899	0.01890	0.06928	0.24898	0.03354	0.09244	0.05620	0.05353	0.05333	0.07344	0.12445	0.02688	0.02275	0.01003	0.00951	0.00258	0.06180	0.00826	0.00538	0.00972
1	0.05313	0.06852	0.02662	0.29145	0.13918	0.01957	0.06582	0.02247	0.05584	0.02280	0.01601	0.05269	0.01368	0.00940	0.01034	0.00267	0.10820	0.00772	0.00414	0.00975
2	0.02779	0.01763	0.02253	0.02146	0.12948	0.01807	0.01503	0.22650	0.06717	0.24494	0.02237	0.02212	0.01574	0.00925	0.00875	0.00239	0.04498	0.00733	0.00741	0.06906
3	0.02120	0.29684	0.17394	0.02452	0.16571	0.06497	0.04896	0.02584	0.01768	0.07078	0.01437	0.01664	0.01146	0.00731	0.00676	0.00214	0.00984	0.00577	0.00405	0.01123
4	0.02741	0.01869	0.11438	0.01718	0.02409	0.01453	0.07076	0.03470	0.11911	0.37878	0.02638	0.02466	0.01771	0.00906	0.00790	0.00242	0.00791	0.00771	0.00773	0.06889
5	0.01743	0.01661	0.01516	0.01392	0.01732	0.12524	0.01062	0.02817	0.27747	0.02885	0.22147	0.04224	0.12656	0.01323	0.00847	0.00252	0.00655	0.01098	0.00750	0.00970
6	0.01063	0.00751	0.00927	0.01010	0.01078	0.00716	0.00671	0.01193	0.01497	0.01988	0.09580	0.33721	0.09254	0.26710	0.02062	0.00470	0.00573	0.05472	0.00659	0.00604
7	0.02171	0.11919	0.03105	0.02476	0.11488	0.02258	0.13877	0.12665	0.10153	0.05931	0.01739	0.02009	0.01368	0.00924	0.01124	0.00259	0.14142	0.00739	0.00523	0.01132
8	0.02139	0.01692	0.02689	0.24278	0.33108	0.01796	0.02100	0.08082	0.01976	0.11850	0.01735	0.02108	0.01303	0.00794	0.00790	0.00246	0.00934	0.00720	0.00499	0.01162
9	0.01009	0.00708	0.00907	0.01049	0.01084	0.00673	0.00677	0.01115	0.01434	0.01912	0.03938	0.56256	0.04699	0.18587	0.01711	0.00425	0.00531	0.02000	0.00677	0.00606
10	0.02117	0.12223	0.18691	0.02064	0.08253	0.11465	0.01823	0.11911	0.05077	0.04770	0.01679	0.01961	0.01332	0.01600	0.11232	0.00388	0.01203	0.00646	0.00478	0.01088
11	0.02029	0.07274	0.06021	0.03173	0.18138	0.01889	0.32722	0.02560	0.01852	0.09410	0.01856	0.06079	0.01508	0.00819	0.00852	0.00253	0.01082	0.00893	0.00473	0.01118
12	0.01122	0.00811	0.01060	0.00998	0.01185	0.00748	0.00748	0.01496	0.02245	0.03180	0.66766	0.05923	0.07482	0.01621	0.00935	0.00249	0.00374	0.01434	0.00873	0.00748
13	0.01524	0.01462	0.02543	0.65431	0.05367	0.01779	0.06654	0.02063	0.01606	0.02063	0.01423	0.02116	0.01068	0.00784	0.00803	0.00264	0.01077	0.00721	0.00356	0.00894
14	0.02225	0.01295	0.01804	0.09068	0.02292	0.01278	0.04572	0.10446	0.02132	0.24176	0.03412	0.17032	0.07323	0.01441	0.00888	0.00277	0.00722	0.07825	0.00764	0.01028
15	0.01498	0.01409	0.02378	0.70226	0.05462	0.01762	0.02202	0.02026	0.01586	0.02026	0.01409	0.02114	0.01057	0.00793	0.00793	0.00264	0.01057	0.00705	0.00352	0.00881
16	0.77733	0.01534	0.01166	0.01043	0.01534	0.01779	0.00859	0.02331	0.01350	0.03558	0.01104	0.01288	0.00859	0.00736	0.00491	0.00245	0.00613	0.00429	0.00491	0.00859
17	0.01498	0.01409	0.02378	0.70226	0.05462	0.01762	0.02202	0.02026	0.01586	0.02026	0.01409	0.02114	0.01057	0.00793	0.00793	0.00264	0.01057	0.00705	0.00352	0.00881

[dist]
# distance from previous block
# <min> <max>
0	58

# created by:
# /home/cegg/simao/soft/augustus-3.2.1/scripts/msa2prfl.pl ./align_prep/27268.fa
