[name]
unknown

[dist]
# distance from previous block
# <min> <max>
0	45

[block]
# block no. 0 follows, 25 sequences, length 43
# corresponding to MSA columns:
# 48-90
name=unknown_A
#
# <colnr> <probs for GDERKNQSTAVLIFYWHMCP>
#	G	D	E	R	K	N	Q	S	T	A	V	L	I	F	Y	W	H	M	C	P
0	0.01608	0.01378	0.01608	0.01148	0.01837	0.01034	0.00919	0.01952	0.01608	0.02527	0.01378	0.01608	0.01148	0.00574	0.00574	0.00115	0.00574	0.00459	0.00459	0.77491
1	0.02174	0.01787	0.01891	0.01627	0.02110	0.02043	0.01287	0.18838	0.51397	0.03639	0.02845	0.02645	0.02115	0.01023	0.00786	0.00256	0.00671	0.00834	0.00786	0.01249
2	0.01191	0.00920	0.01206	0.01232	0.01276	0.01028	0.00901	0.01324	0.01363	0.01858	0.03054	0.26853	0.03514	0.25417	0.02260	0.00471	0.13380	0.11555	0.00568	0.00630
3	0.01018	0.00758	0.00948	0.00967	0.01127	0.00688	0.00700	0.01286	0.01910	0.02589	0.37839	0.24741	0.18783	0.01897	0.00936	0.00267	0.00395	0.01674	0.00789	0.00688
4	0.01867	0.02548	0.26041	0.02813	0.15836	0.01736	0.18859	0.02588	0.04652	0.08648	0.05400	0.02194	0.01585	0.00788	0.00806	0.00247	0.01032	0.00765	0.00464	0.01132
5	0.01298	0.00878	0.01135	0.01092	0.01219	0.00925	0.00800	0.01480	0.07485	0.01973	0.09860	0.03768	0.14567	0.02420	0.07931	0.33651	0.05005	0.00966	0.02949	0.00597
6	0.12815	0.11081	0.23811	0.02451	0.17723	0.06004	0.03732	0.02486	0.01684	0.06070	0.01408	0.01652	0.01085	0.00721	0.00677	0.00223	0.00947	0.00571	0.00409	0.04453
7	0.16220	0.01910	0.02571	0.05858	0.12510	0.08578	0.12353	0.02258	0.01550	0.02421	0.01246	0.01700	0.01050	0.00889	0.01230	0.00260	0.21108	0.00643	0.00394	0.05252
8	0.01034	0.00739	0.01003	0.01182	0.01266	0.00707	0.00876	0.01235	0.01573	0.02080	0.04224	0.53568	0.04932	0.02345	0.01014	0.00327	0.00528	0.19996	0.00718	0.00655
9	0.02182	0.01757	0.02437	0.35325	0.03906	0.02011	0.05369	0.29273	0.02486	0.05245	0.01647	0.01997	0.01191	0.00841	0.00783	0.00247	0.00960	0.00708	0.00551	0.01082
10	0.01128	0.00752	0.00846	0.00846	0.00846	0.00752	0.00470	0.01128	0.01128	0.01503	0.02443	0.05074	0.02819	0.72751	0.03946	0.00752	0.00752	0.01128	0.00470	0.00470
11	0.00996	0.00715	0.00946	0.01044	0.01136	0.00664	0.00724	0.01210	0.01725	0.02362	0.25715	0.49711	0.05870	0.02143	0.00964	0.00291	0.00421	0.01932	0.00765	0.00664
12	0.00925	0.00775	0.00804	0.00819	0.01058	0.00655	0.00606	0.01121	0.01755	0.02117	0.09451	0.13394	0.59879	0.01994	0.00923	0.00266	0.00397	0.01681	0.00724	0.00655
13	0.01322	0.00998	0.01281	0.01393	0.01596	0.01040	0.01150	0.01983	0.13881	0.02432	0.03957	0.19102	0.04189	0.01989	0.01003	0.00332	0.00647	0.40178	0.00729	0.00795
14	0.16368	0.59755	0.03514	0.01269	0.01898	0.02819	0.01235	0.02314	0.01527	0.02135	0.01078	0.01247	0.00966	0.00674	0.00494	0.00180	0.00786	0.00416	0.00359	0.00966
15	0.03060	0.01239	0.01696	0.01389	0.01909	0.01093	0.01160	0.03371	0.02138	0.56037	0.03255	0.03785	0.02397	0.01182	0.00834	0.00262	0.00670	0.12402	0.00914	0.01206
16	0.01608	0.01378	0.01608	0.01148	0.01837	0.01034	0.00919	0.01952	0.01608	0.02527	0.01378	0.01608	0.01148	0.00574	0.00574	0.00115	0.00574	0.00459	0.00459	0.77491
17	0.02097	0.02361	0.02292	0.35243	0.07725	0.29285	0.01851	0.02572	0.05326	0.02048	0.01406	0.01831	0.01103	0.00795	0.00745	0.00233	0.01152	0.00622	0.00393	0.00918
18	0.02153	0.50901	0.03929	0.01755	0.02425	0.06317	0.14104	0.02483	0.01699	0.05961	0.01302	0.01506	0.01087	0.00686	0.00609	0.00191	0.00945	0.00541	0.00385	0.01019
19	0.10310	0.05584	0.01937	0.01478	0.01913	0.05890	0.04291	0.26691	0.06284	0.03352	0.01931	0.02509	0.01631	0.14359	0.01306	0.00324	0.00801	0.00746	0.07670	0.00991
20	0.02645	0.03755	0.14687	0.02037	0.02577	0.56904	0.01755	0.02976	0.02092	0.02002	0.01235	0.01443	0.00996	0.00787	0.00706	0.00208	0.01351	0.00513	0.00386	0.00945
21	0.00945	0.00675	0.00900	0.01080	0.01125	0.00630	0.00720	0.01080	0.01484	0.01979	0.04274	0.72245	0.05128	0.02429	0.00990	0.00315	0.00450	0.02204	0.00720	0.00630
22	0.01975	0.01762	0.02306	0.01859	0.02188	0.02090	0.04894	0.15925	0.05856	0.02763	0.01428	0.01811	0.01199	0.01066	0.01607	0.00267	0.35037	0.00668	0.00487	0.14811
23	0.01142	0.01428	0.13752	0.01304	0.01599	0.01028	0.01174	0.01441	0.01562	0.02119	0.07587	0.32467	0.16167	0.05663	0.01227	0.00313	0.07131	0.01543	0.00605	0.00749
24	0.01111	0.00816	0.01171	0.01171	0.01283	0.00928	0.00875	0.01336	0.01224	0.01744	0.02146	0.03427	0.02104	0.18380	0.57339	0.01153	0.01828	0.00886	0.00426	0.00651
25	0.01048	0.01347	0.13586	0.01170	0.01511	0.00860	0.01068	0.01352	0.01630	0.02116	0.05215	0.32181	0.30203	0.01919	0.00912	0.00280	0.00557	0.01663	0.00646	0.00737
26	0.01797	0.01718	0.02927	0.22478	0.51147	0.01810	0.02319	0.02273	0.01708	0.02385	0.01437	0.01959	0.01176	0.00713	0.00770	0.00238	0.00951	0.00690	0.00373	0.01130
27	0.01459	0.03276	0.52708	0.02126	0.06178	0.01583	0.02438	0.02193	0.01615	0.02370	0.01936	0.14905	0.01773	0.01052	0.00786	0.00258	0.01004	0.00885	0.00404	0.01053
28	0.01307	0.00794	0.01041	0.01082	0.01208	0.00786	0.00773	0.01493	0.01473	0.08107	0.03245	0.30618	0.03484	0.15455	0.14360	0.00551	0.00836	0.04882	0.07813	0.00690
29	0.01821	0.01742	0.02970	0.19036	0.54405	0.01816	0.02331	0.02294	0.01719	0.02414	0.01441	0.01951	0.01186	0.00709	0.00769	0.00236	0.00945	0.00690	0.00375	0.01149
30	0.01954	0.01812	0.02987	0.16623	0.44062	0.01896	0.06335	0.10006	0.01959	0.02715	0.01500	0.01951	0.01200	0.00733	0.00780	0.00238	0.00959	0.00706	0.00425	0.01159
31	0.01383	0.01240	0.01877	0.01678	0.01804	0.01561	0.05112	0.01645	0.01286	0.01892	0.01744	0.02759	0.01668	0.03621	0.36508	0.00797	0.28382	0.03871	0.00400	0.00774
32	0.02524	0.03105	0.02653	0.02232	0.02641	0.47313	0.13001	0.02801	0.01979	0.01999	0.01238	0.01568	0.01034	0.00857	0.01016	0.00232	0.11899	0.00601	0.00389	0.00918
33	0.01097	0.00793	0.01036	0.00975	0.01158	0.00732	0.00732	0.01463	0.02195	0.03109	0.67505	0.05792	0.07316	0.01585	0.00914	0.00244	0.00366	0.01402	0.00854	0.00732
34	0.01816	0.01547	0.01638	0.01475	0.01887	0.01753	0.01146	0.05535	0.54766	0.03179	0.07415	0.03458	0.08660	0.01165	0.00808	0.00261	0.00586	0.00973	0.00786	0.01147
35	0.02149	0.60113	0.05622	0.01322	0.01965	0.02710	0.01309	0.02429	0.01640	0.08064	0.01358	0.01484	0.01140	0.00707	0.00534	0.00176	0.00795	0.00472	0.04997	0.01013
36	0.00988	0.00747	0.00912	0.00959	0.01113	0.00671	0.00685	0.01218	0.01806	0.02392	0.26551	0.30964	0.24156	0.02009	0.00943	0.00276	0.00405	0.01769	0.00765	0.00671
37	0.01097	0.00793	0.01036	0.00975	0.01158	0.00732	0.00732	0.01463	0.02195	0.03109	0.67505	0.05792	0.07316	0.01585	0.00914	0.00244	0.00366	0.01402	0.00854	0.00732
38	0.01464	0.01378	0.02326	0.70887	0.05340	0.01723	0.02153	0.01981	0.01550	0.01981	0.01378	0.02067	0.01034	0.00775	0.00775	0.00258	0.01034	0.00689	0.00345	0.00861
39	0.02348	0.01200	0.01532	0.01288	0.01708	0.01156	0.01024	0.03022	0.14232	0.33089	0.22532	0.03661	0.03638	0.01410	0.04281	0.00296	0.00633	0.00989	0.00868	0.01093
40	0.01445	0.00723	0.00723	0.00723	0.00903	0.00723	0.00542	0.01807	0.01626	0.02891	0.02529	0.02891	0.01987	0.00903	0.00542	0.00181	0.00361	0.00723	0.77055	0.00723
41	0.01555	0.04011	0.68733	0.02210	0.03356	0.01801	0.02865	0.02455	0.01637	0.02455	0.01391	0.01637	0.00982	0.00737	0.00737	0.00246	0.01146	0.00573	0.00327	0.01146
42	0.01539	0.01706	0.14045	0.01301	0.01934	0.01094	0.01235	0.01983	0.01785	0.05917	0.16703	0.02922	0.06125	0.00926	0.00710	0.00183	0.00629	0.00772	0.00562	0.37928

[dist]
# distance from previous block
# <min> <max>
0	1

[block]
# block no. 1 follows, 25 sequences, length 45
# corresponding to MSA columns:
# 92-136
name=unknown_B
#
# <colnr> <probs for GDERKNQSTAVLIFYWHMCP>
#	G	D	E	R	K	N	Q	S	T	A	V	L	I	F	Y	W	H	M	C	P
0	0.01887	0.01702	0.02059	0.01773	0.02174	0.01996	0.06151	0.03666	0.52030	0.02984	0.02722	0.02657	0.02079	0.01066	0.01056	0.00274	0.11023	0.00851	0.00693	0.01158
1	0.01108	0.00831	0.01246	0.01246	0.01385	0.00969	0.00969	0.01385	0.01246	0.01800	0.02077	0.03046	0.01938	0.05815	0.69678	0.01246	0.02077	0.00831	0.00415	0.00692
2	0.02378	0.11136	0.02569	0.01891	0.05388	0.05008	0.05428	0.32022	0.07511	0.03507	0.01824	0.05112	0.01478	0.00943	0.00848	0.00229	0.05058	0.00733	0.00611	0.06325
3	0.10639	0.25042	0.02649	0.13442	0.02592	0.02230	0.01411	0.13935	0.07383	0.11190	0.01696	0.01814	0.01274	0.00807	0.00654	0.00220	0.00804	0.00599	0.00548	0.01074
4	0.06989	0.08327	0.34304	0.01836	0.02694	0.01912	0.02033	0.14357	0.04761	0.12929	0.01760	0.01828	0.01236	0.00813	0.00718	0.00237	0.00937	0.00618	0.00535	0.01177
5	0.01944	0.02344	0.26226	0.01664	0.02307	0.01586	0.01698	0.10933	0.12391	0.10279	0.02082	0.02542	0.01655	0.11475	0.01399	0.06253	0.00871	0.00751	0.00556	0.01041
6	0.01030	0.00741	0.00976	0.01021	0.01144	0.00687	0.00726	0.01295	0.01883	0.02613	0.39756	0.34955	0.06356	0.01956	0.00947	0.00275	0.00403	0.01754	0.00795	0.00687
7	0.01829	0.02962	0.34963	0.02760	0.20422	0.04910	0.02354	0.06576	0.08766	0.02705	0.03349	0.01959	0.01384	0.00795	0.00756	0.00240	0.01001	0.00663	0.00437	0.01166
8	0.03147	0.01972	0.02006	0.01605	0.02167	0.13156	0.01295	0.20244	0.06326	0.36268	0.02426	0.02234	0.01627	0.00930	0.00765	0.00232	0.00835	0.00716	0.00805	0.01243
9	0.02983	0.01285	0.01882	0.01481	0.02014	0.01128	0.05995	0.03286	0.02082	0.53702	0.03121	0.12731	0.02329	0.01150	0.00821	0.00252	0.00679	0.00998	0.00881	0.01198
10	0.67260	0.01819	0.01294	0.01162	0.01630	0.11625	0.00936	0.02398	0.01447	0.03249	0.01097	0.01280	0.00863	0.00731	0.00512	0.00234	0.00716	0.00431	0.00468	0.00848
11	0.00951	0.00780	0.00795	0.00795	0.01015	0.00670	0.00570	0.01115	0.01663	0.01999	0.06975	0.07074	0.57073	0.13466	0.01409	0.00341	0.00451	0.01554	0.00679	0.00625
12	0.01821	0.02280	0.15520	0.15854	0.11564	0.05030	0.12175	0.06353	0.05622	0.02458	0.01492	0.01916	0.01164	0.00859	0.01072	0.00262	0.12403	0.00705	0.00409	0.01042
13	0.07179	0.01008	0.01186	0.01133	0.01355	0.01018	0.00844	0.10747	0.02098	0.03011	0.31216	0.27600	0.05197	0.01712	0.00887	0.00266	0.00484	0.01499	0.00768	0.00791
14	0.01583	0.01543	0.02153	0.01892	0.01898	0.02112	0.01549	0.01748	0.01232	0.01883	0.01508	0.12321	0.01637	0.01519	0.02310	0.00336	0.60657	0.00908	0.00397	0.00815
15	0.01553	0.09134	0.48582	0.02038	0.02976	0.01762	0.07210	0.02302	0.01728	0.02500	0.11005	0.02244	0.01920	0.00848	0.00756	0.00240	0.01018	0.00707	0.00409	0.01065
16	0.01128	0.00793	0.01051	0.01190	0.01287	0.00779	0.00911	0.01336	0.01545	0.02033	0.03788	0.27680	0.04304	0.17939	0.01685	0.00432	0.00640	0.30183	0.00661	0.00633
17	0.08016	0.02800	0.40950	0.01748	0.02567	0.01487	0.02039	0.02361	0.01797	0.09704	0.16251	0.02637	0.02479	0.00948	0.00759	0.00244	0.00875	0.00767	0.00524	0.01047
18	0.01121	0.00777	0.00974	0.00974	0.01018	0.00821	0.00630	0.01210	0.01165	0.01598	0.02326	0.04425	0.02537	0.51336	0.24976	0.00910	0.01176	0.01033	0.00452	0.00541
19	0.02123	0.12515	0.09328	0.01737	0.09325	0.01534	0.01397	0.02515	0.01759	0.17080	0.01717	0.01820	0.01288	0.00703	0.00647	0.00177	0.00731	0.00561	0.00529	0.32514
20	0.02073	0.73217	0.04063	0.01327	0.01990	0.03068	0.01327	0.02322	0.01575	0.01824	0.01078	0.01244	0.00995	0.00663	0.00498	0.00166	0.00829	0.00415	0.00332	0.00995
21	0.78228	0.01499	0.01140	0.01020	0.01499	0.01739	0.00840	0.02279	0.01320	0.03479	0.01080	0.01260	0.00840	0.00720	0.00480	0.00240	0.00600	0.00420	0.00480	0.00840
22	0.07224	0.02775	0.29452	0.01911	0.02652	0.02056	0.01998	0.21765	0.09321	0.03291	0.01668	0.01825	0.01231	0.00895	0.00929	0.00253	0.08424	0.00645	0.00527	0.01155
23	0.02200	0.01599	0.01778	0.01398	0.01938	0.01586	0.01126	0.31079	0.02602	0.07969	0.02883	0.08021	0.11313	0.01109	0.00763	0.00214	0.00672	0.00896	0.00697	0.20156
24	0.01608	0.01378	0.01608	0.01148	0.01837	0.01034	0.00919	0.01952	0.01608	0.02527	0.01378	0.01608	0.01148	0.00574	0.00574	0.00115	0.00574	0.00459	0.00459	0.77491
25	0.02066	0.19401	0.02401	0.01355	0.02021	0.01889	0.01162	0.18279	0.02122	0.02957	0.01427	0.01583	0.01154	0.00688	0.00607	0.00158	0.00709	0.00509	0.00509	0.39003
26	0.04075	0.10265	0.14888	0.02183	0.09787	0.01709	0.13534	0.02489	0.03711	0.10256	0.06107	0.02129	0.01650	0.00774	0.00731	0.00216	0.00882	0.00699	0.00495	0.13419
27	0.01828	0.29233	0.41095	0.01861	0.02799	0.02301	0.02219	0.06162	0.01734	0.02370	0.01305	0.01506	0.01007	0.00721	0.00651	0.00216	0.01012	0.00522	0.00356	0.01101
28	0.00984	0.00781	0.00884	0.00873	0.01093	0.00681	0.00649	0.01239	0.01906	0.02458	0.29409	0.10933	0.41653	0.01855	0.00920	0.00259	0.00386	0.01587	0.00769	0.00681
29	0.00975	0.00751	0.00879	0.00921	0.01087	0.00668	0.00656	0.01181	0.01746	0.02258	0.19772	0.27004	0.31945	0.05232	0.01076	0.00296	0.00421	0.01737	0.00738	0.00656
30	0.05659	0.27053	0.03323	0.02138	0.07079	0.14820	0.15802	0.02608	0.06751	0.02246	0.01540	0.01991	0.01314	0.00790	0.00697	0.00218	0.01016	0.03529	0.00422	0.01002
31	0.01880	0.01827	0.04905	0.20183	0.14961	0.01832	0.24181	0.06231	0.05943	0.05656	0.01757	0.02295	0.01356	0.00791	0.00832	0.00255	0.01050	0.02540	0.00461	0.01065
32	0.01298	0.00691	0.00974	0.00974	0.00974	0.00691	0.00628	0.01036	0.01036	0.01382	0.01591	0.02961	0.01674	0.18279	0.03234	0.60381	0.00691	0.00774	0.00366	0.00366
33	0.00987	0.00713	0.00924	0.01062	0.01141	0.00666	0.00736	0.01152	0.01557	0.02064	0.08826	0.53802	0.09894	0.06513	0.01162	0.00335	0.00478	0.06639	0.00714	0.00636
34	0.10173	0.43156	0.03334	0.01517	0.02140	0.02448	0.08250	0.05304	0.01772	0.09473	0.04798	0.01751	0.01438	0.00760	0.00606	0.00199	0.00817	0.00573	0.00469	0.01020
35	0.00955	0.00683	0.00909	0.01073	0.01127	0.00637	0.00721	0.01106	0.01533	0.02056	0.08552	0.67748	0.05276	0.02372	0.00985	0.00310	0.00444	0.02150	0.00729	0.00637
36	0.01175	0.00777	0.00967	0.00919	0.01102	0.00730	0.00689	0.01540	0.02068	0.03061	0.53050	0.05146	0.06131	0.01433	0.00832	0.00230	0.00365	0.01251	0.17805	0.00730
37	0.01822	0.17494	0.45700	0.02050	0.03029	0.02059	0.06633	0.05096	0.01747	0.05423	0.01436	0.01644	0.01054	0.00735	0.00705	0.00230	0.01059	0.00579	0.00380	0.01124
38	0.05767	0.21556	0.02827	0.01977	0.09440	0.04163	0.06282	0.16648	0.12328	0.04966	0.03584	0.02115	0.03366	0.00861	0.00702	0.00222	0.00824	0.00692	0.00564	0.01117
39	0.01556	0.01301	0.01728	0.27308	0.02987	0.01509	0.01411	0.02599	0.23773	0.02709	0.13729	0.03093	0.02696	0.01026	0.00779	0.00249	0.00699	0.00882	0.09019	0.00948
40	0.01133	0.00763	0.00890	0.00916	0.00937	0.00761	0.00562	0.01176	0.01211	0.01609	0.02693	0.08241	0.03086	0.62456	0.03523	0.00692	0.00735	0.07608	0.00506	0.00502
41	0.18782	0.01548	0.02111	0.02689	0.28787	0.01672	0.01549	0.07285	0.01674	0.02718	0.01677	0.06320	0.01562	0.07939	0.05476	0.00358	0.05637	0.00770	0.00465	0.00983
42	0.14845	0.24304	0.09214	0.01743	0.07599	0.06616	0.04405	0.02310	0.01615	0.02418	0.01239	0.01473	0.01030	0.00671	0.00591	0.00187	0.00833	0.00493	0.00397	0.18016
43	0.06020	0.03030	0.16947	0.02038	0.06621	0.29607	0.01752	0.09439	0.02111	0.07009	0.01463	0.01628	0.01111	0.00781	0.00705	0.00213	0.01098	0.00561	0.00469	0.07397
44	0.06352	0.01575	0.02008	0.01652	0.04820	0.01542	0.04114	0.17326	0.06445	0.33170	0.04265	0.02441	0.01822	0.02722	0.00841	0.00245	0.00726	0.00758	0.00786	0.06391

[dist]
# distance from previous block
# <min> <max>
0	50

[block]
# block no. 2 follows, 25 sequences, length 33
# corresponding to MSA columns:
# 187-219
name=unknown_C
#
# <colnr> <probs for GDERKNQSTAVLIFYWHMCP>
#	G	D	E	R	K	N	Q	S	T	A	V	L	I	F	Y	W	H	M	C	P
0	0.06634	0.02442	0.08583	0.02731	0.19076	0.16436	0.10234	0.12162	0.06211	0.02819	0.01665	0.04475	0.01361	0.00840	0.00764	0.00235	0.01029	0.00723	0.00487	0.01094
1	0.02231	0.09974	0.04807	0.01747	0.05113	0.17589	0.01388	0.13266	0.08557	0.02752	0.01556	0.01709	0.01240	0.00782	0.00731	0.00192	0.03243	0.00568	0.00506	0.22049
2	0.05400	0.19656	0.02875	0.02303	0.14428	0.24292	0.04742	0.07061	0.02017	0.08243	0.01443	0.01629	0.01147	0.00759	0.00678	0.00208	0.01034	0.00571	0.00459	0.01055
3	0.02342	0.01706	0.02401	0.10894	0.28662	0.06191	0.01749	0.02730	0.01880	0.21385	0.01881	0.02068	0.01378	0.00771	0.00743	0.00220	0.00848	0.00673	0.00556	0.10922
4	0.02162	0.01649	0.01757	0.01509	0.01963	0.01855	0.01194	0.17934	0.41309	0.06079	0.02774	0.02645	0.02060	0.01002	0.00754	0.00245	0.00639	0.00812	0.10471	0.01188
5	0.00935	0.00786	0.00811	0.00805	0.01059	0.00662	0.00604	0.01149	0.01811	0.02199	0.13964	0.07291	0.61425	0.01925	0.00916	0.00260	0.00390	0.01612	0.00734	0.00662
6	0.03381	0.01477	0.01897	0.01454	0.02058	0.01374	0.01201	0.15163	0.02483	0.56694	0.02837	0.02495	0.01808	0.00954	0.00779	0.00239	0.00696	0.00765	0.00926	0.01319
7	0.01064	0.00791	0.00990	0.00940	0.01138	0.00717	0.00705	0.01398	0.02116	0.02922	0.56472	0.06101	0.18466	0.01655	0.00915	0.00247	0.00371	0.01446	0.00829	0.00717
8	0.01696	0.01696	0.02375	0.02036	0.02036	0.02375	0.01696	0.01866	0.01187	0.01866	0.01018	0.01696	0.01018	0.01357	0.02545	0.00339	0.71332	0.00679	0.00339	0.00848
9	0.01445	0.00723	0.00723	0.00723	0.00903	0.00723	0.00542	0.01807	0.01626	0.02891	0.02529	0.02891	0.01987	0.00903	0.00542	0.00181	0.00361	0.00723	0.77055	0.00723
10	0.01249	0.00987	0.01427	0.01675	0.13505	0.00937	0.01036	0.01633	0.02115	0.03003	0.55289	0.05076	0.06190	0.01420	0.00887	0.00241	0.00469	0.01271	0.00767	0.00823
11	0.03479	0.01320	0.01799	0.01380	0.01979	0.01140	0.01140	0.03779	0.02219	0.68451	0.03059	0.02639	0.01919	0.00960	0.00780	0.00240	0.00660	0.00780	0.00960	0.01320
12	0.78228	0.01499	0.01140	0.01020	0.01499	0.01739	0.00840	0.02279	0.01320	0.03479	0.01080	0.01260	0.00840	0.00720	0.00480	0.00240	0.00600	0.00420	0.00480	0.00840
13	0.00945	0.00675	0.00900	0.01080	0.01125	0.00630	0.00720	0.01080	0.01484	0.01979	0.04274	0.72245	0.05128	0.02429	0.00990	0.00315	0.00450	0.02204	0.00720	0.00630
14	0.78228	0.01499	0.01140	0.01020	0.01499	0.01739	0.00840	0.02279	0.01320	0.03479	0.01080	0.01260	0.00840	0.00720	0.00480	0.00240	0.00600	0.00420	0.00480	0.00840
15	0.01464	0.01378	0.02326	0.70887	0.05340	0.01723	0.02153	0.01981	0.01550	0.01981	0.01378	0.02067	0.01034	0.00775	0.00775	0.00258	0.01034	0.00689	0.00345	0.00861
16	0.03479	0.01320	0.01799	0.01380	0.01979	0.01140	0.01140	0.03779	0.02219	0.68451	0.03059	0.02639	0.01919	0.00960	0.00780	0.00240	0.00660	0.00780	0.00960	0.01320
17	0.01608	0.01378	0.01608	0.01148	0.01837	0.01034	0.00919	0.01952	0.01608	0.02527	0.01378	0.01608	0.01148	0.00574	0.00574	0.00115	0.00574	0.00459	0.00459	0.77491
18	0.01388	0.01008	0.01377	0.01208	0.01483	0.00976	0.04554	0.01993	0.10148	0.07075	0.51770	0.05025	0.06017	0.01427	0.00891	0.00247	0.00469	0.01271	0.00825	0.00847
19	0.00983	0.00702	0.00944	0.01124	0.01186	0.00663	0.00787	0.01146	0.01523	0.02023	0.04252	0.64186	0.05044	0.02393	0.01000	0.00320	0.00483	0.09881	0.00719	0.00640
20	0.01097	0.00793	0.01036	0.00975	0.01158	0.00732	0.00732	0.01463	0.02195	0.03109	0.67505	0.05792	0.07316	0.01585	0.00914	0.00244	0.00366	0.01402	0.00854	0.00732
21	0.03192	0.01384	0.01791	0.01416	0.01986	0.01286	0.01156	0.03842	0.14111	0.56391	0.03077	0.02686	0.02002	0.00977	0.00781	0.00244	0.00651	0.00798	0.00928	0.01302
22	0.00919	0.00776	0.00796	0.00812	0.01054	0.00652	0.00601	0.01110	0.01742	0.02084	0.07535	0.13253	0.62015	0.02005	0.00923	0.00267	0.00398	0.01687	0.00720	0.00652
23	0.03479	0.01320	0.01799	0.01380	0.01979	0.01140	0.01140	0.03779	0.02219	0.68451	0.03059	0.02639	0.01919	0.00960	0.00780	0.00240	0.00660	0.00780	0.00960	0.01320
24	0.00945	0.00675	0.00900	0.01080	0.01125	0.00630	0.00720	0.01080	0.01484	0.01979	0.04274	0.72245	0.05128	0.02429	0.00990	0.00315	0.00450	0.02204	0.00720	0.00630
25	0.00992	0.00810	0.00891	0.00932	0.01175	0.00709	0.00740	0.01225	0.01771	0.02146	0.07000	0.07755	0.53203	0.02004	0.00952	0.00284	0.00466	0.15558	0.00719	0.00668
26	0.01555	0.04011	0.68733	0.02210	0.03356	0.01801	0.02865	0.02455	0.01637	0.02455	0.01391	0.01637	0.00982	0.00737	0.00737	0.00246	0.01146	0.00573	0.00327	0.01146
27	0.01634	0.01523	0.01774	0.01590	0.01708	0.08509	0.01247	0.05753	0.01452	0.01980	0.01632	0.02636	0.01603	0.14775	0.21365	0.00644	0.28202	0.00781	0.00417	0.00774
28	0.65822	0.01725	0.07584	0.01157	0.01708	0.01704	0.01052	0.02399	0.01412	0.07856	0.01245	0.01390	0.00928	0.00738	0.00525	0.00240	0.00656	0.00459	0.00498	0.00902
29	0.09594	0.01015	0.01275	0.01466	0.06855	0.01036	0.00998	0.05857	0.01689	0.02451	0.05721	0.33640	0.03832	0.08199	0.01178	0.00338	0.00606	0.12844	0.00651	0.00755
30	0.08825	0.37759	0.02996	0.01774	0.09408	0.06427	0.01409	0.06092	0.01774	0.02329	0.01696	0.02656	0.01622	0.00950	0.00654	0.00219	0.00835	0.11154	0.00448	0.00973
31	0.01936	0.20568	0.05610	0.01380	0.01929	0.14236	0.01201	0.02259	0.01849	0.04866	0.14344	0.02338	0.02316	0.00861	0.00660	0.00181	0.00784	0.00659	0.00505	0.21518
32	0.01479	0.00945	0.01091	0.00977	0.01329	0.00789	0.00748	0.01706	0.01795	0.14349	0.05706	0.13862	0.39333	0.01660	0.00857	0.00246	0.00472	0.01400	0.00731	0.10525

[dist]
# distance from previous block
# <min> <max>
0	1

[block]
# block no. 3 follows, 25 sequences, length 31
# corresponding to MSA columns:
# 221-251
name=unknown_D
#
# <colnr> <probs for GDERKNQSTAVLIFYWHMCP>
#	G	D	E	R	K	N	Q	S	T	A	V	L	I	F	Y	W	H	M	C	P
0	0.02231	0.13058	0.22872	0.02047	0.07392	0.16152	0.01887	0.05324	0.10196	0.09052	0.01722	0.01821	0.01290	0.00806	0.00709	0.00225	0.01009	0.00608	0.00487	0.01113
1	0.03240	0.01267	0.01723	0.01339	0.01897	0.01099	0.01099	0.03547	0.02217	0.61913	0.09507	0.02955	0.02459	0.01022	0.00793	0.00240	0.00630	0.00842	0.00949	0.01261
2	0.01053	0.00791	0.00975	0.00929	0.01131	0.00713	0.00697	0.01378	0.02091	0.02863	0.53004	0.06198	0.21970	0.01677	0.00915	0.00248	0.00372	0.01459	0.00821	0.00713
3	0.01663	0.02990	0.39218	0.02302	0.03193	0.01763	0.17637	0.05499	0.04825	0.02650	0.05726	0.02433	0.01675	0.00864	0.00812	0.00255	0.01076	0.03894	0.00438	0.01086
4	0.01547	0.01354	0.01735	0.01585	0.01729	0.01690	0.01263	0.02218	0.17133	0.02191	0.02223	0.03438	0.02109	0.12364	0.10397	0.00494	0.27389	0.07770	0.00519	0.00851
5	0.00960	0.00787	0.00846	0.00832	0.01074	0.00673	0.00624	0.01198	0.01871	0.02341	0.22355	0.07056	0.52945	0.01872	0.00916	0.00257	0.00386	0.01579	0.00752	0.00673
6	0.01575	0.01491	0.02525	0.54812	0.20551	0.01752	0.02208	0.02078	0.01603	0.02115	0.01398	0.02031	0.01081	0.00755	0.00773	0.00252	0.01006	0.00689	0.00354	0.00951
7	0.02056	0.07402	0.06358	0.07101	0.38943	0.07024	0.08384	0.08721	0.01961	0.02632	0.01455	0.01836	0.01176	0.00724	0.00757	0.00229	0.00998	0.00673	0.00416	0.01155
8	0.01798	0.01356	0.01759	0.13392	0.08821	0.04818	0.01303	0.09167	0.01746	0.09033	0.02009	0.02953	0.01787	0.17867	0.18219	0.00596	0.01174	0.00821	0.00508	0.00872
9	0.01464	0.01378	0.02326	0.70887	0.05340	0.01723	0.02153	0.01981	0.01550	0.01981	0.01378	0.02067	0.01034	0.00775	0.00775	0.00258	0.01034	0.00689	0.00345	0.00861
10	0.01725	0.01810	0.02489	0.54245	0.04761	0.12682	0.07210	0.02202	0.01678	0.02009	0.01365	0.01961	0.01040	0.00769	0.00774	0.00249	0.01115	0.00677	0.00357	0.00883
11	0.59589	0.02110	0.17571	0.01309	0.01951	0.01754	0.01332	0.02322	0.01397	0.03230	0.01155	0.01351	0.00874	0.00724	0.00542	0.00241	0.00733	0.00457	0.00443	0.00914
12	0.03479	0.01320	0.01799	0.01380	0.01979	0.01140	0.01140	0.03779	0.02219	0.68451	0.03059	0.02639	0.01919	0.00960	0.00780	0.00240	0.00660	0.00780	0.00960	0.01320
13	0.00968	0.00777	0.00800	0.00800	0.00998	0.00678	0.00560	0.01116	0.01612	0.01951	0.06539	0.06881	0.51852	0.19171	0.01653	0.00381	0.00480	0.01513	0.00659	0.00610
14	0.02896	0.03695	0.02197	0.01998	0.02397	0.69638	0.01498	0.03096	0.02197	0.01898	0.01199	0.01398	0.00999	0.00799	0.00699	0.00200	0.01398	0.00499	0.00400	0.00899
15	0.01355	0.01784	0.15988	0.07048	0.02659	0.01303	0.16973	0.01825	0.01635	0.02235	0.02788	0.29014	0.02939	0.01496	0.00911	0.00288	0.00872	0.07493	0.00530	0.00863
16	0.01763	0.01735	0.02698	0.36047	0.34136	0.05937	0.02218	0.02234	0.01690	0.02232	0.01404	0.01958	0.01122	0.00738	0.00767	0.00242	0.01004	0.00678	0.00366	0.01033
17	0.01830	0.02092	0.04575	0.03268	0.04052	0.01961	0.65098	0.02484	0.01830	0.02484	0.01569	0.02092	0.01176	0.00654	0.00915	0.00261	0.01307	0.00915	0.00392	0.01046
18	0.00945	0.00675	0.00900	0.01080	0.01125	0.00630	0.00720	0.01080	0.01484	0.01979	0.04274	0.72245	0.05128	0.02429	0.00990	0.00315	0.00450	0.02204	0.00720	0.00630
19	0.01758	0.01661	0.02284	0.07023	0.26885	0.08279	0.04892	0.06698	0.01869	0.02450	0.02400	0.20140	0.02458	0.01285	0.00851	0.00263	0.00854	0.06450	0.00525	0.00975
20	0.01684	0.00950	0.01381	0.01279	0.01529	0.01011	0.01011	0.01967	0.01483	0.18002	0.02316	0.02947	0.01934	0.04635	0.52929	0.01002	0.01732	0.00818	0.00548	0.00845
21	0.00945	0.00675	0.00900	0.01080	0.01125	0.00630	0.00720	0.01080	0.01484	0.01979	0.04274	0.72245	0.05128	0.02429	0.00990	0.00315	0.00450	0.02204	0.00720	0.00630
22	0.01773	0.08607	0.47714	0.02009	0.02963	0.01967	0.02374	0.08167	0.11942	0.02743	0.01685	0.01824	0.01229	0.00797	0.00731	0.00241	0.01014	0.00620	0.00439	0.01162
23	0.13011	0.01912	0.06928	0.15572	0.26113	0.01867	0.13800	0.06976	0.01805	0.02731	0.01435	0.01860	0.01118	0.00724	0.00753	0.00244	0.00976	0.00686	0.00418	0.01072
24	0.01108	0.00831	0.01246	0.01246	0.01385	0.00969	0.00969	0.01385	0.01246	0.01800	0.02077	0.03046	0.01938	0.05815	0.69678	0.01246	0.02077	0.00831	0.00415	0.00692
25	0.01702	0.02162	0.15130	0.10395	0.14556	0.01775	0.23987	0.02485	0.08420	0.02564	0.07387	0.02380	0.01790	0.00810	0.00829	0.00252	0.01029	0.00828	0.00455	0.01066
26	0.01677	0.01417	0.01882	0.06984	0.14895	0.01245	0.01268	0.03766	0.01692	0.02593	0.01536	0.01853	0.01254	0.00659	0.00629	0.00159	0.00660	0.00558	0.09040	0.46234
27	0.01377	0.01261	0.02034	0.34009	0.03474	0.01436	0.07574	0.01904	0.06425	0.02156	0.04410	0.19567	0.05846	0.01294	0.00921	0.00276	0.03532	0.01163	0.00507	0.00835
28	0.01664	0.01639	0.08680	0.37840	0.03757	0.01649	0.01806	0.12116	0.01857	0.02535	0.01659	0.02267	0.01307	0.04048	0.07418	0.00359	0.01049	0.00712	0.06715	0.00921
29	0.22783	0.01672	0.02319	0.10296	0.31742	0.01773	0.01747	0.07109	0.01806	0.09500	0.01537	0.01824	0.01178	0.00752	0.00692	0.00237	0.00815	0.00627	0.00492	0.01099
30	0.16207	0.07855	0.08089	0.08781	0.14594	0.17419	0.04070	0.02402	0.01781	0.02504	0.07898	0.02007	0.01652	0.00819	0.00695	0.00227	0.00953	0.00644	0.00440	0.00963

[dist]
# distance from previous block
# <min> <max>
6	381

# created by:
# /home/cegg/simao/soft/augustus-3.2.1/scripts/msa2prfl.pl ./align_prep/27409.fa
