[name]
unknown

[dist]
# distance from previous block
# <min> <max>
0	41

[block]
# block no. 0 follows, 21 sequences, length 19
# corresponding to MSA columns:
# 48-66
name=unknown_A
#
# <colnr> <probs for GDERKNQSTAVLIFYWHMCP>
#	G	D	E	R	K	N	Q	S	T	A	V	L	I	F	Y	W	H	M	C	P
0	0.01675	0.01266	0.01844	0.04420	0.10687	0.01289	0.03601	0.05099	0.06214	0.06324	0.03554	0.26428	0.03713	0.02137	0.04987	0.00387	0.00842	0.13860	0.00713	0.00961
1	0.01581	0.01444	0.02452	0.52476	0.04981	0.01718	0.06233	0.02108	0.01722	0.02286	0.01912	0.08529	0.01636	0.01019	0.00865	0.00283	0.01043	0.00929	0.05859	0.00925
2	0.05147	0.01820	0.01988	0.08408	0.02449	0.07736	0.01394	0.17708	0.02403	0.10754	0.02428	0.13503	0.02155	0.01271	0.00998	0.00268	0.06404	0.01004	0.05647	0.06517
3	0.01221	0.00824	0.00991	0.00990	0.01056	0.00797	0.00626	0.01306	0.01563	0.02113	0.17081	0.10339	0.07882	0.40286	0.03063	0.06572	0.00675	0.01385	0.00636	0.00594
4	0.07836	0.02022	0.02085	0.01764	0.02151	0.08050	0.01419	0.25346	0.04983	0.03582	0.02088	0.02930	0.01821	0.07952	0.01523	0.00338	0.13133	0.05102	0.04782	0.01092
5	0.18713	0.01913	0.02607	0.15990	0.03348	0.02063	0.11861	0.18985	0.02381	0.07270	0.01731	0.02022	0.01266	0.00860	0.00793	0.00261	0.00971	0.00727	0.00598	0.05638
6	0.02568	0.01910	0.02196	0.01977	0.07022	0.02074	0.01469	0.29531	0.18371	0.08019	0.12732	0.03096	0.02856	0.01155	0.00880	0.00266	0.00775	0.00948	0.00848	0.01308
7	0.02081	0.07063	0.02087	0.09356	0.02447	0.01666	0.01293	0.15756	0.02345	0.05604	0.08260	0.07174	0.02343	0.01044	0.00776	0.00218	0.00740	0.00857	0.05015	0.23875
8	0.02169	0.01604	0.06624	0.01669	0.05458	0.01369	0.01309	0.06988	0.07747	0.16785	0.10409	0.07999	0.02953	0.07588	0.05572	0.00377	0.00836	0.01024	0.00741	0.10778
9	0.01457	0.01218	0.06260	0.11170	0.02182	0.01047	0.01239	0.01801	0.01824	0.07482	0.11883	0.33986	0.04331	0.02032	0.03341	0.00341	0.00711	0.01638	0.05201	0.00857
10	0.07621	0.01251	0.01470	0.05065	0.01830	0.01336	0.01110	0.12789	0.02023	0.02831	0.03058	0.11604	0.03230	0.23342	0.02035	0.00483	0.00807	0.16612	0.00669	0.00833
11	0.02711	0.02834	0.13575	0.01919	0.02540	0.21468	0.01712	0.07875	0.10589	0.15981	0.02441	0.08389	0.01953	0.01115	0.00843	0.00261	0.01056	0.00873	0.00676	0.01190
12	0.02285	0.17493	0.22155	0.02136	0.02881	0.16185	0.05091	0.06194	0.06693	0.02576	0.01559	0.01801	0.01236	0.00903	0.00944	0.00252	0.07384	0.00638	0.00448	0.01147
13	0.02448	0.03026	0.26812	0.02479	0.11288	0.09404	0.02226	0.03346	0.11008	0.16279	0.02190	0.02247	0.01561	0.00913	0.00827	0.00263	0.01056	0.00735	0.00601	0.01292
14	0.02225	0.02151	0.08192	0.04040	0.38415	0.01893	0.12544	0.02775	0.01982	0.09712	0.01805	0.02179	0.01396	0.00779	0.00854	0.00252	0.01044	0.00784	0.00494	0.06482
15	0.02228	0.02694	0.21416	0.02012	0.05139	0.06907	0.01919	0.06663	0.02021	0.10337	0.01726	0.01933	0.01297	0.00865	0.00945	0.00230	0.07190	0.00638	0.00529	0.23311
16	0.07340	0.12463	0.14878	0.02023	0.08204	0.01911	0.01766	0.03420	0.08459	0.27599	0.02389	0.02315	0.01662	0.00924	0.00780	0.00254	0.00873	0.00729	0.00704	0.01305
17	0.08765	0.10180	0.28236	0.02000	0.02882	0.02018	0.05586	0.03216	0.11485	0.14378	0.02111	0.02161	0.01505	0.00892	0.00785	0.00262	0.00989	0.00711	0.00585	0.01253
18	0.16408	0.05350	0.25286	0.02084	0.07414	0.07048	0.01997	0.05994	0.01955	0.07176	0.01841	0.02017	0.03446	0.00864	0.00740	0.00246	0.00992	0.00647	0.00505	0.07991

[dist]
# distance from previous block
# <min> <max>
4	21

[block]
# block no. 1 follows, 21 sequences, length 82
# corresponding to MSA columns:
# 88-169
name=unknown_B
#
# <colnr> <probs for GDERKNQSTAVLIFYWHMCP>
#	G	D	E	R	K	N	Q	S	T	A	V	L	I	F	Y	W	H	M	C	P
0	0.11872	0.03521	0.45606	0.02078	0.03130	0.01862	0.02494	0.02808	0.04095	0.07536	0.01689	0.01872	0.01203	0.00825	0.00764	0.00259	0.01073	0.00627	0.00462	0.06223
1	0.02640	0.07556	0.18995	0.02463	0.10987	0.07863	0.06466	0.06684	0.02192	0.20234	0.02048	0.02140	0.01447	0.00870	0.00814	0.00250	0.01049	0.00721	0.00609	0.03973
2	0.10447	0.08802	0.10620	0.01781	0.02465	0.01857	0.07078	0.06661	0.10166	0.18985	0.08271	0.02668	0.02239	0.00994	0.00806	0.00257	0.00842	0.00822	0.00716	0.03523
3	0.02039	0.07068	0.12726	0.01776	0.05985	0.01570	0.01531	0.04621	0.07605	0.11408	0.02805	0.11005	0.06078	0.01149	0.00809	0.00238	0.00777	0.00961	0.00640	0.19210
4	0.09403	0.22824	0.18285	0.01821	0.02535	0.02148	0.07233	0.04389	0.01827	0.04938	0.02106	0.14826	0.02017	0.01150	0.00777	0.00258	0.00931	0.00954	0.00510	0.01068
5	0.02489	0.20340	0.20985	0.02041	0.02904	0.02382	0.07482	0.14442	0.04361	0.11894	0.01879	0.01980	0.01368	0.00867	0.00776	0.00246	0.01028	0.00688	0.00577	0.01272
6	0.02173	0.15893	0.11103	0.01987	0.02792	0.02059	0.12991	0.07120	0.05711	0.07009	0.01768	0.01971	0.01360	0.00778	0.00753	0.00215	0.00950	0.00676	0.00528	0.22165
7	0.01750	0.01616	0.06053	0.01639	0.02026	0.06067	0.07138	0.05555	0.04438	0.06996	0.24274	0.18807	0.04790	0.01633	0.00974	0.00288	0.00740	0.03489	0.00773	0.00954
8	0.02384	0.12421	0.31419	0.02093	0.03034	0.01939	0.07689	0.03042	0.02008	0.20120	0.04359	0.02260	0.01647	0.00892	0.00811	0.00257	0.01045	0.00737	0.00582	0.01261
9	0.09714	0.02397	0.16684	0.02686	0.16592	0.01862	0.06447	0.10325	0.02248	0.15076	0.06072	0.02401	0.01838	0.00923	0.00830	0.00263	0.00959	0.00789	0.00626	0.01267
10	0.01357	0.01107	0.01576	0.01713	0.07392	0.01061	0.05048	0.05936	0.01918	0.02526	0.04759	0.42168	0.15820	0.02141	0.01026	0.00315	0.00625	0.01931	0.00737	0.00843
11	0.12632	0.02195	0.09058	0.03232	0.20811	0.01972	0.19553	0.02958	0.07345	0.09144	0.01909	0.02204	0.01432	0.00819	0.00846	0.00270	0.01051	0.00804	0.00535	0.01231
12	0.02372	0.08663	0.14133	0.03568	0.32186	0.02000	0.06586	0.02921	0.01994	0.14616	0.01893	0.02149	0.01418	0.00817	0.00823	0.00254	0.01020	0.00744	0.00526	0.01314
13	0.01926	0.02650	0.17588	0.06881	0.09738	0.06682	0.25041	0.02568	0.01918	0.02611	0.01802	0.06536	0.01511	0.00884	0.00889	0.00264	0.01206	0.00895	0.00442	0.07970
14	0.01124	0.00818	0.01059	0.01102	0.01248	0.00753	0.00787	0.01412	0.02067	0.02844	0.36844	0.31668	0.10829	0.02137	0.01037	0.00300	0.00440	0.01907	0.00868	0.00753
15	0.07547	0.14189	0.36830	0.02069	0.05021	0.02047	0.02307	0.02747	0.01825	0.08858	0.01628	0.01812	0.01196	0.00800	0.00735	0.00241	0.01039	0.00604	0.00456	0.08050
16	0.02661	0.07383	0.20934	0.02532	0.13110	0.01993	0.04250	0.12756	0.02361	0.20547	0.02116	0.02182	0.01478	0.00894	0.00823	0.00257	0.00998	0.00737	0.00646	0.01341
17	0.01561	0.01160	0.01378	0.01386	0.01598	0.01202	0.01002	0.13070	0.08157	0.02916	0.04066	0.50156	0.04534	0.02204	0.01020	0.00323	0.00596	0.01961	0.00809	0.00900
18	0.02027	0.02890	0.27559	0.02955	0.17052	0.01971	0.07912	0.06703	0.09676	0.05222	0.02100	0.02659	0.01662	0.00957	0.00870	0.00277	0.01075	0.04642	0.00527	0.01266
19	0.02730	0.01893	0.08468	0.02339	0.14182	0.01633	0.01691	0.03620	0.16082	0.29411	0.02947	0.06704	0.02184	0.01093	0.00865	0.00273	0.00806	0.00933	0.00806	0.01342
20	0.01914	0.06931	0.24308	0.09786	0.19682	0.02106	0.15415	0.02686	0.04093	0.02662	0.01636	0.02055	0.01255	0.00788	0.00850	0.00266	0.01178	0.00758	0.00411	0.01220
21	0.02202	0.02467	0.01751	0.01666	0.01982	0.32800	0.01230	0.05913	0.02203	0.02342	0.03549	0.22311	0.12964	0.01615	0.00904	0.00269	0.01015	0.01309	0.00623	0.00884
22	0.02276	0.01906	0.02928	0.04068	0.44518	0.04044	0.02204	0.02874	0.06371	0.10268	0.02220	0.02996	0.01869	0.00983	0.00876	0.00269	0.00948	0.06526	0.00565	0.01292
23	0.02107	0.48065	0.21434	0.01952	0.06361	0.02899	0.01995	0.02593	0.01760	0.02242	0.01304	0.01530	0.01104	0.00752	0.00637	0.00211	0.01013	0.00522	0.00366	0.01154
24	0.01206	0.00901	0.01147	0.01293	0.01428	0.00889	0.00949	0.01628	0.07788	0.02389	0.04770	0.47713	0.08720	0.02425	0.01077	0.00345	0.00564	0.13194	0.00796	0.00775
25	0.02550	0.02637	0.02938	0.03713	0.35032	0.20703	0.02125	0.10064	0.06676	0.02944	0.01704	0.02010	0.01376	0.00852	0.00824	0.00246	0.01129	0.00713	0.00509	0.01256
26	0.02219	0.64076	0.10497	0.01552	0.02332	0.03230	0.01623	0.02563	0.01736	0.02071	0.01217	0.01408	0.01091	0.00736	0.00572	0.00191	0.00944	0.00472	0.00364	0.01108
27	0.02049	0.02073	0.03265	0.18968	0.37442	0.06838	0.07882	0.02547	0.01888	0.02542	0.01542	0.02104	0.01262	0.00828	0.00971	0.00268	0.05173	0.00764	0.00411	0.01186
28	0.01792	0.01496	0.01430	0.01415	0.01651	0.13351	0.01055	0.02060	0.02088	0.08741	0.19237	0.28263	0.04969	0.01900	0.00990	0.00298	0.00717	0.06901	0.00786	0.00859
29	0.01055	0.00772	0.00998	0.01171	0.01259	0.00714	0.00811	0.01228	0.01690	0.02213	0.05164	0.57963	0.12845	0.02582	0.01082	0.00341	0.00505	0.06117	0.00790	0.00701
30	0.01542	0.01413	0.02357	0.57030	0.05144	0.01754	0.02149	0.02066	0.01646	0.02141	0.01639	0.02446	0.01299	0.01765	0.11734	0.00463	0.01324	0.00782	0.00391	0.00915
31	0.02805	0.01425	0.01783	0.01507	0.01982	0.01378	0.01185	0.12933	0.06514	0.33020	0.03531	0.22019	0.03047	0.01521	0.00922	0.00287	0.00690	0.01300	0.00931	0.01223
32	0.01311	0.00810	0.01085	0.01217	0.01327	0.00746	0.00835	0.01477	0.01709	0.08405	0.04559	0.62965	0.05281	0.02507	0.01063	0.00337	0.00516	0.02265	0.00816	0.00766
33	0.03818	0.01448	0.01975	0.01514	0.02172	0.01251	0.01251	0.04147	0.02436	0.65373	0.03357	0.02897	0.02107	0.01053	0.00856	0.00263	0.00724	0.00856	0.01053	0.01448
34	0.01979	0.36062	0.36404	0.01962	0.02966	0.02642	0.02337	0.02625	0.01764	0.02364	0.01363	0.01590	0.01085	0.00770	0.00683	0.00228	0.01091	0.00546	0.00362	0.01179
35	0.02782	0.01360	0.02041	0.01724	0.02237	0.01237	0.06863	0.03169	0.02227	0.37272	0.03615	0.05223	0.03023	0.01483	0.00983	0.00311	0.00811	0.21554	0.00900	0.01184
36	0.01764	0.04001	0.54146	0.02646	0.03829	0.02010	0.14279	0.02701	0.01837	0.02701	0.01564	0.01892	0.01119	0.00791	0.00846	0.00273	0.01291	0.00700	0.00373	0.01237
37	0.03179	0.04056	0.02412	0.02192	0.02631	0.66676	0.01644	0.03398	0.02412	0.02083	0.01315	0.01535	0.01096	0.00877	0.00767	0.00219	0.01535	0.00548	0.00438	0.00987
38	0.01356	0.01029	0.01268	0.01181	0.01428	0.01022	0.00893	0.02091	0.12530	0.03437	0.54208	0.05828	0.07126	0.01642	0.00981	0.00271	0.00447	0.01443	0.00925	0.00893
39	0.01607	0.01513	0.02552	0.68047	0.05861	0.01891	0.02363	0.02174	0.01702	0.02174	0.01513	0.02269	0.01134	0.00851	0.00851	0.00284	0.01134	0.00756	0.00378	0.00945
40	0.01851	0.01625	0.02356	0.44490	0.04578	0.01949	0.02030	0.08494	0.13795	0.02780	0.02133	0.02892	0.01689	0.01023	0.00875	0.00289	0.01004	0.04542	0.00545	0.01062
41	0.01006	0.00862	0.00862	0.00862	0.01149	0.00718	0.00647	0.01221	0.01940	0.02299	0.08621	0.08190	0.64438	0.02155	0.01006	0.00287	0.00431	0.01796	0.00790	0.00718
42	0.03539	0.01896	0.02252	0.01726	0.02396	0.01915	0.01426	0.31788	0.03184	0.36675	0.02729	0.02488	0.01791	0.01038	0.00854	0.00260	0.00826	0.00813	0.00957	0.01448
43	0.01825	0.01770	0.03107	0.39301	0.27121	0.01962	0.07920	0.02384	0.01816	0.02445	0.01564	0.02212	0.01226	0.00805	0.00862	0.00273	0.01117	0.00780	0.00399	0.01110
44	0.01753	0.01601	0.02770	0.30353	0.10146	0.01752	0.12647	0.02356	0.04231	0.04745	0.13833	0.03090	0.02604	0.01030	0.00974	0.00281	0.03307	0.00963	0.00541	0.01025
45	0.02275	0.70604	0.04459	0.01456	0.02184	0.03367	0.01456	0.02548	0.01729	0.02002	0.01183	0.01365	0.01092	0.00728	0.00546	0.00182	0.00910	0.00455	0.00364	0.01092
46	0.01636	0.00965	0.01276	0.01144	0.01420	0.00877	0.00877	0.02026	0.02413	0.13650	0.54260	0.05785	0.07051	0.01626	0.00979	0.00267	0.00455	0.01426	0.00956	0.00910
47	0.02724	0.08047	0.09080	0.02208	0.02839	0.26835	0.11186	0.08501	0.02334	0.10516	0.01940	0.06419	0.01587	0.00989	0.00833	0.00249	0.01219	0.00805	0.00563	0.01128
48	0.02994	0.03487	0.02869	0.02386	0.02934	0.45361	0.11630	0.12959	0.02607	0.02732	0.01503	0.01745	0.01187	0.00874	0.00821	0.00236	0.01419	0.00660	0.00505	0.01090
49	0.03417	0.02010	0.14091	0.01687	0.02460	0.01389	0.01611	0.03871	0.02314	0.53453	0.03009	0.02687	0.01911	0.01007	0.00847	0.00264	0.00826	0.00813	0.00921	0.01412
50	0.01686	0.01593	0.02696	0.58074	0.15215	0.01912	0.02403	0.02244	0.01739	0.02271	0.01527	0.02243	0.01168	0.00836	0.00850	0.00279	0.01115	0.00757	0.00385	0.01009
51	0.01901	0.07101	0.29567	0.02492	0.03392	0.02041	0.19105	0.07066	0.06095	0.02866	0.02041	0.08702	0.01716	0.01000	0.00882	0.00277	0.01149	0.00933	0.00492	0.01181
52	0.01231	0.00850	0.01055	0.01055	0.01099	0.00894	0.00674	0.01319	0.01275	0.01744	0.02565	0.04926	0.02815	0.51693	0.22349	0.00982	0.01245	0.01143	0.00498	0.00586
53	0.03635	0.01742	0.02157	0.01654	0.02319	0.01687	0.01366	0.22301	0.02927	0.46525	0.02945	0.02629	0.01899	0.01043	0.00854	0.00261	0.00791	0.00828	0.00990	0.01448
54	0.01030	0.00847	0.00906	0.00926	0.01173	0.00723	0.00681	0.01254	0.01945	0.02392	0.13591	0.16184	0.51039	0.02182	0.01016	0.00293	0.00436	0.01854	0.00805	0.00723
55	0.02613	0.02308	0.03617	0.02672	0.03421	0.02387	0.28486	0.31693	0.06977	0.04065	0.01992	0.02230	0.01453	0.00894	0.00921	0.00272	0.01142	0.00886	0.00664	0.01307
56	0.02584	0.02175	0.03073	0.03842	0.38487	0.02283	0.02191	0.27720	0.02811	0.03873	0.01788	0.02080	0.01390	0.00870	0.00846	0.00254	0.00979	0.00762	0.00603	0.01390
57	0.01238	0.00825	0.00928	0.00928	0.00928	0.00825	0.00516	0.01238	0.01238	0.01650	0.02681	0.05569	0.03094	0.70092	0.04331	0.00825	0.00825	0.01238	0.00516	0.00516
58	0.17566	0.01486	0.01837	0.01439	0.02072	0.01376	0.01188	0.03834	0.02248	0.53666	0.02944	0.02609	0.01881	0.01003	0.00793	0.00263	0.00712	0.00781	0.00953	0.01348
59	0.02106	0.02022	0.03454	0.05223	0.64784	0.02022	0.02612	0.02612	0.01938	0.02780	0.01601	0.02106	0.01348	0.00758	0.00842	0.00253	0.01011	0.00758	0.00421	0.01348
60	0.03141	0.02300	0.02840	0.02157	0.02847	0.06558	0.11474	0.37079	0.03263	0.16318	0.02196	0.02216	0.01526	0.00968	0.00872	0.00260	0.01018	0.00808	0.00793	0.01367
61	0.01037	0.00741	0.00987	0.01185	0.01234	0.00691	0.00790	0.01185	0.01629	0.02172	0.04690	0.69537	0.05629	0.02666	0.01086	0.00346	0.00494	0.02419	0.00790	0.00691
62	0.01037	0.00741	0.00987	0.01185	0.01234	0.00691	0.00790	0.01185	0.01629	0.02172	0.04690	0.69537	0.05629	0.02666	0.01086	0.00346	0.00494	0.02419	0.00790	0.00691
63	0.02092	0.51227	0.09403	0.01419	0.02095	0.02750	0.01448	0.02454	0.01746	0.02289	0.01518	0.01749	0.01298	0.00786	0.00580	0.00193	0.00844	0.00535	0.14523	0.01051
64	0.01356	0.01029	0.01268	0.01181	0.01428	0.01022	0.00893	0.02091	0.12530	0.03437	0.54208	0.05828	0.07126	0.01642	0.00981	0.00271	0.00447	0.01443	0.00925	0.00893
65	0.03053	0.01870	0.02089	0.01636	0.02221	0.01975	0.01340	0.37521	0.03227	0.18466	0.02479	0.02450	0.01735	0.01023	0.00804	0.00246	0.00786	0.00792	0.14964	0.01323
66	0.02275	0.70604	0.04459	0.01456	0.02184	0.03367	0.01456	0.02548	0.01729	0.02002	0.01183	0.01365	0.01092	0.00728	0.00546	0.00182	0.00910	0.00455	0.00364	0.01092
67	0.02806	0.03458	0.02213	0.02036	0.02420	0.54197	0.01534	0.03041	0.02213	0.02062	0.01499	0.01879	0.01292	0.01924	0.13311	0.00438	0.01676	0.00617	0.00442	0.00943
68	0.01037	0.00741	0.00987	0.01185	0.01234	0.00691	0.00790	0.01185	0.01629	0.02172	0.04690	0.69537	0.05629	0.02666	0.01086	0.00346	0.00494	0.02419	0.00790	0.00691
69	0.02308	0.02783	0.15000	0.03398	0.26633	0.10569	0.05870	0.10421	0.09010	0.03081	0.01818	0.02094	0.01411	0.00858	0.00840	0.00258	0.01105	0.00744	0.00516	0.01284
70	0.01541	0.01396	0.02303	0.55379	0.05048	0.01699	0.02137	0.02059	0.01729	0.02221	0.02094	0.07513	0.01897	0.01156	0.00907	0.00301	0.01049	0.08206	0.00456	0.00909
71	0.03818	0.01448	0.01975	0.01514	0.02172	0.01251	0.01251	0.04147	0.02436	0.65373	0.03357	0.02897	0.02107	0.01053	0.00856	0.00263	0.00724	0.00856	0.01053	0.01448
72	0.01447	0.01313	0.01760	0.01619	0.01703	0.01626	0.01280	0.01656	0.01621	0.02287	0.11000	0.19229	0.13487	0.01905	0.01879	0.00339	0.33011	0.01407	0.00608	0.00824
73	0.02533	0.07980	0.28865	0.01973	0.02868	0.01993	0.02115	0.10609	0.10015	0.19214	0.02282	0.02253	0.01582	0.00936	0.00814	0.00262	0.00981	0.00734	0.00663	0.01329
74	0.03094	0.02171	0.02361	0.01830	0.02447	0.02369	0.01489	0.52062	0.03630	0.09476	0.02200	0.02431	0.01648	0.07388	0.01172	0.00308	0.00910	0.00816	0.00835	0.01361
75	0.01682	0.01035	0.01239	0.01115	0.01453	0.00935	0.00861	0.02119	0.05889	0.14815	0.27736	0.06207	0.28150	0.01733	0.00968	0.00276	0.00491	0.01472	0.00899	0.00926
76	0.02335	0.15147	0.02721	0.02129	0.12150	0.02111	0.01516	0.12636	0.11539	0.06884	0.01956	0.02069	0.01526	0.00839	0.00733	0.00211	0.00807	0.00669	0.00609	0.21413
77	0.01497	0.02088	0.18744	0.02446	0.18182	0.01393	0.01842	0.02005	0.01922	0.02631	0.10329	0.10167	0.20440	0.01442	0.00918	0.00277	0.00802	0.01249	0.00596	0.01029
78	0.02160	0.11941	0.38108	0.02192	0.03218	0.02000	0.07889	0.02889	0.01912	0.13015	0.01804	0.01969	0.01281	0.00820	0.00791	0.00251	0.01106	0.00672	0.00490	0.05494
79	0.02326	0.02790	0.28590	0.02384	0.10650	0.01776	0.02207	0.06878	0.07690	0.17269	0.02400	0.07257	0.01848	0.01041	0.00852	0.00272	0.00974	0.00869	0.00636	0.01291
80	0.08623	0.01069	0.01553	0.06364	0.01953	0.01073	0.06569	0.01645	0.01820	0.02644	0.15168	0.36024	0.04844	0.01972	0.00996	0.00315	0.00644	0.05195	0.00728	0.00802
81	0.02099	0.03188	0.33233	0.02301	0.03139	0.02190	0.06227	0.12248	0.07761	0.05043	0.01788	0.02040	0.01329	0.00991	0.01169	0.00287	0.12481	0.00732	0.00513	0.01240

[dist]
# distance from previous block
# <min> <max>
0	8

[block]
# block no. 2 follows, 21 sequences, length 47
# corresponding to MSA columns:
# 183-208,210-230
name=unknown_C
#
# <colnr> <probs for GDERKNQSTAVLIFYWHMCP>
#	G	D	E	R	K	N	Q	S	T	A	V	L	I	F	Y	W	H	M	C	P
0	0.07630	0.07801	0.04828	0.03196	0.31350	0.01888	0.01887	0.06951	0.02159	0.07855	0.13456	0.02830	0.02603	0.00986	0.00824	0.00252	0.00843	0.00860	0.00599	0.01204
1	0.02595	0.02306	0.06781	0.01801	0.02352	0.11874	0.01545	0.27087	0.02950	0.08428	0.10052	0.03717	0.04760	0.01283	0.00901	0.00272	0.00935	0.08422	0.00766	0.01174
2	0.01243	0.00793	0.01061	0.01209	0.01304	0.00733	0.00824	0.01404	0.01689	0.06851	0.04592	0.64604	0.05368	0.02547	0.01069	0.00340	0.00511	0.02304	0.00809	0.00747
3	0.01523	0.01370	0.01938	0.01764	0.01835	0.01785	0.01421	0.01762	0.01435	0.02135	0.06500	0.08577	0.02362	0.03264	0.24117	0.00699	0.35187	0.01006	0.00479	0.00843
4	0.01790	0.03824	0.49041	0.02744	0.03893	0.02025	0.19206	0.02704	0.01855	0.02704	0.01581	0.01934	0.01137	0.00784	0.00862	0.00274	0.01306	0.00732	0.00379	0.01228
5	0.76103	0.01646	0.01251	0.01119	0.01646	0.01909	0.00922	0.02502	0.01448	0.03818	0.01185	0.01382	0.00922	0.00790	0.00527	0.00263	0.00658	0.00461	0.00527	0.00922
6	0.01189	0.00869	0.01117	0.01055	0.01262	0.00797	0.00791	0.01577	0.02373	0.03328	0.60101	0.06496	0.12317	0.01771	0.01004	0.00269	0.00404	0.01559	0.00926	0.00797
7	0.01751	0.01440	0.07118	0.01613	0.06415	0.01184	0.01251	0.06635	0.02444	0.10124	0.42900	0.04943	0.05789	0.01457	0.00947	0.00265	0.00597	0.01269	0.00854	0.01002
8	0.01371	0.00980	0.01371	0.01567	0.01763	0.00980	0.01371	0.01763	0.01959	0.02547	0.04506	0.09599	0.04898	0.02351	0.01175	0.00392	0.00784	0.59056	0.00784	0.00784
9	0.02117	0.01828	0.01924	0.01732	0.02213	0.02117	0.01347	0.04522	0.63246	0.03560	0.03464	0.03175	0.02598	0.01155	0.00866	0.00289	0.00673	0.00962	0.00866	0.01347
10	0.02154	0.33895	0.21024	0.02162	0.03055	0.02699	0.13219	0.07784	0.01997	0.02618	0.01452	0.01716	0.01156	0.00773	0.00730	0.00232	0.01105	0.00632	0.00418	0.01178
11	0.02405	0.07430	0.03300	0.03473	0.28182	0.09885	0.10542	0.02973	0.06136	0.09502	0.01835	0.02149	0.01441	0.00878	0.00982	0.00261	0.06105	0.00768	0.00516	0.01236
12	0.07418	0.03175	0.34530	0.02644	0.03616	0.01938	0.23488	0.02579	0.01833	0.02752	0.01806	0.06990	0.01481	0.00913	0.00877	0.00281	0.01218	0.00882	0.00429	0.01151
13	0.01051	0.00750	0.01003	0.01201	0.01256	0.00703	0.00814	0.01209	0.01643	0.02188	0.04683	0.67073	0.05598	0.02653	0.01090	0.00348	0.00506	0.04747	0.00790	0.00695
14	0.01934	0.06752	0.11652	0.02826	0.03605	0.02094	0.36241	0.02888	0.11912	0.02770	0.02168	0.07329	0.01788	0.00946	0.00934	0.00283	0.01185	0.01021	0.00515	0.01156
15	0.02106	0.02022	0.03454	0.05223	0.64784	0.02022	0.02612	0.02612	0.01938	0.02780	0.01601	0.02106	0.01348	0.00758	0.00842	0.00253	0.01011	0.00758	0.00421	0.01348
16	0.01598	0.00957	0.01264	0.01137	0.01407	0.00870	0.00870	0.01988	0.02413	0.12739	0.55156	0.05836	0.07138	0.01636	0.00981	0.00267	0.00450	0.01436	0.00954	0.00900
17	0.01200	0.00809	0.00939	0.00976	0.00986	0.00800	0.00567	0.01228	0.01311	0.01748	0.03058	0.17559	0.03569	0.57455	0.03723	0.00735	0.00763	0.01459	0.00567	0.00549
18	0.19623	0.02058	0.06971	0.22980	0.03495	0.08097	0.04566	0.02719	0.01811	0.12087	0.01673	0.02019	0.01228	0.00910	0.00924	0.00276	0.06309	0.00683	0.00521	0.01051
19	0.02791	0.02648	0.20171	0.02464	0.12163	0.01998	0.02098	0.21353	0.02666	0.19919	0.02176	0.02207	0.01502	0.00931	0.00839	0.00261	0.00982	0.00750	0.00702	0.01380
20	0.01882	0.01966	0.02447	0.02004	0.02361	0.16010	0.17631	0.02171	0.01731	0.02089	0.02054	0.03446	0.02012	0.26384	0.11563	0.00619	0.01360	0.00972	0.00466	0.00830
21	0.50074	0.02035	0.02024	0.02097	0.12281	0.09457	0.05780	0.02640	0.01681	0.03367	0.01308	0.01586	0.01039	0.00789	0.00642	0.00258	0.00875	0.00560	0.00492	0.01016
22	0.01013	0.00833	0.00892	0.00939	0.01170	0.00712	0.00681	0.01213	0.01866	0.02269	0.07688	0.22756	0.50475	0.02277	0.01025	0.00301	0.00446	0.01944	0.00790	0.00712
23	0.02320	0.02630	0.07845	0.02575	0.14801	0.22764	0.01822	0.02922	0.08379	0.05166	0.08839	0.03045	0.02385	0.01126	0.00983	0.00267	0.05324	0.05133	0.00573	0.01099
24	0.02296	0.02151	0.03636	0.03629	0.25791	0.02129	0.21886	0.15771	0.02405	0.03335	0.01732	0.02127	0.01344	0.00793	0.00881	0.00254	0.01104	0.00821	0.00527	0.07390
25	0.01208	0.00872	0.01149	0.01118	0.01265	0.00879	0.00811	0.01489	0.01845	0.02587	0.31467	0.05392	0.07310	0.17612	0.20528	0.00702	0.01030	0.01305	0.00704	0.00727
26	0.76103	0.01646	0.01251	0.01119	0.01646	0.01909	0.00922	0.02502	0.01448	0.03818	0.01185	0.01382	0.00922	0.00790	0.00527	0.00263	0.00658	0.00461	0.00527	0.00922
27	0.02664	0.02578	0.25568	0.02191	0.07410	0.01587	0.04828	0.03271	0.02143	0.30828	0.06397	0.02629	0.02015	0.00970	0.00854	0.00266	0.00954	0.00816	0.00715	0.01315
28	0.01468	0.01011	0.01261	0.01107	0.01438	0.00877	0.00848	0.01835	0.02253	0.08030	0.42840	0.05636	0.13929	0.01574	0.00936	0.00249	0.00465	0.01364	0.00862	0.12018
29	0.69673	0.01678	0.01442	0.01476	0.07133	0.01919	0.01069	0.02511	0.01491	0.03728	0.01221	0.01445	0.00959	0.00787	0.00554	0.00262	0.00689	0.00487	0.00517	0.00959
30	0.02121	0.52611	0.21099	0.01720	0.02592	0.02989	0.01915	0.02588	0.01748	0.02190	0.01277	0.01482	0.01088	0.00750	0.00617	0.00206	0.01005	0.00502	0.00363	0.01137
31	0.02108	0.06429	0.07018	0.07192	0.45668	0.01961	0.02339	0.02613	0.01971	0.06626	0.06350	0.02413	0.01850	0.00855	0.00835	0.00252	0.00962	0.00795	0.00489	0.01273
32	0.01238	0.00825	0.00928	0.00928	0.00928	0.00825	0.00516	0.01238	0.01238	0.01650	0.02681	0.05569	0.03094	0.70092	0.04331	0.00825	0.00825	0.01238	0.00516	0.00516
33	0.02445	0.58131	0.04076	0.01594	0.02268	0.15233	0.01491	0.02708	0.01857	0.02017	0.01208	0.01397	0.01093	0.00756	0.00588	0.00189	0.01027	0.00472	0.00378	0.01072
34	0.01765	0.01513	0.01765	0.01260	0.02017	0.01134	0.01008	0.02143	0.01765	0.02773	0.01513	0.01765	0.01260	0.00630	0.00630	0.00126	0.00630	0.00504	0.00504	0.75295
35	0.02805	0.03433	0.02467	0.02204	0.02518	0.48473	0.01706	0.03015	0.02097	0.02073	0.01259	0.01628	0.01102	0.01051	0.01343	0.00263	0.20570	0.00604	0.00420	0.00971
36	0.01240	0.00957	0.01350	0.01279	0.01470	0.00901	0.05324	0.01510	0.01879	0.02524	0.22080	0.16793	0.12738	0.17100	0.01776	0.00423	0.00637	0.08540	0.00745	0.00734
37	0.01862	0.01862	0.02607	0.02234	0.02234	0.02607	0.01862	0.02048	0.01303	0.02048	0.01117	0.01862	0.01117	0.01489	0.02793	0.00372	0.68535	0.00745	0.00372	0.00931
38	0.01957	0.33547	0.38729	0.01999	0.03023	0.02589	0.02401	0.02630	0.01767	0.02390	0.01376	0.01607	0.01084	0.00773	0.00693	0.00231	0.01105	0.00552	0.00361	0.01185
39	0.03818	0.01448	0.01975	0.01514	0.02172	0.01251	0.01251	0.04147	0.02436	0.65373	0.03357	0.02897	0.02107	0.01053	0.00856	0.00263	0.00724	0.00856	0.01053	0.01448
40	0.01177	0.00840	0.01148	0.01345	0.01455	0.00812	0.01033	0.01426	0.01767	0.02329	0.04613	0.44501	0.05323	0.02534	0.01123	0.00365	0.00615	0.26076	0.00787	0.00730
41	0.01238	0.00825	0.00928	0.00928	0.00928	0.00825	0.00516	0.01238	0.01238	0.01650	0.02681	0.05569	0.03094	0.70092	0.04331	0.00825	0.00825	0.01238	0.00516	0.00516
42	0.01763	0.04007	0.54313	0.02643	0.03827	0.02009	0.14118	0.02701	0.01836	0.02701	0.01564	0.01890	0.01118	0.00791	0.00845	0.00273	0.01291	0.00699	0.00373	0.01237
43	0.01247	0.00917	0.01330	0.01367	0.01514	0.01027	0.01074	0.01541	0.01467	0.02054	0.02732	0.04709	0.02731	0.11164	0.49013	0.01138	0.01873	0.11838	0.00523	0.00743
44	0.01750	0.02843	0.32953	0.01817	0.02745	0.01509	0.02037	0.02427	0.01888	0.05349	0.09438	0.02400	0.02051	0.00873	0.00773	0.00219	0.00912	0.00709	0.00510	0.26799
45	0.02060	0.44531	0.10284	0.01575	0.02208	0.08217	0.01531	0.02383	0.01777	0.02116	0.01889	0.14204	0.01941	0.01113	0.00695	0.00225	0.00924	0.00850	0.00450	0.01026
46	0.02341	0.05420	0.15965	0.01904	0.06348	0.01660	0.01704	0.03166	0.11732	0.17726	0.02255	0.02268	0.01633	0.00866	0.00769	0.00226	0.00832	0.00701	0.00649	0.21834

[dist]
# distance from previous block
# <min> <max>
0	1

[block]
# block no. 3 follows, 21 sequences, length 32
# corresponding to MSA columns:
# 233-264
name=unknown_D
#
# <colnr> <probs for GDERKNQSTAVLIFYWHMCP>
#	G	D	E	R	K	N	Q	S	T	A	V	L	I	F	Y	W	H	M	C	P
0	0.26927	0.01880	0.01808	0.01689	0.04832	0.06299	0.01271	0.03645	0.28490	0.11063	0.02467	0.02388	0.01825	0.00985	0.00744	0.00271	0.00748	0.00746	0.00728	0.01194
1	0.12017	0.01837	0.02929	0.06771	0.32045	0.01826	0.08280	0.02963	0.01992	0.18161	0.01984	0.02234	0.01462	0.00835	0.00823	0.00262	0.00946	0.00770	0.00588	0.01276
2	0.01841	0.06071	0.36302	0.02612	0.13080	0.01990	0.02480	0.02956	0.13758	0.02896	0.06143	0.02404	0.01886	0.00927	0.00827	0.00267	0.01032	0.00769	0.00507	0.01252
3	0.06055	0.01498	0.01782	0.01346	0.02024	0.01258	0.01084	0.02844	0.06110	0.19874	0.04631	0.02331	0.01833	0.00833	0.00717	0.00187	0.00651	0.00670	0.00696	0.43578
4	0.58298	0.02234	0.01534	0.01381	0.01886	0.17723	0.01098	0.02720	0.01683	0.03394	0.01217	0.01420	0.00964	0.00811	0.00585	0.00253	0.00872	0.00482	0.00505	0.00937
5	0.02529	0.02107	0.02117	0.01798	0.02331	0.06188	0.01425	0.23229	0.37673	0.04047	0.02839	0.02703	0.02112	0.01088	0.00845	0.00270	0.00802	0.00866	0.03696	0.01336
6	0.01055	0.00821	0.00959	0.01014	0.01202	0.00725	0.00726	0.01283	0.01922	0.02469	0.17979	0.29144	0.33156	0.02253	0.01033	0.00304	0.00447	0.01963	0.00818	0.00725
7	0.76103	0.01646	0.01251	0.01119	0.01646	0.01909	0.00922	0.02502	0.01448	0.03818	0.01185	0.01382	0.00922	0.00790	0.00527	0.00263	0.00658	0.00461	0.00527	0.00922
8	0.02009	0.02296	0.05022	0.03587	0.04448	0.02152	0.61693	0.02726	0.02009	0.02726	0.01722	0.02296	0.01291	0.00717	0.01004	0.00287	0.01435	0.01004	0.00430	0.01148
9	0.01086	0.00826	0.01000	0.01040	0.01220	0.00739	0.00748	0.01345	0.02004	0.02650	0.26953	0.27368	0.25588	0.02174	0.01031	0.00299	0.00441	0.01907	0.00842	0.00739
10	0.01184	0.00870	0.01138	0.01281	0.01442	0.00824	0.01008	0.01465	0.01880	0.02450	0.10143	0.29605	0.15059	0.02377	0.01103	0.00349	0.00596	0.25683	0.00799	0.00743
11	0.02193	0.02150	0.03119	0.04407	0.49539	0.07138	0.02326	0.02990	0.12108	0.02854	0.01886	0.02238	0.01535	0.00833	0.00840	0.00256	0.00997	0.00775	0.00496	0.01319
12	0.02203	0.01515	0.01745	0.04732	0.02125	0.01625	0.01223	0.07407	0.29183	0.13691	0.12234	0.03838	0.07783	0.01263	0.00876	0.00273	0.00648	0.01056	0.05385	0.01193
13	0.76103	0.01646	0.01251	0.01119	0.01646	0.01909	0.00922	0.02502	0.01448	0.03818	0.01185	0.01382	0.00922	0.00790	0.00527	0.00263	0.00658	0.00461	0.00527	0.00922
14	0.01219	0.00901	0.01311	0.01311	0.01443	0.01033	0.00993	0.01483	0.01351	0.01934	0.02331	0.03630	0.02252	0.14586	0.58687	0.01298	0.02092	0.00954	0.00464	0.00728
15	0.01739	0.01324	0.01576	0.01561	0.01857	0.01416	0.01246	0.11622	0.15952	0.03112	0.03937	0.23265	0.04041	0.01960	0.01031	0.00335	0.00704	0.21518	0.00814	0.00989
16	0.01077	0.00794	0.00939	0.01034	0.01136	0.00731	0.00684	0.01208	0.01618	0.02079	0.05273	0.37169	0.21066	0.18990	0.01857	0.00447	0.00558	0.01961	0.00723	0.00656
17	0.02444	0.02771	0.02736	0.02948	0.17664	0.27864	0.01959	0.02721	0.01898	0.02241	0.01314	0.01792	0.01165	0.01068	0.01514	0.00282	0.25485	0.00670	0.00411	0.01055
18	0.13579	0.09653	0.18939	0.02254	0.06664	0.07041	0.06951	0.19074	0.02418	0.03496	0.01589	0.01801	0.01193	0.00851	0.00767	0.00253	0.01064	0.00657	0.00537	0.01219
19	0.01607	0.01513	0.02552	0.68047	0.05861	0.01891	0.02363	0.02174	0.01702	0.02174	0.01513	0.02269	0.01134	0.00851	0.00851	0.00284	0.01134	0.00756	0.00378	0.00945
20	0.01270	0.00854	0.01056	0.01005	0.01210	0.00797	0.00754	0.01662	0.02262	0.03311	0.49407	0.05815	0.09624	0.01612	0.00923	0.00255	0.00402	0.01404	0.15581	0.00797
21	0.01024	0.00791	0.00935	0.01051	0.01199	0.00703	0.00730	0.01200	0.01758	0.02225	0.06323	0.44063	0.30049	0.02454	0.01053	0.00321	0.00468	0.02160	0.00790	0.00703
22	0.01607	0.01513	0.02552	0.68047	0.05861	0.01891	0.02363	0.02174	0.01702	0.02174	0.01513	0.02269	0.01134	0.00851	0.00851	0.00284	0.01134	0.00756	0.00378	0.00945
23	0.01890	0.01509	0.01777	0.01276	0.02026	0.01142	0.01023	0.02265	0.01806	0.06590	0.01625	0.01834	0.01312	0.00656	0.00644	0.00134	0.00636	0.00526	0.00538	0.70792
24	0.03273	0.01288	0.01686	0.01338	0.01884	0.01139	0.01091	0.03619	0.02277	0.50186	0.03215	0.02964	0.02125	0.01038	0.00792	0.00247	0.00644	0.00841	0.19064	0.01288
25	0.01994	0.02500	0.12450	0.03837	0.19081	0.02098	0.39729	0.02694	0.01964	0.02735	0.01667	0.02185	0.01278	0.00739	0.00940	0.00276	0.01308	0.00896	0.00419	0.01211
26	0.01843	0.01011	0.01342	0.01179	0.01491	0.00912	0.00912	0.02226	0.02415	0.18541	0.49446	0.05512	0.06583	0.01572	0.00968	0.00267	0.00480	0.01372	0.00965	0.00961
27	0.76103	0.01646	0.01251	0.01119	0.01646	0.01909	0.00922	0.02502	0.01448	0.03818	0.01185	0.01382	0.00922	0.00790	0.00527	0.00263	0.00658	0.00461	0.00527	0.00922
28	0.01275	0.00975	0.01182	0.01112	0.01357	0.00936	0.00839	0.01870	0.09099	0.03255	0.48868	0.06289	0.16233	0.01740	0.00989	0.00273	0.00436	0.01515	0.00906	0.00850
29	0.01139	0.00870	0.01060	0.01033	0.01240	0.00817	0.00766	0.01425	0.01978	0.02641	0.29528	0.06454	0.26603	0.08324	0.11856	0.00498	0.00749	0.01504	0.00773	0.00742
30	0.01900	0.01750	0.02908	0.04250	0.49316	0.01739	0.02217	0.02379	0.02016	0.02864	0.12011	0.03410	0.02723	0.01048	0.00896	0.00267	0.00894	0.05666	0.00535	0.01213
31	0.06575	0.01742	0.02505	0.02868	0.24824	0.01690	0.01749	0.09396	0.02368	0.31315	0.04639	0.02571	0.01916	0.00955	0.00840	0.00259	0.00835	0.00816	0.00774	0.01363

[dist]
# distance from previous block
# <min> <max>
0	10

# created by:
# /home/cegg/simao/soft/augustus-3.2.1/scripts/msa2prfl.pl ./align_prep/27411.fa
