[name]
unknown

[dist]
# distance from previous block
# <min> <max>
0	531

[block]
# block no. 0 follows, 23 sequences, length 62
# corresponding to MSA columns:
# 614-634,637-677
name=unknown_A
#
# <colnr> <probs for GDERKNQSTAVLIFYWHMCP>
#	G	D	E	R	K	N	Q	S	T	A	V	L	I	F	Y	W	H	M	C	P
0	0.01616	0.01528	0.02585	0.58174	0.16293	0.01825	0.02295	0.02147	0.01662	0.02175	0.01457	0.02136	0.01117	0.00796	0.00810	0.00265	0.01061	0.00721	0.00368	0.00969
1	0.01951	0.01480	0.02302	0.03085	0.33062	0.01457	0.01721	0.02446	0.05717	0.11715	0.08275	0.14658	0.02904	0.01260	0.00877	0.00268	0.00758	0.04312	0.00635	0.01117
2	0.01298	0.00830	0.01145	0.01135	0.01244	0.00871	0.00822	0.01372	0.04672	0.01778	0.02716	0.03481	0.10790	0.03664	0.23558	0.37555	0.01130	0.00911	0.00461	0.00568
3	0.01942	0.02073	0.04022	0.02961	0.03688	0.02043	0.47336	0.03044	0.18274	0.02806	0.02073	0.02406	0.01554	0.00792	0.00923	0.00274	0.01180	0.00947	0.00518	0.01144
4	0.01407	0.01224	0.01739	0.01597	0.01671	0.01582	0.01272	0.01626	0.01268	0.01884	0.01765	0.02813	0.01726	0.10059	0.36329	0.00879	0.29150	0.00833	0.00408	0.00769
5	0.01168	0.00780	0.01086	0.01131	0.01231	0.00787	0.00818	0.01265	0.01488	0.02024	0.11172	0.21027	0.08263	0.03375	0.19014	0.19970	0.00965	0.03233	0.00586	0.00616
6	0.00998	0.00748	0.00930	0.01069	0.01183	0.00681	0.00747	0.01168	0.01647	0.02122	0.05435	0.51256	0.21088	0.02400	0.01020	0.00317	0.00470	0.05295	0.00753	0.00671
7	0.02029	0.54384	0.20608	0.01628	0.02454	0.02867	0.01806	0.02466	0.01665	0.02080	0.01213	0.01408	0.01038	0.00714	0.00586	0.00195	0.00954	0.00477	0.00346	0.01082
8	0.01919	0.01932	0.03579	0.13278	0.41484	0.01944	0.18859	0.02463	0.01835	0.02559	0.01546	0.02078	0.01243	0.00724	0.00846	0.00254	0.01089	0.00786	0.00398	0.01182
9	0.02808	0.02135	0.02279	0.01811	0.02411	0.02387	0.01475	0.48300	0.19681	0.04668	0.02300	0.02228	0.01665	0.01007	0.00815	0.00252	0.00828	0.00779	0.00815	0.01355
10	0.01691	0.01449	0.01527	0.01398	0.01793	0.01597	0.01080	0.03327	0.44795	0.03074	0.08365	0.04451	0.19298	0.01382	0.00868	0.00274	0.00567	0.01157	0.00811	0.01097
11	0.01511	0.01613	0.01225	0.01166	0.01471	0.18218	0.00874	0.01730	0.01999	0.02217	0.10697	0.06033	0.44879	0.01709	0.00900	0.00256	0.00682	0.01386	0.00677	0.00757
12	0.01494	0.01361	0.01945	0.01753	0.01819	0.01813	0.01427	0.01723	0.01271	0.01921	0.01572	0.02421	0.01505	0.03553	0.32648	0.00789	0.38999	0.00783	0.00391	0.00813
13	0.01375	0.01090	0.01311	0.01129	0.01491	0.00983	0.00867	0.01957	0.09082	0.03064	0.39676	0.04666	0.08034	0.01340	0.00850	0.00223	0.00470	0.01161	0.00772	0.20458
14	0.10923	0.01149	0.01360	0.01324	0.01581	0.01263	0.01038	0.04767	0.12761	0.02700	0.08988	0.09648	0.03112	0.02730	0.17071	0.07131	0.00996	0.09976	0.00640	0.00840
15	0.22713	0.01222	0.01382	0.01209	0.01614	0.01230	0.00952	0.02112	0.01539	0.11204	0.02003	0.07300	0.01756	0.02398	0.18350	0.05103	0.01025	0.00764	0.00557	0.15567
16	0.01532	0.01442	0.02434	0.69533	0.05589	0.01803	0.02253	0.02073	0.01622	0.02073	0.01442	0.02163	0.01082	0.00811	0.00811	0.00270	0.01082	0.00721	0.00361	0.00901
17	0.01409	0.00705	0.01057	0.01057	0.01057	0.00705	0.00705	0.01057	0.01057	0.01409	0.01409	0.02467	0.01409	0.02819	0.03171	0.76392	0.00705	0.00705	0.00352	0.00352
18	0.14453	0.01037	0.01102	0.01045	0.01332	0.01034	0.00795	0.03565	0.04687	0.05016	0.23190	0.12953	0.19640	0.01602	0.00853	0.00265	0.00478	0.01346	0.04796	0.00812
19	0.04721	0.00865	0.01050	0.01026	0.01195	0.00819	0.00724	0.01544	0.01832	0.06701	0.28782	0.18025	0.09830	0.17352	0.01650	0.00389	0.00523	0.01494	0.00756	0.00723
20	0.02034	0.01184	0.01418	0.01261	0.01535	0.01178	0.00916	0.13948	0.02038	0.16554	0.03075	0.21138	0.03068	0.24600	0.01963	0.00446	0.00705	0.01306	0.00733	0.00901
21	0.05455	0.01066	0.01341	0.01194	0.01518	0.00996	0.00904	0.02403	0.04822	0.24575	0.19720	0.15841	0.06156	0.08800	0.01226	0.00323	0.00569	0.01298	0.00840	0.00954
22	0.12160	0.00999	0.01159	0.01126	0.01361	0.00993	0.00847	0.03639	0.01890	0.07557	0.23050	0.18583	0.07412	0.08995	0.01239	0.00336	0.00549	0.06561	0.00754	0.00791
23	0.01311	0.00940	0.01160	0.01240	0.01402	0.00950	0.00920	0.05367	0.07450	0.02572	0.07152	0.41794	0.04589	0.02088	0.00972	0.00310	0.00543	0.11160	0.07292	0.00786
24	0.01066	0.00768	0.01021	0.01165	0.01265	0.00723	0.00845	0.01285	0.01729	0.02313	0.13783	0.48464	0.07761	0.02341	0.01036	0.00324	0.00503	0.12145	0.00773	0.00691
25	0.02268	0.01231	0.01496	0.01304	0.01694	0.01198	0.01010	0.07490	0.10857	0.25325	0.07636	0.16220	0.08760	0.03952	0.00983	0.00286	0.00599	0.01231	0.05399	0.01063
26	0.01138	0.00834	0.01063	0.01172	0.01290	0.00808	0.00829	0.03375	0.04517	0.02404	0.12441	0.51962	0.07351	0.02282	0.01011	0.00315	0.00493	0.05210	0.00776	0.00729
27	0.01166	0.00841	0.01161	0.01161	0.01256	0.00936	0.00836	0.01357	0.01262	0.01778	0.02304	0.03913	0.02343	0.28435	0.46349	0.01127	0.01700	0.00976	0.00454	0.00645
28	0.01584	0.00889	0.01119	0.01092	0.01296	0.00807	0.00774	0.01763	0.01747	0.15533	0.09543	0.29088	0.13573	0.15496	0.01574	0.00388	0.00561	0.01619	0.00766	0.00789
29	0.01471	0.01047	0.01523	0.13464	0.07495	0.01050	0.01198	0.01800	0.01896	0.08801	0.21041	0.23486	0.09213	0.01651	0.00927	0.00279	0.00612	0.01470	0.00718	0.00856
30	0.01532	0.01442	0.02434	0.69533	0.05589	0.01803	0.02253	0.02073	0.01622	0.02073	0.01442	0.02163	0.01082	0.00811	0.00811	0.00270	0.01082	0.00721	0.00361	0.00901
31	0.01051	0.00826	0.00949	0.00919	0.01152	0.00724	0.00689	0.01343	0.02067	0.02707	0.36266	0.06961	0.37725	0.01863	0.00958	0.00265	0.00397	0.01594	0.00821	0.00724
32	0.01115	0.00794	0.01053	0.01101	0.01178	0.00821	0.00758	0.01282	0.01424	0.01962	0.08486	0.23634	0.03761	0.24644	0.23457	0.00774	0.01104	0.01431	0.00584	0.00638
33	0.01586	0.01279	0.01637	0.01523	0.01722	0.01508	0.01195	0.09274	0.09647	0.02514	0.02584	0.13941	0.02544	0.06236	0.23207	0.00656	0.13357	0.04124	0.00584	0.00882
34	0.01462	0.00941	0.01141	0.01112	0.01363	0.00874	0.00823	0.01872	0.07182	0.11368	0.17216	0.26070	0.21633	0.01906	0.00952	0.00285	0.00482	0.01660	0.00821	0.00838
35	0.02604	0.03184	0.02955	0.02578	0.06741	0.43300	0.16075	0.02938	0.02094	0.02166	0.01345	0.01691	0.01105	0.00843	0.00950	0.00238	0.07137	0.00652	0.00410	0.00993
36	0.46900	0.01579	0.01531	0.01263	0.01819	0.01691	0.01042	0.08868	0.01914	0.23649	0.01859	0.01832	0.01282	0.00854	0.00631	0.00250	0.00673	0.00586	0.00690	0.01085
37	0.01205	0.00799	0.01026	0.01026	0.01067	0.00840	0.00667	0.01239	0.01198	0.01639	0.02294	0.04330	0.02483	0.43845	0.22046	0.11105	0.01166	0.01029	0.00457	0.00538
38	0.01419	0.01215	0.01652	0.01506	0.01544	0.01544	0.01155	0.01568	0.01238	0.01810	0.01844	0.03305	0.01936	0.25696	0.20171	0.00743	0.29612	0.00906	0.00421	0.00715
39	0.00967	0.00792	0.00853	0.00902	0.01117	0.00678	0.00652	0.01156	0.01773	0.02161	0.07247	0.24195	0.50334	0.02181	0.00979	0.00288	0.00427	0.01867	0.00753	0.00678
40	0.01069	0.00826	0.00975	0.00938	0.01164	0.00732	0.00703	0.01378	0.02110	0.02809	0.41813	0.06793	0.32114	0.01825	0.00958	0.00263	0.00395	0.01570	0.00835	0.00732
41	0.02564	0.01685	0.01899	0.01611	0.02133	0.01828	0.01280	0.09174	0.42226	0.21429	0.03161	0.02863	0.02254	0.01063	0.00822	0.00266	0.00677	0.00873	0.00875	0.01319
42	0.01159	0.00869	0.01304	0.01304	0.01449	0.01014	0.01014	0.01449	0.01304	0.01884	0.02173	0.03188	0.02029	0.06086	0.68268	0.01304	0.02173	0.00869	0.00435	0.00724
43	0.57794	0.01660	0.01411	0.01237	0.01745	0.01915	0.01006	0.08035	0.12578	0.03726	0.01576	0.01668	0.01198	0.00832	0.00585	0.00255	0.00653	0.00547	0.00585	0.00992
44	0.00989	0.00706	0.00942	0.01130	0.01177	0.00659	0.00753	0.01130	0.01554	0.02071	0.04472	0.70954	0.05367	0.02542	0.01036	0.00330	0.00471	0.02307	0.00753	0.00659
45	0.70647	0.01552	0.01254	0.01101	0.01614	0.01764	0.00907	0.02525	0.01465	0.09295	0.01315	0.01447	0.00980	0.00776	0.00530	0.00251	0.00633	0.00473	0.00547	0.00924
46	0.00967	0.00792	0.00853	0.00902	0.01117	0.00678	0.00652	0.01156	0.01773	0.02161	0.07247	0.24195	0.50334	0.02181	0.00979	0.00288	0.00427	0.01867	0.00753	0.00678
47	0.01164	0.00848	0.01197	0.01197	0.01305	0.00956	0.00881	0.01380	0.01272	0.01805	0.02271	0.03729	0.02264	0.22765	0.51909	0.01172	0.01820	0.00949	0.00449	0.00665
48	0.00989	0.00706	0.00942	0.01130	0.01177	0.00659	0.00753	0.01130	0.01554	0.02071	0.04472	0.70954	0.05367	0.02542	0.01036	0.00330	0.00471	0.02307	0.00753	0.00659
49	0.00989	0.00706	0.00942	0.01130	0.01177	0.00659	0.00753	0.01130	0.01554	0.02071	0.04472	0.70954	0.05367	0.02542	0.01036	0.00330	0.00471	0.02307	0.00753	0.00659
50	0.03031	0.03867	0.02299	0.02090	0.02508	0.68226	0.01568	0.03240	0.02299	0.01986	0.01254	0.01463	0.01045	0.00836	0.00732	0.00209	0.01463	0.00523	0.00418	0.00941
51	0.01675	0.01757	0.01405	0.01462	0.01637	0.22915	0.01046	0.01849	0.01813	0.02059	0.03405	0.45380	0.03914	0.01967	0.00939	0.00292	0.00810	0.04279	0.00643	0.00756
52	0.01119	0.00761	0.00903	0.00963	0.00978	0.00746	0.00575	0.01164	0.01299	0.01733	0.03169	0.26309	0.03723	0.49429	0.03140	0.00640	0.00686	0.01540	0.00575	0.00545
53	0.00967	0.00792	0.00853	0.00902	0.01117	0.00678	0.00652	0.01156	0.01773	0.02161	0.07247	0.24195	0.50334	0.02181	0.00979	0.00288	0.00427	0.01867	0.00753	0.00678
54	0.62893	0.01533	0.01327	0.01140	0.01667	0.01698	0.00940	0.02691	0.01564	0.15971	0.01533	0.01599	0.01099	0.00802	0.00563	0.00251	0.00640	0.00513	0.00600	0.00977
55	0.01180	0.00787	0.00885	0.00885	0.00885	0.00787	0.00492	0.01180	0.01180	0.01573	0.02557	0.05310	0.02950	0.71483	0.04130	0.00787	0.00787	0.01180	0.00492	0.00492
56	0.00989	0.00706	0.00942	0.01130	0.01177	0.00659	0.00753	0.01130	0.01554	0.02071	0.04472	0.70954	0.05367	0.02542	0.01036	0.00330	0.00471	0.02307	0.00753	0.00659
57	0.03085	0.02273	0.02435	0.01867	0.02516	0.02516	0.01542	0.63716	0.03815	0.05114	0.01948	0.01948	0.01380	0.00974	0.00812	0.00244	0.00893	0.00731	0.00812	0.01380
58	0.01683	0.01442	0.01683	0.01202	0.01923	0.01082	0.00961	0.02043	0.01683	0.02644	0.01442	0.01683	0.01202	0.00601	0.00601	0.00120	0.00601	0.00481	0.00481	0.76444
59	0.01511	0.01527	0.03060	0.02398	0.02875	0.01433	0.35017	0.01960	0.01767	0.02378	0.02918	0.30282	0.03074	0.01513	0.00997	0.00301	0.00975	0.04548	0.00566	0.00901
60	0.01403	0.11472	0.22633	0.01485	0.02090	0.01449	0.01588	0.01894	0.01835	0.02431	0.11477	0.04949	0.21727	0.01438	0.00860	0.00266	0.00764	0.08740	0.00583	0.00915
61	0.02230	0.51708	0.03572	0.01503	0.02084	0.08463	0.01359	0.02447	0.01923	0.02319	0.12540	0.02405	0.02363	0.00999	0.00698	0.00226	0.00890	0.00684	0.00513	0.01073

[dist]
# distance from previous block
# <min> <max>
1	6

[block]
# block no. 1 follows, 23 sequences, length 10
# corresponding to MSA columns:
# 684-693
name=unknown_B
#
# <colnr> <probs for GDERKNQSTAVLIFYWHMCP>
#	G	D	E	R	K	N	Q	S	T	A	V	L	I	F	Y	W	H	M	C	P
0	0.01965	0.37701	0.26635	0.07794	0.02930	0.06110	0.02053	0.02492	0.01705	0.02165	0.01281	0.01535	0.01040	0.00740	0.00648	0.00214	0.01038	0.00524	0.00351	0.01080
1	0.57949	0.01526	0.01261	0.01137	0.01604	0.01759	0.00919	0.02663	0.12029	0.03545	0.01627	0.01755	0.01252	0.00828	0.00562	0.00250	0.00608	0.00547	0.07243	0.00936
2	0.01918	0.01330	0.01616	0.01222	0.01837	0.01045	0.00969	0.02258	0.01834	0.13406	0.07487	0.06834	0.02168	0.00888	0.00696	0.00168	0.00588	0.00743	0.00622	0.52372
3	0.15026	0.01619	0.12291	0.05879	0.02024	0.01289	0.01304	0.05780	0.01845	0.02864	0.14984	0.25190	0.03738	0.01536	0.00851	0.00279	0.00671	0.01315	0.00644	0.00872
4	0.00989	0.00706	0.00942	0.01130	0.01177	0.00659	0.00753	0.01130	0.01554	0.02071	0.04472	0.70954	0.05367	0.02542	0.01036	0.00330	0.00471	0.02307	0.00753	0.00659
5	0.01683	0.01442	0.01683	0.01202	0.01923	0.01082	0.00961	0.02043	0.01683	0.02644	0.01442	0.01683	0.01202	0.00601	0.00601	0.00120	0.00601	0.00481	0.00481	0.76444
6	0.02532	0.02020	0.02237	0.01831	0.02322	0.02342	0.01488	0.34515	0.24351	0.04071	0.02284	0.02292	0.01710	0.01082	0.01083	0.00270	0.10753	0.00791	0.00751	0.01276
7	0.02183	0.01844	0.02607	0.15710	0.17956	0.02018	0.06045	0.14555	0.19613	0.05828	0.02156	0.02351	0.01618	0.00901	0.00824	0.00259	0.00901	0.00798	0.00613	0.01220
8	0.05147	0.23031	0.11169	0.02301	0.10483	0.04537	0.12214	0.04717	0.01866	0.07995	0.01813	0.07915	0.01574	0.00913	0.00749	0.00236	0.00967	0.00792	0.00482	0.01097
9	0.03009	0.02089	0.02569	0.02164	0.08048	0.02215	0.05566	0.44522	0.03274	0.15074	0.02101	0.02105	0.01467	0.00939	0.00821	0.00247	0.00896	0.00759	0.00783	0.01354

[dist]
# distance from previous block
# <min> <max>
0	2

[block]
# block no. 2 follows, 23 sequences, length 14
# corresponding to MSA columns:
# 696-709
name=unknown_C
#
# <colnr> <probs for GDERKNQSTAVLIFYWHMCP>
#	G	D	E	R	K	N	Q	S	T	A	V	L	I	F	Y	W	H	M	C	P
0	0.01779	0.07174	0.43370	0.02614	0.13834	0.01984	0.02571	0.02806	0.11067	0.02669	0.01723	0.01934	0.01286	0.00807	0.00771	0.00252	0.01059	0.00658	0.00424	0.01218
1	0.01672	0.09736	0.62129	0.02237	0.03395	0.01993	0.02866	0.02558	0.01708	0.02516	0.01429	0.01680	0.01029	0.00765	0.00750	0.00250	0.01172	0.00586	0.00343	0.01186
2	0.01173	0.00816	0.01036	0.01036	0.01088	0.00869	0.00680	0.01277	0.01225	0.01685	0.02419	0.04546	0.02618	0.47942	0.27218	0.00973	0.01286	0.01068	0.00471	0.00575
3	0.01532	0.01442	0.02434	0.69533	0.05589	0.01803	0.02253	0.02073	0.01622	0.02073	0.01442	0.02163	0.01082	0.00811	0.00811	0.00270	0.01082	0.00721	0.00361	0.00901
4	0.01683	0.01442	0.01683	0.01202	0.01923	0.01082	0.00961	0.02043	0.01683	0.02644	0.01442	0.01683	0.01202	0.00601	0.00601	0.00120	0.00601	0.00481	0.00481	0.76444
5	0.01180	0.00787	0.00885	0.00885	0.00885	0.00787	0.00492	0.01180	0.01180	0.01573	0.02557	0.05310	0.02950	0.71483	0.04130	0.00787	0.00787	0.01180	0.00492	0.00492
6	0.02276	0.01623	0.01786	0.01507	0.01987	0.01742	0.01199	0.18993	0.26596	0.11830	0.08787	0.03667	0.11945	0.01242	0.00851	0.00262	0.00658	0.01018	0.00840	0.01191
7	0.01532	0.01442	0.02434	0.69533	0.05589	0.01803	0.02253	0.02073	0.01622	0.02073	0.01442	0.02163	0.01082	0.00811	0.00811	0.00270	0.01082	0.00721	0.00361	0.00901
8	0.01565	0.01476	0.02493	0.65078	0.09787	0.01811	0.02270	0.02102	0.01638	0.02113	0.01448	0.02153	0.01096	0.00805	0.00811	0.00268	0.01074	0.00721	0.00363	0.00928
9	0.01099	0.00792	0.01041	0.01054	0.01201	0.00733	0.00762	0.01408	0.02069	0.02891	0.47101	0.25989	0.06953	0.01930	0.00981	0.00278	0.00410	0.01725	0.00850	0.00733
10	0.01683	0.01442	0.01683	0.01202	0.01923	0.01082	0.00961	0.02043	0.01683	0.02644	0.01442	0.01683	0.01202	0.00601	0.00601	0.00120	0.00601	0.00481	0.00481	0.76444
11	0.01627	0.04197	0.67279	0.02313	0.03512	0.01884	0.02998	0.02570	0.01713	0.02570	0.01456	0.01713	0.01028	0.00771	0.00771	0.00257	0.01199	0.00600	0.00343	0.01199
12	0.01180	0.00787	0.00885	0.00885	0.00885	0.00787	0.00492	0.01180	0.01180	0.01573	0.02557	0.05310	0.02950	0.71483	0.04130	0.00787	0.00787	0.01180	0.00492	0.00492
13	0.01965	0.01999	0.03681	0.04098	0.37842	0.02004	0.23444	0.02611	0.05643	0.02643	0.01650	0.02120	0.01327	0.00767	0.00951	0.00260	0.04552	0.00815	0.00428	0.01199

[dist]
# distance from previous block
# <min> <max>
0	2

[block]
# block no. 3 follows, 23 sequences, length 62
# corresponding to MSA columns:
# 712-773
name=unknown_D
#
# <colnr> <probs for GDERKNQSTAVLIFYWHMCP>
#	G	D	E	R	K	N	Q	S	T	A	V	L	I	F	Y	W	H	M	C	P
0	0.01341	0.01092	0.01703	0.02132	0.16213	0.01162	0.01339	0.01660	0.01517	0.02137	0.02563	0.13492	0.02598	0.03984	0.36737	0.00832	0.01514	0.06635	0.00503	0.00845
1	0.02887	0.02386	0.11522	0.01965	0.02674	0.07739	0.07661	0.23755	0.05125	0.22662	0.02216	0.02181	0.01517	0.00919	0.00815	0.00249	0.00962	0.00749	0.00731	0.01285
2	0.02250	0.01587	0.01700	0.01437	0.01878	0.01743	0.01143	0.22986	0.22083	0.06282	0.05617	0.02805	0.02233	0.01039	0.00755	0.00239	0.00641	0.00834	0.21600	0.01149
3	0.02003	0.01355	0.01734	0.01542	0.01912	0.01409	0.04955	0.03017	0.25014	0.14775	0.03303	0.08876	0.02932	0.12257	0.01406	0.00369	0.00724	0.10614	0.00764	0.01040
4	0.01877	0.02077	0.08968	0.16083	0.41321	0.01919	0.11011	0.02438	0.01805	0.02533	0.01521	0.02035	0.01219	0.00738	0.00823	0.00252	0.01062	0.00745	0.00390	0.01182
5	0.21357	0.01426	0.01717	0.01353	0.01950	0.01344	0.01117	0.03577	0.02096	0.51731	0.02702	0.02414	0.01737	0.00944	0.00740	0.00251	0.00675	0.00725	0.00883	0.01260
6	0.01788	0.01402	0.01534	0.01401	0.01784	0.01523	0.01079	0.03267	0.39663	0.07163	0.11686	0.08318	0.13163	0.01400	0.00875	0.00274	0.00567	0.01187	0.00829	0.01096
7	0.04823	0.00807	0.00957	0.00991	0.01098	0.00777	0.00665	0.01271	0.01559	0.02162	0.14450	0.22867	0.12810	0.21514	0.02058	0.07836	0.00566	0.01521	0.00653	0.00615
8	0.01253	0.00979	0.01190	0.01206	0.01421	0.00999	0.00914	0.01880	0.13105	0.02581	0.17045	0.20548	0.15227	0.02417	0.09035	0.00417	0.00705	0.07510	0.00756	0.00814
9	0.02948	0.01573	0.01833	0.01446	0.01982	0.01589	0.01181	0.25850	0.02740	0.29277	0.02606	0.02517	0.01790	0.00980	0.00758	0.00234	0.00695	0.00770	0.17993	0.01238
10	0.01146	0.00836	0.00970	0.01023	0.01112	0.00822	0.00663	0.01401	0.06314	0.01976	0.04073	0.28936	0.12409	0.31936	0.02336	0.00514	0.00611	0.01635	0.00647	0.00639
11	0.05887	0.00900	0.01043	0.01087	0.01214	0.00914	0.00741	0.01609	0.07724	0.02361	0.12005	0.32136	0.04395	0.19852	0.01753	0.00422	0.00563	0.01602	0.03084	0.00708
12	0.01217	0.00869	0.01204	0.01391	0.01538	0.00856	0.01150	0.01525	0.01779	0.02327	0.04346	0.26670	0.04867	0.02327	0.01097	0.00361	0.00669	0.44335	0.00749	0.00722
13	0.02018	0.01743	0.01835	0.01651	0.02110	0.02018	0.01284	0.04312	0.64956	0.03394	0.03303	0.03027	0.02477	0.01101	0.00826	0.00275	0.00642	0.00917	0.00826	0.01284
14	0.01127	0.00764	0.00901	0.00953	0.00966	0.00751	0.00564	0.01166	0.01284	0.01712	0.03090	0.23587	0.03623	0.52288	0.03268	0.00659	0.00699	0.01494	0.00564	0.00538
15	0.01599	0.01219	0.01238	0.01120	0.01302	0.04269	0.00760	0.13193	0.01828	0.02354	0.03171	0.04838	0.11382	0.45029	0.02895	0.00584	0.00786	0.01138	0.00586	0.00709
16	0.02337	0.02650	0.21337	0.01847	0.02674	0.02004	0.01838	0.31698	0.02712	0.03804	0.01688	0.01819	0.01236	0.00829	0.00752	0.00219	0.00917	0.00635	0.00598	0.18405
17	0.01599	0.00960	0.01146	0.01052	0.01324	0.00877	0.00777	0.01923	0.04867	0.14712	0.18188	0.09729	0.23981	0.13490	0.01466	0.00356	0.00536	0.01399	0.00790	0.00829
18	0.01166	0.00781	0.00889	0.00903	0.00906	0.00778	0.00510	0.01176	0.01207	0.01609	0.02694	0.10016	0.03123	0.66541	0.03908	0.00754	0.00764	0.01261	0.00510	0.00504
19	0.02398	0.53936	0.03735	0.01574	0.02195	0.20428	0.01436	0.02644	0.01821	0.01929	0.01161	0.01344	0.01042	0.00732	0.00577	0.00183	0.01025	0.00457	0.00366	0.01015
20	0.01033	0.00815	0.00932	0.00924	0.01147	0.00713	0.00685	0.01300	0.01993	0.02583	0.29742	0.12694	0.38657	0.01948	0.00965	0.00272	0.00406	0.01672	0.00806	0.00713
21	0.01683	0.01442	0.01683	0.01202	0.01923	0.01082	0.00961	0.02043	0.01683	0.02644	0.01442	0.01683	0.01202	0.00601	0.00601	0.00120	0.00601	0.00481	0.00481	0.76444
22	0.01148	0.00829	0.01085	0.01021	0.01212	0.00766	0.00766	0.01531	0.02297	0.03254	0.65994	0.06061	0.07656	0.01659	0.00957	0.00255	0.00383	0.01467	0.00893	0.00766
23	0.01178	0.00795	0.00926	0.00926	0.00940	0.00809	0.00543	0.01206	0.01192	0.01604	0.02519	0.05103	0.02860	0.65118	0.10372	0.00837	0.00922	0.01150	0.00486	0.00514
24	0.01409	0.00705	0.01057	0.01057	0.01057	0.00705	0.00705	0.01057	0.01057	0.01409	0.01409	0.02467	0.01409	0.02819	0.03171	0.76392	0.00705	0.00705	0.00352	0.00352
25	0.01683	0.01442	0.01683	0.01202	0.01923	0.01082	0.00961	0.02043	0.01683	0.02644	0.01442	0.01683	0.01202	0.00601	0.00601	0.00120	0.00601	0.00481	0.00481	0.76444
26	0.00985	0.00823	0.00857	0.00849	0.01112	0.00696	0.00637	0.01214	0.01910	0.02335	0.16007	0.07573	0.58216	0.02002	0.00959	0.00271	0.00407	0.01679	0.00772	0.00696
27	0.00989	0.00706	0.00942	0.01130	0.01177	0.00659	0.00753	0.01130	0.01554	0.02071	0.04472	0.70954	0.05367	0.02542	0.01036	0.00330	0.00471	0.02307	0.00753	0.00659
28	0.01025	0.00734	0.00974	0.01105	0.01185	0.00683	0.00756	0.01221	0.01723	0.02340	0.18470	0.56189	0.05888	0.02341	0.01018	0.00313	0.00451	0.02116	0.00785	0.00683
29	0.01121	0.00852	0.01058	0.01154	0.01354	0.00789	0.00928	0.01400	0.01854	0.02364	0.11181	0.17106	0.27593	0.02164	0.01035	0.00320	0.00553	0.25697	0.00763	0.00714
30	0.01159	0.00869	0.01304	0.01304	0.01449	0.01014	0.01014	0.01449	0.01304	0.01884	0.02173	0.03188	0.02029	0.06086	0.68268	0.01304	0.02173	0.00869	0.00435	0.00724
31	0.01180	0.00787	0.00885	0.00885	0.00885	0.00787	0.00492	0.01180	0.01180	0.01573	0.02557	0.05310	0.02950	0.71483	0.04130	0.00787	0.00787	0.01180	0.00492	0.00492
32	0.04781	0.00860	0.00934	0.00929	0.01138	0.00793	0.00679	0.01330	0.01776	0.02350	0.17161	0.06756	0.35166	0.15950	0.01588	0.00380	0.00515	0.05526	0.00714	0.00675
33	0.01432	0.01003	0.01261	0.01217	0.01463	0.00974	0.00965	0.07640	0.02251	0.05320	0.33606	0.11398	0.11205	0.01805	0.00981	0.00288	0.00536	0.14995	0.00833	0.00828
34	0.00989	0.00706	0.00942	0.01130	0.01177	0.00659	0.00753	0.01130	0.01554	0.02071	0.04472	0.70954	0.05367	0.02542	0.01036	0.00330	0.00471	0.02307	0.00753	0.00659
35	0.01188	0.00796	0.00911	0.00923	0.00934	0.00796	0.00542	0.01211	0.01223	0.01626	0.02664	0.05547	0.03056	0.67205	0.03944	0.00761	0.00784	0.04874	0.00507	0.00507
36	0.01891	0.01190	0.01371	0.01243	0.01539	0.01217	0.00906	0.02675	0.20658	0.15444	0.03630	0.10119	0.08976	0.23294	0.01888	0.00435	0.00660	0.01178	0.00744	0.00943
37	0.01067	0.00784	0.01015	0.01156	0.01280	0.00733	0.00858	0.01287	0.01722	0.02252	0.09214	0.42504	0.15052	0.02336	0.01037	0.00326	0.00518	0.15408	0.00761	0.00690
38	0.02018	0.01743	0.01835	0.01651	0.02110	0.02018	0.01284	0.04312	0.64956	0.03394	0.03303	0.03027	0.02477	0.01101	0.00826	0.00275	0.00642	0.00917	0.00826	0.01284
39	0.01308	0.00934	0.01308	0.01494	0.01681	0.00934	0.01308	0.01681	0.01868	0.02428	0.04296	0.09153	0.04670	0.02242	0.01121	0.00374	0.00747	0.60960	0.00747	0.00747
40	0.01900	0.01817	0.03098	0.19668	0.52581	0.01899	0.02436	0.02395	0.01796	0.02519	0.01507	0.02044	0.01239	0.00743	0.00805	0.00248	0.00991	0.00723	0.00392	0.01198
41	0.01677	0.17489	0.02847	0.54029	0.04791	0.02123	0.02057	0.02154	0.01628	0.02036	0.01371	0.01967	0.01072	0.00785	0.00745	0.00248	0.01033	0.00656	0.00357	0.00933
42	0.01828	0.02019	0.04252	0.18462	0.04547	0.01995	0.49546	0.02480	0.01849	0.02480	0.01596	0.02183	0.01197	0.00713	0.00924	0.00273	0.01303	0.00904	0.00399	0.01050
43	0.00973	0.00812	0.00849	0.00861	0.01110	0.00688	0.00638	0.01184	0.01851	0.02247	0.11461	0.13247	0.57148	0.02073	0.00966	0.00278	0.00415	0.01750	0.00762	0.00688
44	0.01930	0.01511	0.02436	0.09782	0.34166	0.01516	0.01900	0.02357	0.01912	0.10337	0.07939	0.06618	0.02614	0.01162	0.00878	0.00271	0.00836	0.10148	0.00582	0.01103
45	0.01775	0.01775	0.02485	0.02130	0.02130	0.02485	0.01775	0.01953	0.01243	0.01953	0.01065	0.01775	0.01065	0.01420	0.02663	0.00355	0.69998	0.00710	0.00355	0.00888
46	0.01308	0.00934	0.01308	0.01494	0.01681	0.00934	0.01308	0.01681	0.01868	0.02428	0.04296	0.09153	0.04670	0.02242	0.01121	0.00374	0.00747	0.60960	0.00747	0.00747
47	0.01190	0.00780	0.01010	0.01010	0.01142	0.00753	0.00726	0.01169	0.01408	0.01797	0.04179	0.04661	0.26529	0.03108	0.13968	0.33521	0.00854	0.01124	0.00522	0.00548
48	0.01900	0.01817	0.03098	0.19668	0.52581	0.01899	0.02436	0.02395	0.01796	0.02519	0.01507	0.02044	0.01239	0.00743	0.00805	0.00248	0.00991	0.00723	0.00392	0.01198
49	0.01635	0.01569	0.02217	0.01942	0.01975	0.02151	0.01602	0.01838	0.01257	0.01937	0.01317	0.02097	0.01284	0.02482	0.17589	0.00571	0.54567	0.00746	0.00373	0.00851
50	0.02275	0.02589	0.02541	0.27843	0.15932	0.30678	0.02001	0.02660	0.01960	0.02146	0.01377	0.01829	0.01105	0.00805	0.00775	0.00238	0.01225	0.00635	0.00393	0.00992
51	0.01159	0.00869	0.01304	0.01304	0.01449	0.01014	0.01014	0.01449	0.01304	0.01884	0.02173	0.03188	0.02029	0.06086	0.68268	0.01304	0.02173	0.00869	0.00435	0.00724
52	0.01096	0.00801	0.01029	0.01029	0.01194	0.00734	0.00750	0.01408	0.02089	0.02893	0.47026	0.20976	0.12163	0.01894	0.00975	0.00274	0.00405	0.01679	0.00849	0.00734
53	0.01683	0.01442	0.01683	0.01202	0.01923	0.01082	0.00961	0.02043	0.01683	0.02644	0.01442	0.01683	0.01202	0.00601	0.00601	0.00120	0.00601	0.00481	0.00481	0.76444
54	0.01329	0.00726	0.01015	0.01015	0.01064	0.00701	0.00689	0.01076	0.01199	0.01550	0.02629	0.03423	0.12987	0.02682	0.02775	0.62767	0.00652	0.00885	0.00424	0.00412
55	0.02919	0.11367	0.02606	0.01857	0.02446	0.19599	0.01521	0.38302	0.05319	0.03843	0.01714	0.01780	0.01290	0.00908	0.00755	0.00227	0.01029	0.00646	0.00652	0.01221
56	0.01827	0.01735	0.02071	0.04981	0.02062	0.08417	0.01463	0.04367	0.03872	0.02030	0.01459	0.02367	0.01421	0.10898	0.02498	0.08447	0.38089	0.00764	0.00415	0.00818
57	0.70000	0.01638	0.01314	0.01145	0.01661	0.01888	0.00943	0.08354	0.01618	0.03784	0.01209	0.01379	0.00928	0.00775	0.00532	0.00250	0.00653	0.00468	0.00532	0.00928
58	0.02008	0.01928	0.03294	0.04981	0.66422	0.01928	0.02490	0.02490	0.01848	0.02651	0.01526	0.02008	0.01285	0.00723	0.00803	0.00241	0.00964	0.00723	0.00402	0.01285
59	0.02472	0.01927	0.03447	0.03219	0.20616	0.01850	0.25710	0.08583	0.02173	0.18631	0.02021	0.02257	0.01450	0.00800	0.00867	0.00256	0.01047	0.00837	0.00591	0.01244
60	0.01513	0.01315	0.02023	0.19635	0.18498	0.01397	0.01606	0.02079	0.05885	0.02810	0.29617	0.03871	0.04074	0.01176	0.00873	0.00257	0.00722	0.01058	0.00631	0.00961
61	0.01159	0.00869	0.01304	0.01304	0.01449	0.01014	0.01014	0.01449	0.01304	0.01884	0.02173	0.03188	0.02029	0.06086	0.68268	0.01304	0.02173	0.00869	0.00435	0.00724

[dist]
# distance from previous block
# <min> <max>
0	248

# created by:
# /home/cegg/simao/soft/augustus-3.2.1/scripts/msa2prfl.pl ./align_prep/27410.fa
