[name]
unknown

[dist]
# distance from previous block
# <min> <max>
0	35

[block]
# block no. 0 follows, 20 sequences, length 18
# corresponding to MSA columns:
# 35-52
name=unknown_A
#
# <colnr> <probs for GDERKNQSTAVLIFYWHMCP>
#	G	D	E	R	K	N	Q	S	T	A	V	L	I	F	Y	W	H	M	C	P
0	0.02713	0.06855	0.14134	0.01980	0.02678	0.10619	0.04703	0.11379	0.02465	0.18548	0.04559	0.03357	0.02206	0.01168	0.00892	0.00278	0.01035	0.08490	0.00713	0.01230
1	0.12386	0.07954	0.03072	0.16713	0.07807	0.02184	0.14163	0.06725	0.10828	0.06888	0.01969	0.02272	0.01479	0.00886	0.00833	0.00275	0.01023	0.00797	0.00569	0.01177
2	0.01440	0.05848	0.01464	0.01235	0.01471	0.01145	0.00925	0.07321	0.02216	0.02988	0.25848	0.28138	0.10189	0.04340	0.01129	0.00317	0.00553	0.01754	0.00830	0.00851
3	0.02922	0.01932	0.09314	0.06109	0.08617	0.01609	0.01700	0.07853	0.06655	0.32810	0.08782	0.03027	0.02487	0.01083	0.00885	0.00273	0.00839	0.00905	0.00851	0.01347
4	0.02532	0.04525	0.18159	0.05801	0.02698	0.01649	0.01784	0.03385	0.11131	0.24227	0.05992	0.02849	0.02204	0.01039	0.00837	0.00268	0.00857	0.00845	0.07944	0.01273
5	0.01864	0.01057	0.01312	0.01265	0.01565	0.00971	0.00938	0.02254	0.06533	0.18205	0.05316	0.32845	0.18251	0.02072	0.01017	0.00314	0.00565	0.01809	0.00884	0.00963
6	0.02096	0.03272	0.31765	0.02830	0.03856	0.02109	0.24961	0.06695	0.05087	0.06035	0.01866	0.02179	0.01342	0.00837	0.00914	0.00283	0.01281	0.00829	0.00489	0.01273
7	0.07188	0.06701	0.07716	0.06860	0.13690	0.01823	0.01756	0.06905	0.05543	0.22573	0.08318	0.02782	0.02289	0.01021	0.00842	0.00265	0.00859	0.00847	0.00736	0.01284
8	0.01647	0.01550	0.02616	0.67248	0.06008	0.01938	0.02422	0.02229	0.01744	0.02229	0.01550	0.02326	0.01163	0.00872	0.00872	0.00291	0.01163	0.00775	0.00388	0.00969
9	0.01351	0.00865	0.01099	0.01145	0.01320	0.00790	0.00818	0.01607	0.01982	0.07280	0.19868	0.36752	0.12814	0.02198	0.01033	0.00311	0.00486	0.01950	0.05526	0.00805
10	0.02259	0.21069	0.18275	0.02012	0.06352	0.06996	0.01878	0.02941	0.07874	0.09929	0.02564	0.06100	0.06054	0.01074	0.00796	0.00254	0.00972	0.00843	0.00571	0.01189
11	0.03128	0.01723	0.06868	0.08270	0.06009	0.01479	0.01616	0.03529	0.02227	0.42745	0.02990	0.07302	0.02137	0.01163	0.00994	0.00284	0.04386	0.00950	0.00867	0.01332
12	0.01057	0.00780	0.00991	0.01159	0.01251	0.00713	0.00785	0.01221	0.01723	0.02248	0.05482	0.58666	0.15443	0.02645	0.01100	0.00344	0.00495	0.02373	0.00810	0.00713
13	0.01903	0.10962	0.54900	0.02373	0.03555	0.06218	0.02954	0.02793	0.01875	0.02652	0.01517	0.01781	0.01108	0.00825	0.00799	0.00264	0.01272	0.00622	0.00374	0.01255
14	0.01914	0.02092	0.06640	0.33382	0.14072	0.08151	0.06608	0.02568	0.04961	0.02572	0.06926	0.02600	0.01878	0.00940	0.00886	0.00277	0.01126	0.00844	0.00477	0.01082
15	0.02113	0.01643	0.02268	0.27060	0.07560	0.01835	0.01791	0.14493	0.06640	0.07508	0.08558	0.06729	0.05676	0.01200	0.00910	0.00284	0.00903	0.01027	0.00675	0.01125
16	0.01692	0.01119	0.01504	0.04908	0.01836	0.01176	0.01119	0.02083	0.05780	0.11517	0.12068	0.35766	0.04649	0.02035	0.01226	0.00327	0.07715	0.01753	0.00807	0.00920
17	0.07039	0.14285	0.06428	0.08422	0.09235	0.01968	0.01575	0.07825	0.01864	0.02598	0.02173	0.02761	0.06078	0.05313	0.05991	0.10776	0.03401	0.00804	0.00490	0.00974

[dist]
# distance from previous block
# <min> <max>
0	22

[block]
# block no. 1 follows, 20 sequences, length 28
# corresponding to MSA columns:
# 75-102
name=unknown_B
#
# <colnr> <probs for GDERKNQSTAVLIFYWHMCP>
#	G	D	E	R	K	N	Q	S	T	A	V	L	I	F	Y	W	H	M	C	P
0	0.08840	0.27141	0.10856	0.01438	0.02069	0.02090	0.01414	0.02392	0.01969	0.07648	0.13776	0.03501	0.11310	0.01185	0.00770	0.00244	0.00776	0.00919	0.00613	0.01047
1	0.01873	0.13701	0.02140	0.03991	0.02044	0.01769	0.01280	0.02722	0.17544	0.06944	0.06662	0.20074	0.03607	0.01662	0.00988	0.00303	0.02703	0.08199	0.00748	0.01045
2	0.01937	0.07522	0.51011	0.02300	0.03466	0.02104	0.02820	0.08377	0.02055	0.02997	0.01597	0.01841	0.01156	0.00832	0.00806	0.00259	0.01191	0.00640	0.00428	0.06660
3	0.20172	0.02184	0.06489	0.01631	0.02261	0.07057	0.01401	0.16671	0.08309	0.10870	0.02645	0.02626	0.06993	0.01055	0.00783	0.00260	0.00846	0.00788	0.00717	0.06242
4	0.01411	0.01183	0.01946	0.01706	0.02029	0.01115	0.12115	0.01855	0.02201	0.03008	0.30769	0.10929	0.08227	0.01830	0.01080	0.00317	0.00716	0.15885	0.00807	0.00872
5	0.02535	0.04655	0.07025	0.24697	0.08704	0.01678	0.01893	0.02986	0.02016	0.24742	0.02277	0.02522	0.01596	0.01046	0.00975	0.04070	0.00949	0.00790	0.03661	0.01183
6	0.01614	0.01505	0.02465	0.55053	0.05216	0.01884	0.02220	0.02119	0.01701	0.02217	0.01831	0.08752	0.01609	0.01111	0.01072	0.00305	0.07016	0.00940	0.00428	0.00942
7	0.02178	0.01100	0.01468	0.01258	0.01628	0.00985	0.00985	0.02564	0.02479	0.24988	0.42308	0.05266	0.06092	0.01535	0.00975	0.00273	0.00528	0.01331	0.01002	0.01056
8	0.01811	0.01549	0.02543	0.39915	0.17207	0.01749	0.02154	0.02338	0.01954	0.05942	0.11740	0.03007	0.02413	0.01012	0.00896	0.00280	0.00991	0.00912	0.00528	0.01060
9	0.02161	0.01956	0.05395	0.18498	0.20223	0.01941	0.12819	0.05910	0.05894	0.08602	0.02159	0.06708	0.01755	0.00990	0.00914	0.00283	0.01066	0.00952	0.00558	0.01215
10	0.02547	0.08297	0.06583	0.02004	0.02360	0.02282	0.01762	0.02843	0.01761	0.21096	0.01876	0.02179	0.01448	0.01274	0.01916	0.00323	0.36943	0.00763	0.00592	0.01152
11	0.01207	0.00823	0.00995	0.01058	0.01215	0.00762	0.00753	0.01485	0.01957	0.02767	0.20275	0.30976	0.14805	0.02085	0.00985	0.00296	0.00453	0.01835	0.14507	0.00762
12	0.01672	0.02353	0.18446	0.16602	0.06056	0.01756	0.17395	0.02327	0.01943	0.02657	0.07988	0.06564	0.08130	0.01128	0.00944	0.00289	0.01099	0.01071	0.00512	0.01069
13	0.02329	0.13389	0.11285	0.17664	0.09052	0.02445	0.04596	0.18798	0.06279	0.03342	0.01791	0.02092	0.01358	0.00900	0.00823	0.00262	0.01058	0.00735	0.00554	0.01249
14	0.02649	0.02344	0.16301	0.11341	0.03144	0.01847	0.01931	0.17757	0.02563	0.20078	0.02545	0.09257	0.01982	0.01157	0.00889	0.00281	0.00957	0.00954	0.00739	0.01285
15	0.29786	0.06648	0.02576	0.11831	0.14325	0.07130	0.06410	0.02742	0.01826	0.07064	0.01543	0.01875	0.01194	0.00827	0.00731	0.00264	0.00970	0.00651	0.00506	0.01101
16	0.01242	0.00856	0.01078	0.01168	0.01330	0.00807	0.00879	0.01542	0.01970	0.02743	0.18125	0.27986	0.11935	0.02159	0.01031	0.00317	0.00519	0.12312	0.11231	0.00770
17	0.02174	0.01455	0.02059	0.02235	0.13434	0.01525	0.01483	0.07790	0.06721	0.14470	0.05114	0.03106	0.02263	0.03331	0.27924	0.00740	0.01461	0.00913	0.00666	0.01135
18	0.03054	0.02344	0.02628	0.02060	0.02628	0.02699	0.01705	0.50032	0.03586	0.04865	0.01918	0.02060	0.01420	0.01136	0.01243	0.00284	0.13391	0.00781	0.00781	0.01385
19	0.03299	0.01562	0.01946	0.01533	0.02087	0.01492	0.01219	0.15318	0.02597	0.40728	0.03036	0.03300	0.02209	0.13779	0.01539	0.00375	0.00806	0.00931	0.00935	0.01306
20	0.02262	0.01342	0.01974	0.15228	0.02754	0.01347	0.05618	0.02698	0.04250	0.21619	0.06195	0.03882	0.06619	0.13831	0.01552	0.00382	0.00841	0.01042	0.05522	0.01043
21	0.01247	0.00775	0.01041	0.01140	0.01165	0.00750	0.00741	0.01199	0.01423	0.01898	0.03363	0.35712	0.03914	0.15227	0.02473	0.24396	0.00650	0.01699	0.00618	0.00569
22	0.01887	0.01894	0.06167	0.18898	0.28287	0.01976	0.02289	0.02379	0.01805	0.02589	0.01811	0.02706	0.01568	0.01045	0.01192	0.00292	0.11872	0.04391	0.05821	0.01131
23	0.01798	0.01447	0.01935	0.19892	0.02949	0.01689	0.01498	0.05663	0.16945	0.02701	0.07912	0.03191	0.02413	0.05963	0.01739	0.14360	0.05429	0.00932	0.00600	0.00945
24	0.02780	0.01355	0.01688	0.01407	0.01896	0.01298	0.01122	0.03537	0.13534	0.33470	0.14232	0.03704	0.03362	0.01217	0.00869	0.00266	0.00625	0.01015	0.11373	0.01250
25	0.01809	0.01550	0.01809	0.01292	0.02067	0.01163	0.01034	0.02196	0.01809	0.02842	0.01550	0.01809	0.01292	0.00646	0.00646	0.00129	0.00646	0.00517	0.00517	0.74677
26	0.07260	0.01911	0.06191	0.05124	0.02509	0.01881	0.01586	0.20107	0.02600	0.18585	0.02704	0.08923	0.02267	0.01344	0.01090	0.00300	0.07109	0.06495	0.00787	0.01227
27	0.02367	0.51365	0.03902	0.01532	0.02221	0.02951	0.01452	0.02657	0.01803	0.07173	0.01427	0.01611	0.01225	0.00818	0.00764	0.00201	0.05765	0.00527	0.00447	0.09792

[dist]
# distance from previous block
# <min> <max>
0	1

[block]
# block no. 2 follows, 20 sequences, length 16
# corresponding to MSA columns:
# 104-119
name=unknown_C
#
# <colnr> <probs for GDERKNQSTAVLIFYWHMCP>
#	G	D	E	R	K	N	Q	S	T	A	V	L	I	F	Y	W	H	M	C	P
0	0.01246	0.00935	0.01402	0.01402	0.01558	0.01090	0.01090	0.01558	0.01402	0.02025	0.02336	0.03427	0.02181	0.06542	0.65888	0.01402	0.02336	0.00935	0.00467	0.00779
1	0.01246	0.00935	0.01402	0.01402	0.01558	0.01090	0.01090	0.01558	0.01402	0.02025	0.02336	0.03427	0.02181	0.06542	0.65888	0.01402	0.02336	0.00935	0.00467	0.00779
2	0.02754	0.18413	0.07173	0.02115	0.05879	0.06215	0.04385	0.17616	0.08238	0.11961	0.02042	0.02120	0.01526	0.00969	0.00911	0.00255	0.04745	0.00729	0.00656	0.01298
3	0.01448	0.00758	0.01118	0.01148	0.01156	0.00750	0.00765	0.01148	0.01216	0.01621	0.02006	0.12511	0.02149	0.02986	0.03067	0.63547	0.00720	0.01014	0.00443	0.00428
4	0.08174	0.01891	0.02106	0.01928	0.06289	0.02063	0.01432	0.15710	0.30492	0.08277	0.06007	0.02866	0.02379	0.01092	0.00848	0.00271	0.00754	0.00887	0.00823	0.05711
5	0.01063	0.00759	0.01012	0.01215	0.01265	0.00709	0.00810	0.01215	0.01670	0.02227	0.04808	0.68775	0.05769	0.02733	0.01113	0.00354	0.00506	0.02480	0.00810	0.00709
6	0.02692	0.13651	0.18197	0.01941	0.02786	0.02082	0.05178	0.09250	0.06930	0.21045	0.02273	0.02260	0.01598	0.00922	0.00808	0.00252	0.00962	0.00738	0.00682	0.05753
7	0.01962	0.09286	0.27127	0.06396	0.12685	0.02220	0.22473	0.02721	0.01925	0.02694	0.01611	0.02044	0.01223	0.00784	0.00879	0.00272	0.01275	0.00784	0.00404	0.01233
8	0.01647	0.01550	0.02616	0.67248	0.06008	0.01938	0.02422	0.02229	0.01744	0.02229	0.01550	0.02326	0.01163	0.00872	0.00872	0.00291	0.01163	0.00775	0.00388	0.00969
9	0.09891	0.01591	0.02236	0.10044	0.11073	0.01531	0.01581	0.03636	0.02243	0.42987	0.02763	0.02639	0.01821	0.00988	0.00844	0.00271	0.00828	0.00814	0.00858	0.01359
10	0.02346	0.05549	0.19273	0.07253	0.23868	0.04563	0.07279	0.06308	0.02136	0.10396	0.01843	0.02143	0.01372	0.00849	0.00855	0.00265	0.01122	0.00755	0.00516	0.01309
11	0.01231	0.01068	0.04887	0.01205	0.01388	0.00906	0.00930	0.01462	0.01619	0.02201	0.04212	0.23210	0.12677	0.19171	0.11658	0.00612	0.00914	0.04891	0.05033	0.00726
12	0.01063	0.00759	0.01012	0.01215	0.01265	0.00709	0.00810	0.01215	0.01670	0.02227	0.04808	0.68775	0.05769	0.02733	0.01113	0.00354	0.00506	0.02480	0.00810	0.00709
13	0.34573	0.05930	0.02613	0.06588	0.10984	0.07424	0.09939	0.07222	0.01953	0.03372	0.01452	0.01775	0.01139	0.00821	0.00723	0.00264	0.00980	0.00644	0.00510	0.01096
14	0.02375	0.01033	0.01209	0.01055	0.01412	0.00966	0.00830	0.02758	0.02048	0.23295	0.03040	0.03159	0.02211	0.01037	0.00697	0.00225	0.00516	0.00834	0.50266	0.01033
15	0.02497	0.05753	0.07405	0.02188	0.07562	0.10816	0.01732	0.11340	0.09059	0.07987	0.01909	0.02100	0.01483	0.00995	0.01102	0.00254	0.10932	0.00709	0.00600	0.13579

[dist]
# distance from previous block
# <min> <max>
0	1

[block]
# block no. 3 follows, 20 sequences, length 18
# corresponding to MSA columns:
# 121-138
name=unknown_D
#
# <colnr> <probs for GDERKNQSTAVLIFYWHMCP>
#	G	D	E	R	K	N	Q	S	T	A	V	L	I	F	Y	W	H	M	C	P
0	0.01620	0.01356	0.01614	0.01676	0.07080	0.01412	0.01158	0.02762	0.24471	0.03269	0.24984	0.05307	0.16649	0.01559	0.00963	0.00285	0.00575	0.01342	0.00857	0.01061
1	0.02392	0.02010	0.06867	0.06390	0.02840	0.01846	0.07650	0.15915	0.02395	0.11288	0.02142	0.06920	0.01738	0.01055	0.01016	0.00253	0.06548	0.00865	0.00654	0.19218
2	0.02000	0.02098	0.03414	0.02657	0.03098	0.07478	0.26957	0.02447	0.01816	0.02528	0.01853	0.06764	0.01647	0.01163	0.01549	0.00311	0.22187	0.00983	0.08026	0.01023
3	0.01063	0.00759	0.01012	0.01215	0.01265	0.00709	0.00810	0.01215	0.01670	0.02227	0.04808	0.68775	0.05769	0.02733	0.01113	0.00354	0.00506	0.02480	0.00810	0.00709
4	0.01626	0.00813	0.00813	0.00813	0.01016	0.00813	0.00610	0.02033	0.01829	0.03252	0.02846	0.03252	0.02236	0.01016	0.00610	0.00203	0.00407	0.00813	0.74187	0.00813
5	0.02159	0.02073	0.03541	0.05354	0.63903	0.02073	0.02677	0.02677	0.01986	0.02850	0.01641	0.02159	0.01382	0.00777	0.00864	0.00259	0.01036	0.00777	0.00432	0.01382
6	0.03411	0.02290	0.02523	0.01934	0.02629	0.02478	0.01598	0.51931	0.03845	0.14923	0.02309	0.02234	0.01591	0.01052	0.00873	0.00263	0.00925	0.00800	0.00906	0.01484
7	0.01154	0.00845	0.00930	0.00968	0.01185	0.00751	0.00704	0.01409	0.01941	0.02588	0.12588	0.20911	0.35123	0.02092	0.00982	0.00291	0.00447	0.01793	0.12546	0.00751
8	0.01055	0.00836	0.00949	0.01023	0.01219	0.00731	0.00728	0.01260	0.01894	0.02372	0.10438	0.31462	0.38183	0.02386	0.01062	0.00316	0.00465	0.02071	0.00819	0.00731
9	0.01218	0.00863	0.01129	0.01213	0.01335	0.00825	0.00887	0.01477	0.01925	0.02618	0.22916	0.27395	0.05981	0.13010	0.01636	0.00417	0.00589	0.13020	0.00811	0.00735
10	0.01840	0.14706	0.55427	0.02331	0.03536	0.02248	0.02953	0.02739	0.01831	0.02652	0.01510	0.01773	0.01107	0.00816	0.00787	0.00262	0.01234	0.00617	0.00369	0.01263
11	0.03258	0.04157	0.02472	0.02247	0.02697	0.65843	0.01685	0.03483	0.02472	0.02135	0.01348	0.01573	0.01124	0.00899	0.00787	0.00225	0.01573	0.00562	0.00449	0.01011
12	0.01789	0.01576	0.02412	0.03245	0.31871	0.01582	0.01788	0.02483	0.08954	0.03199	0.26648	0.04030	0.04273	0.01226	0.00933	0.00269	0.00747	0.01122	0.00695	0.01157
13	0.03416	0.02043	0.02436	0.02515	0.16123	0.11772	0.01659	0.03776	0.02378	0.40728	0.02703	0.02564	0.01820	0.00983	0.00860	0.00260	0.00941	0.00804	0.00834	0.01386
14	0.01749	0.01023	0.01175	0.01120	0.01278	0.03802	0.00795	0.01834	0.01630	0.07529	0.06504	0.03598	0.02516	0.12978	0.06714	0.22809	0.00799	0.00924	0.20522	0.00701
15	0.02099	0.01860	0.02279	0.07238	0.19043	0.08181	0.01652	0.02796	0.10610	0.07212	0.10119	0.03381	0.08152	0.01112	0.00868	0.00252	0.00850	0.00953	0.00650	0.10693
16	0.09960	0.08106	0.06052	0.02002	0.06730	0.14600	0.04182	0.06959	0.02190	0.07209	0.06063	0.02175	0.01775	0.00886	0.00759	0.00222	0.00972	0.00686	0.00572	0.17901
17	0.02840	0.09471	0.16615	0.02296	0.07156	0.12532	0.02031	0.23890	0.02818	0.09376	0.01868	0.01975	0.01363	0.00930	0.00819	0.00252	0.01113	0.00696	0.00634	0.01323

[dist]
# distance from previous block
# <min> <max>
5	28

[block]
# block no. 4 follows, 20 sequences, length 27
# corresponding to MSA columns:
# 172-198
name=unknown_E
#
# <colnr> <probs for GDERKNQSTAVLIFYWHMCP>
#	G	D	E	R	K	N	Q	S	T	A	V	L	I	F	Y	W	H	M	C	P
0	0.01819	0.01768	0.03124	0.44910	0.20212	0.02001	0.08891	0.02402	0.01839	0.02445	0.01596	0.02287	0.01235	0.00834	0.00887	0.00283	0.01165	0.00804	0.00404	0.01094
1	0.01312	0.00993	0.01374	0.01341	0.01434	0.01154	0.00988	0.01516	0.01355	0.01928	0.02359	0.04001	0.02397	0.25610	0.41219	0.01139	0.07663	0.01023	0.00479	0.00717
2	0.01217	0.00901	0.01252	0.01240	0.01414	0.00935	0.00940	0.01552	0.01882	0.02652	0.27547	0.10198	0.07663	0.04114	0.31498	0.00811	0.01325	0.01360	0.00710	0.00789
3	0.01360	0.00788	0.00907	0.01002	0.01134	0.00764	0.00704	0.01647	0.01754	0.02768	0.03771	0.34168	0.03903	0.01826	0.00847	0.00274	0.00453	0.01599	0.39566	0.00764
4	0.01201	0.00890	0.01120	0.01062	0.01283	0.00809	0.00797	0.01581	0.02390	0.03310	0.54471	0.06824	0.17319	0.01853	0.01029	0.00278	0.00417	0.01621	0.00936	0.00809
5	0.01260	0.00912	0.01090	0.01032	0.01291	0.00807	0.00779	0.01594	0.02284	0.05423	0.39968	0.07106	0.29418	0.01921	0.01024	0.00282	0.00436	0.01652	0.00907	0.00815
6	0.01160	0.00845	0.01091	0.01122	0.01280	0.00777	0.00806	0.01467	0.02156	0.02971	0.39003	0.28181	0.11605	0.02144	0.01058	0.00304	0.00447	0.01910	0.00897	0.00777
7	0.02037	0.02282	0.04852	0.03465	0.04338	0.02114	0.55451	0.02741	0.02037	0.02798	0.01746	0.02305	0.01321	0.00727	0.00995	0.00280	0.01398	0.00984	0.00448	0.07682
8	0.01246	0.00935	0.01402	0.01402	0.01558	0.01090	0.01090	0.01558	0.01402	0.02025	0.02336	0.03427	0.02181	0.06542	0.65888	0.01402	0.02336	0.00935	0.00467	0.00779
9	0.07893	0.07028	0.09851	0.02218	0.08562	0.16426	0.06434	0.02742	0.02172	0.08258	0.13942	0.03101	0.05551	0.01097	0.00851	0.00258	0.01015	0.00902	0.00611	0.01089
10	0.03198	0.02530	0.16839	0.01931	0.02757	0.01961	0.01867	0.24099	0.02915	0.29148	0.02526	0.02396	0.01674	0.01010	0.00864	0.00268	0.00947	0.00790	0.00841	0.01439
11	0.02303	0.02451	0.11540	0.04119	0.40565	0.02182	0.02477	0.12852	0.06939	0.03354	0.01854	0.02189	0.01460	0.00862	0.00862	0.00265	0.01031	0.00777	0.00534	0.01387
12	0.01089	0.00807	0.01017	0.01132	0.01256	0.00735	0.00785	0.01302	0.01877	0.02487	0.16478	0.46147	0.16772	0.02460	0.01083	0.00328	0.00477	0.02195	0.00838	0.00735
13	0.02710	0.43047	0.03714	0.01801	0.02426	0.28918	0.01571	0.02968	0.02058	0.02086	0.01268	0.01470	0.01121	0.00809	0.00652	0.00202	0.01194	0.00505	0.00404	0.01075
14	0.02838	0.01672	0.01827	0.01517	0.02013	0.07075	0.01195	0.09024	0.07828	0.29538	0.12127	0.03930	0.08092	0.05923	0.01147	0.00309	0.00767	0.01057	0.00909	0.01211
15	0.02122	0.22445	0.28245	0.02882	0.18182	0.02490	0.02488	0.06590	0.02009	0.02764	0.01519	0.01811	0.01203	0.00807	0.00763	0.00245	0.01103	0.00636	0.00419	0.01277
16	0.01905	0.01868	0.03352	0.06733	0.27789	0.01860	0.18556	0.02582	0.06958	0.02756	0.02415	0.14603	0.02271	0.01164	0.00959	0.00291	0.01038	0.01180	0.00540	0.01180
17	0.01100	0.00788	0.01046	0.01189	0.01273	0.00733	0.00813	0.01308	0.01844	0.02503	0.17562	0.55233	0.06305	0.02526	0.01095	0.00337	0.00486	0.02284	0.00842	0.00733
18	0.02844	0.01683	0.02246	0.19983	0.03343	0.01794	0.01675	0.12120	0.11076	0.27176	0.02774	0.02969	0.01965	0.01084	0.00889	0.00283	0.00887	0.03092	0.00817	0.01299
19	0.08831	0.02033	0.02659	0.23121	0.20975	0.07663	0.02077	0.07705	0.06242	0.07673	0.01855	0.02224	0.01407	0.00894	0.00834	0.00270	0.01039	0.00753	0.00546	0.01198
20	0.06751	0.01423	0.06591	0.01360	0.01663	0.01242	0.01074	0.05977	0.06416	0.08060	0.03255	0.23732	0.03402	0.22759	0.02030	0.00477	0.00754	0.01445	0.00701	0.00889
21	0.01141	0.00869	0.01049	0.01044	0.01256	0.00777	0.00768	0.01450	0.02189	0.02928	0.36488	0.16567	0.26168	0.02068	0.01042	0.00293	0.00436	0.01801	0.00888	0.00777
22	0.01646	0.01491	0.02470	0.61861	0.05603	0.01847	0.02275	0.02213	0.01751	0.02312	0.01655	0.02401	0.01250	0.00884	0.00851	0.00284	0.01101	0.00778	0.06372	0.00956
23	0.08955	0.31207	0.05309	0.01819	0.06395	0.04497	0.01531	0.05450	0.02107	0.22047	0.01993	0.01992	0.01463	0.00878	0.00707	0.00232	0.00892	0.00638	0.00635	0.01254
24	0.02120	0.01464	0.01709	0.11208	0.02403	0.07362	0.01288	0.05974	0.02089	0.15970	0.03529	0.34045	0.03591	0.01817	0.00980	0.00308	0.00785	0.01590	0.00775	0.00993
25	0.13814	0.01469	0.02043	0.22424	0.06084	0.01600	0.05471	0.05120	0.01982	0.02893	0.08361	0.04203	0.16220	0.01302	0.00890	0.00289	0.00845	0.03434	0.00604	0.00953
26	0.02111	0.01666	0.02078	0.01852	0.09432	0.01405	0.01296	0.05317	0.05151	0.08011	0.01844	0.02033	0.01453	0.00744	0.00714	0.00171	0.00717	0.00614	0.00588	0.52803

[dist]
# distance from previous block
# <min> <max>
1	4

[block]
# block no. 5 follows, 20 sequences, length 12
# corresponding to MSA columns:
# 203-214
name=unknown_F
#
# <colnr> <probs for GDERKNQSTAVLIFYWHMCP>
#	G	D	E	R	K	N	Q	S	T	A	V	L	I	F	Y	W	H	M	C	P
0	0.02123	0.17735	0.09543	0.01759	0.04876	0.02105	0.01529	0.05613	0.18976	0.07080	0.09127	0.03216	0.06453	0.01130	0.00811	0.00256	0.00784	0.00909	0.04784	0.01190
1	0.01914	0.01703	0.02952	0.47164	0.15330	0.01942	0.07441	0.02483	0.01860	0.06382	0.01706	0.02341	0.01277	0.00858	0.00885	0.00284	0.01141	0.00804	0.00444	0.01089
2	0.01274	0.00976	0.01226	0.01189	0.01438	0.00869	0.00856	0.01527	0.01797	0.02513	0.13465	0.30096	0.08815	0.06957	0.07414	0.00424	0.00713	0.01653	0.00721	0.16077
3	0.10373	0.24286	0.08067	0.01692	0.02437	0.02532	0.01576	0.20020	0.02552	0.13567	0.01876	0.01912	0.01383	0.00899	0.00726	0.00236	0.00903	0.00644	0.00657	0.03661
4	0.01834	0.07186	0.02618	0.21208	0.17886	0.01757	0.01842	0.02302	0.01893	0.02666	0.07462	0.02457	0.01926	0.00859	0.00792	0.00225	0.00889	0.00750	0.00490	0.22959
5	0.09521	0.02491	0.03008	0.03957	0.38900	0.14796	0.02200	0.09402	0.02273	0.03108	0.01593	0.01964	0.01300	0.00835	0.00818	0.00254	0.01100	0.00706	0.00495	0.01278
6	0.02029	0.09397	0.02937	0.09030	0.18556	0.02061	0.06034	0.07116	0.01927	0.04854	0.01819	0.02418	0.01539	0.02318	0.17195	0.00553	0.07810	0.00802	0.00485	0.01119
7	0.01250	0.00855	0.00984	0.00972	0.01023	0.00836	0.00585	0.01331	0.01510	0.02031	0.13247	0.05993	0.07379	0.54299	0.03679	0.00719	0.00751	0.01352	0.00616	0.00589
8	0.02938	0.27322	0.03248	0.01934	0.02535	0.32112	0.01612	0.13594	0.02517	0.02715	0.01435	0.01605	0.01187	0.00871	0.00721	0.00218	0.01233	0.00568	0.00499	0.01135
9	0.01421	0.08911	0.01396	0.01036	0.01123	0.01141	0.00667	0.01411	0.01313	0.01714	0.02430	0.04859	0.02744	0.53842	0.03870	0.09087	0.00846	0.01117	0.00493	0.00581
10	0.01795	0.01880	0.03759	0.26099	0.04691	0.01935	0.32893	0.02407	0.01901	0.02526	0.02044	0.10114	0.01786	0.01018	0.00983	0.00300	0.01248	0.01108	0.00465	0.01048
11	0.01583	0.01501	0.02202	0.09506	0.02481	0.01833	0.05489	0.01883	0.01705	0.02375	0.09938	0.09445	0.13417	0.01651	0.01824	0.00335	0.30157	0.01214	0.00565	0.00896

[dist]
# distance from previous block
# <min> <max>
3	27

[block]
# block no. 6 follows, 20 sequences, length 19
# corresponding to MSA columns:
# 243-261
name=unknown_G
#
# <colnr> <probs for GDERKNQSTAVLIFYWHMCP>
#	G	D	E	R	K	N	Q	S	T	A	V	L	I	F	Y	W	H	M	C	P
0	0.03091	0.02544	0.02332	0.01888	0.02456	0.15544	0.01504	0.38548	0.03354	0.07257	0.02096	0.02328	0.01596	0.05160	0.01053	0.00286	0.01032	0.00774	0.05877	0.01281
1	0.02254	0.23625	0.23122	0.01831	0.02635	0.02168	0.04229	0.02758	0.01859	0.13304	0.01972	0.02501	0.01613	0.11060	0.01300	0.00333	0.01023	0.00739	0.00522	0.01153
2	0.01762	0.03270	0.36925	0.16250	0.07873	0.01970	0.10714	0.02575	0.01851	0.02635	0.01752	0.05303	0.01391	0.00915	0.00881	0.00284	0.01234	0.00822	0.00408	0.01184
3	0.01113	0.00832	0.01125	0.05779	0.01591	0.00804	0.00912	0.01317	0.01752	0.02321	0.08787	0.55561	0.09859	0.02501	0.01085	0.00340	0.00541	0.02254	0.00790	0.00736
4	0.02341	0.01959	0.02069	0.01810	0.02333	0.02249	0.01422	0.13038	0.53646	0.03925	0.03333	0.03081	0.02487	0.01163	0.00885	0.00291	0.00731	0.00956	0.00885	0.01396
5	0.75506	0.01687	0.01282	0.01147	0.01687	0.01957	0.00945	0.02564	0.01484	0.03914	0.01215	0.01417	0.00945	0.00810	0.00540	0.00270	0.00675	0.00472	0.00540	0.00945
6	0.01261	0.00873	0.01092	0.01092	0.01141	0.00922	0.00704	0.01359	0.01310	0.01796	0.02620	0.04995	0.02862	0.49709	0.23652	0.01020	0.01312	0.01164	0.00509	0.00607
7	0.22560	0.02364	0.13594	0.05166	0.18680	0.02002	0.05860	0.07460	0.02041	0.09877	0.01743	0.01998	0.01291	0.00850	0.00781	0.00270	0.00977	0.00697	0.00553	0.01235
8	0.01697	0.01557	0.02102	0.01847	0.01847	0.02067	0.01452	0.01824	0.01314	0.01964	0.01676	0.03166	0.01816	0.23975	0.03385	0.00535	0.45603	0.00931	0.00430	0.00813
9	0.03258	0.04157	0.02472	0.02247	0.02697	0.65843	0.01685	0.03483	0.02472	0.02135	0.01348	0.01573	0.01124	0.00899	0.00787	0.00225	0.01573	0.00562	0.00449	0.01011
10	0.49794	0.01814	0.01671	0.01387	0.01979	0.02012	0.01144	0.14987	0.02180	0.13278	0.01730	0.01789	0.01238	0.00899	0.00659	0.00268	0.00744	0.00598	0.00690	0.01137
11	0.01235	0.00892	0.01166	0.01097	0.01303	0.00823	0.00823	0.01646	0.02469	0.03498	0.63443	0.06516	0.08230	0.01783	0.01029	0.00274	0.00412	0.01578	0.00960	0.00823
12	0.02906	0.02240	0.02387	0.01924	0.02549	0.02514	0.01559	0.40851	0.24912	0.04837	0.02615	0.02509	0.01905	0.01096	0.00878	0.00274	0.00864	0.00857	0.00878	0.01447
13	0.01948	0.01589	0.01839	0.01365	0.02100	0.01296	0.01089	0.02597	0.09529	0.05675	0.01888	0.02044	0.01505	0.00733	0.00687	0.00157	0.00656	0.00592	0.00589	0.62124
14	0.01232	0.00857	0.00968	0.00968	0.01021	0.00844	0.00581	0.01283	0.01384	0.01810	0.03632	0.05976	0.12116	0.55668	0.07519	0.00796	0.00872	0.01334	0.00567	0.00574
15	0.75506	0.01687	0.01282	0.01147	0.01687	0.01957	0.00945	0.02564	0.01484	0.03914	0.01215	0.01417	0.00945	0.00810	0.00540	0.00270	0.00675	0.00472	0.00540	0.00945
16	0.01444	0.01047	0.01375	0.01506	0.01718	0.01045	0.01253	0.05770	0.02085	0.02717	0.04768	0.21039	0.08912	0.02366	0.01151	0.00375	0.00730	0.39061	0.00810	0.00827
17	0.02175	0.01907	0.02671	0.13000	0.29273	0.06503	0.02028	0.05546	0.05694	0.07137	0.09872	0.05721	0.02527	0.01071	0.00894	0.00270	0.00948	0.00957	0.00603	0.01204
18	0.02038	0.10877	0.09981	0.01977	0.02614	0.02150	0.09782	0.03548	0.31353	0.03182	0.05602	0.02882	0.02330	0.01039	0.00843	0.00271	0.00864	0.00900	0.06534	0.01236

[dist]
# distance from previous block
# <min> <max>
0	2

[block]
# block no. 7 follows, 20 sequences, length 11
# corresponding to MSA columns:
# 264-274
name=unknown_H
#
# <colnr> <probs for GDERKNQSTAVLIFYWHMCP>
#	G	D	E	R	K	N	Q	S	T	A	V	L	I	F	Y	W	H	M	C	P
0	0.02247	0.01787	0.04865	0.01579	0.02129	0.01672	0.01308	0.13680	0.05663	0.09041	0.02117	0.02642	0.01752	0.09986	0.01470	0.00309	0.07929	0.00773	0.03616	0.25435
1	0.01117	0.00870	0.00989	0.00989	0.01205	0.00769	0.00715	0.01369	0.02036	0.02628	0.24373	0.13957	0.35317	0.08153	0.01345	0.00344	0.00476	0.01777	0.00830	0.00741
2	0.01729	0.01466	0.01724	0.01284	0.01982	0.01114	0.01010	0.02092	0.01794	0.02777	0.01898	0.08959	0.01770	0.00869	0.00696	0.00153	0.00631	0.00726	0.00548	0.66780
3	0.01152	0.00888	0.01052	0.01011	0.01253	0.00788	0.00758	0.01487	0.02275	0.03038	0.41425	0.07273	0.30535	0.01955	0.01030	0.00282	0.00424	0.01684	0.00900	0.00788
4	0.01107	0.00887	0.00989	0.00964	0.01225	0.00769	0.00723	0.01399	0.02168	0.02783	0.29266	0.07692	0.42854	0.02050	0.01030	0.00287	0.00430	0.01742	0.00866	0.00769
5	0.01396	0.00898	0.01163	0.01158	0.01361	0.00816	0.00844	0.01693	0.02150	0.08419	0.32633	0.27769	0.12197	0.02088	0.01044	0.00303	0.00477	0.01850	0.00905	0.00835
6	0.03265	0.01838	0.02117	0.01653	0.02265	0.01890	0.01356	0.31105	0.03160	0.26524	0.02701	0.02594	0.01847	0.01054	0.00833	0.00255	0.00793	0.00823	0.12548	0.01378
7	0.20024	0.02469	0.14828	0.02779	0.18020	0.02055	0.05396	0.11646	0.02215	0.09991	0.01789	0.02005	0.01317	0.00865	0.00791	0.00269	0.00982	0.00704	0.00581	0.01273
8	0.03185	0.04813	0.07766	0.01676	0.02373	0.07716	0.01475	0.07120	0.02431	0.36908	0.06013	0.02689	0.02125	0.01017	0.00835	0.00248	0.00864	0.00804	0.00848	0.09093
9	0.01671	0.01008	0.01190	0.01076	0.01425	0.00870	0.00831	0.01966	0.02219	0.15292	0.22239	0.06793	0.36383	0.01866	0.00999	0.00284	0.00495	0.01575	0.00905	0.00911
10	0.02565	0.01337	0.01956	0.01653	0.02108	0.01235	0.06856	0.03044	0.06942	0.31178	0.03782	0.26713	0.03423	0.01652	0.00978	0.00305	0.00723	0.01480	0.00905	0.01166

[dist]
# distance from previous block
# <min> <max>
1	3

[block]
# block no. 8 follows, 20 sequences, length 29
# corresponding to MSA columns:
# 278-306
name=unknown_I
#
# <colnr> <probs for GDERKNQSTAVLIFYWHMCP>
#	G	D	E	R	K	N	Q	S	T	A	V	L	I	F	Y	W	H	M	C	P
0	0.01718	0.01985	0.12703	0.01795	0.02468	0.01402	0.08340	0.05712	0.01947	0.02819	0.02497	0.20099	0.02493	0.01279	0.00863	0.00243	0.00832	0.01148	0.00584	0.29072
1	0.32054	0.01824	0.02133	0.05620	0.09445	0.01896	0.04566	0.10247	0.02035	0.05932	0.01579	0.01830	0.01214	0.00814	0.00700	0.00242	0.00821	0.00620	0.00573	0.15856
2	0.13847	0.01017	0.01152	0.01130	0.01280	0.01114	0.00789	0.01613	0.01370	0.02237	0.02355	0.04130	0.02429	0.34262	0.24120	0.00910	0.01297	0.01005	0.03249	0.00693
3	0.01137	0.00861	0.00985	0.00996	0.01172	0.00778	0.00693	0.01348	0.01910	0.02479	0.20511	0.15485	0.29121	0.16571	0.01773	0.00416	0.00530	0.01739	0.00787	0.00710
4	0.01470	0.00788	0.01181	0.01181	0.01208	0.00814	0.00814	0.01208	0.01181	0.01601	0.01654	0.02783	0.01628	0.03625	0.13990	0.62221	0.01025	0.00788	0.00394	0.00447
5	0.01162	0.00830	0.01126	0.01328	0.01423	0.00794	0.00983	0.01387	0.01768	0.02338	0.04753	0.51653	0.05552	0.02639	0.01140	0.00368	0.00592	0.18619	0.00808	0.00736
6	0.75506	0.01687	0.01282	0.01147	0.01687	0.01957	0.00945	0.02564	0.01484	0.03914	0.01215	0.01417	0.00945	0.00810	0.00540	0.00270	0.00675	0.00472	0.00540	0.00945
7	0.75506	0.01687	0.01282	0.01147	0.01687	0.01957	0.00945	0.02564	0.01484	0.03914	0.01215	0.01417	0.00945	0.00810	0.00540	0.00270	0.00675	0.00472	0.00540	0.00945
8	0.75506	0.01687	0.01282	0.01147	0.01687	0.01957	0.00945	0.02564	0.01484	0.03914	0.01215	0.01417	0.00945	0.00810	0.00540	0.00270	0.00675	0.00472	0.00540	0.00945
9	0.02965	0.02120	0.12848	0.01925	0.02507	0.01812	0.01793	0.03374	0.02048	0.35919	0.02456	0.02470	0.01686	0.01167	0.01446	0.00303	0.20302	0.00805	0.00756	0.01297
10	0.01575	0.02146	0.18983	0.02063	0.08868	0.01486	0.01796	0.02140	0.02096	0.03052	0.30061	0.04035	0.04435	0.01320	0.01110	0.00275	0.07243	0.01093	0.00658	0.05566
11	0.02586	0.32009	0.03577	0.01954	0.02546	0.14434	0.05192	0.12285	0.04541	0.02739	0.01495	0.01734	0.01253	0.00934	0.00974	0.00240	0.09237	0.00626	0.00493	0.01152
12	0.01182	0.00828	0.01089	0.01138	0.01257	0.00774	0.00796	0.01420	0.01999	0.02764	0.32567	0.31542	0.06559	0.06392	0.01401	0.04341	0.00495	0.01881	0.00841	0.00735
13	0.02159	0.02073	0.03541	0.05354	0.63903	0.02073	0.02677	0.02677	0.01986	0.02850	0.01641	0.02159	0.01382	0.00777	0.00864	0.00259	0.01036	0.00777	0.00432	0.01382
14	0.01060	0.00768	0.01003	0.01191	0.01259	0.00711	0.00799	0.01217	0.01693	0.02236	0.05100	0.64401	0.09955	0.02695	0.01107	0.00350	0.00501	0.02433	0.00810	0.00711
15	0.23164	0.01538	0.02124	0.27056	0.13086	0.01765	0.01751	0.02212	0.01604	0.02696	0.01461	0.02090	0.01194	0.01204	0.01204	0.12868	0.00932	0.00685	0.00437	0.00927
16	0.01470	0.00951	0.01191	0.01161	0.01423	0.00856	0.00894	0.01789	0.02192	0.09580	0.28223	0.14506	0.22006	0.02009	0.01043	0.00304	0.00512	0.08140	0.00896	0.00855
17	0.03350	0.02349	0.02298	0.01835	0.02449	0.12866	0.01482	0.31240	0.03216	0.21137	0.02396	0.02333	0.01664	0.01029	0.00840	0.00254	0.00963	0.00775	0.06170	0.01355
18	0.01501	0.01140	0.01376	0.01278	0.01545	0.01172	0.00965	0.02395	0.18103	0.03394	0.43218	0.05379	0.06281	0.01716	0.01164	0.05666	0.00510	0.01363	0.00899	0.00937
19	0.02773	0.02445	0.08918	0.02433	0.03212	0.02295	0.17858	0.27627	0.09279	0.10743	0.02255	0.02359	0.01602	0.00960	0.00913	0.00276	0.01078	0.00870	0.00732	0.01371
20	0.02106	0.38669	0.23580	0.02150	0.03088	0.02807	0.11408	0.02688	0.01839	0.02393	0.01411	0.01689	0.01147	0.00770	0.00718	0.00232	0.01130	0.00611	0.00382	0.01182
21	0.01208	0.00818	0.00951	0.01019	0.01087	0.00785	0.00645	0.01323	0.01535	0.02094	0.04110	0.26858	0.10529	0.33144	0.02585	0.00559	0.00646	0.01692	0.07775	0.00639
22	0.01347	0.01082	0.01613	0.07399	0.02007	0.01043	0.06496	0.01781	0.02265	0.03158	0.41532	0.05779	0.13465	0.01608	0.00989	0.00276	0.00583	0.01439	0.05279	0.00858
23	0.02257	0.06672	0.10811	0.21752	0.21527	0.02058	0.05212	0.05913	0.02068	0.10710	0.01840	0.02228	0.01370	0.00860	0.00852	0.00269	0.01076	0.00765	0.00515	0.01243
24	0.10926	0.01605	0.01956	0.01742	0.06150	0.01594	0.01306	0.11207	0.07114	0.31976	0.06493	0.02894	0.02300	0.01071	0.00825	0.00264	0.00728	0.00860	0.07678	0.01309
25	0.01114	0.00805	0.01097	0.01232	0.01319	0.00787	0.00859	0.01325	0.01721	0.02345	0.11437	0.50225	0.05457	0.03264	0.12073	0.00522	0.00805	0.02110	0.00770	0.00734
26	0.24371	0.14895	0.07423	0.02487	0.14928	0.02410	0.05061	0.07597	0.01910	0.03170	0.01426	0.01752	0.01164	0.00875	0.00901	0.00263	0.07102	0.00631	0.00483	0.01152
27	0.03268	0.01680	0.01992	0.01524	0.02212	0.05521	0.01238	0.03613	0.02298	0.42748	0.02762	0.02545	0.01843	0.00944	0.00805	0.00227	0.00770	0.00753	0.00877	0.22379
28	0.01326	0.01121	0.01610	0.12072	0.02289	0.01107	0.04744	0.01665	0.01874	0.02488	0.14108	0.12159	0.19335	0.07346	0.07235	0.00430	0.00846	0.01419	0.00668	0.06157

[dist]
# distance from previous block
# <min> <max>
0	1

[block]
# block no. 9 follows, 20 sequences, length 8
# corresponding to MSA columns:
# 308-315
name=unknown_J
#
# <colnr> <probs for GDERKNQSTAVLIFYWHMCP>
#	G	D	E	R	K	N	Q	S	T	A	V	L	I	F	Y	W	H	M	C	P
0	0.01482	0.00946	0.01245	0.01139	0.01388	0.00865	0.00865	0.01887	0.02472	0.09129	0.57905	0.06188	0.07670	0.01718	0.01015	0.00274	0.00442	0.01513	0.00971	0.00884
1	0.17945	0.01335	0.01608	0.01404	0.01881	0.01286	0.01143	0.03028	0.02126	0.31775	0.07895	0.10989	0.03165	0.01443	0.00890	0.00298	0.00686	0.09071	0.00890	0.01142
2	0.02163	0.49095	0.11158	0.01572	0.02387	0.02846	0.01609	0.02550	0.01788	0.02287	0.01319	0.01530	0.01151	0.00737	0.00608	0.00186	0.00920	0.00497	0.00400	0.15197
3	0.18456	0.06599	0.01513	0.01179	0.01570	0.06028	0.00941	0.02247	0.02020	0.07830	0.17287	0.04201	0.13844	0.01330	0.00793	0.00256	0.00625	0.01052	0.11307	0.00921
4	0.02295	0.01777	0.01875	0.01553	0.02070	0.01890	0.01245	0.30497	0.11691	0.04054	0.04830	0.04622	0.24909	0.01502	0.00934	0.00279	0.00727	0.01210	0.00851	0.01189
5	0.02166	0.07917	0.17829	0.02105	0.02840	0.06765	0.07283	0.07622	0.24771	0.03245	0.06586	0.02705	0.02229	0.01033	0.00862	0.00273	0.00990	0.00863	0.00653	0.01262
6	0.02002	0.01814	0.05039	0.06293	0.02471	0.01616	0.01354	0.11808	0.11659	0.03285	0.02770	0.02861	0.08527	0.00995	0.00788	0.00214	0.00749	0.00807	0.00647	0.34301
7	0.01449	0.01270	0.02034	0.42492	0.04235	0.01491	0.01820	0.01901	0.01813	0.02382	0.09880	0.19674	0.03187	0.01454	0.00952	0.00305	0.00905	0.01304	0.00564	0.00885

[dist]
# distance from previous block
# <min> <max>
0	12

# created by:
# /home/cegg/simao/soft/augustus-3.2.1/scripts/msa2prfl.pl ./align_prep/28151.fa
