[name]
unknown

[dist]
# distance from previous block
# <min> <max>
0	354

[block]
# block no. 0 follows, 23 sequences, length 20
# corresponding to MSA columns:
# 354-373
name=unknown_A
#
# <colnr> <probs for GDERKNQSTAVLIFYWHMCP>
#	G	D	E	R	K	N	Q	S	T	A	V	L	I	F	Y	W	H	M	C	P
0	0.02828	0.01998	0.02216	0.01780	0.02352	0.02175	0.01482	0.49853	0.03404	0.08521	0.02410	0.03177	0.01957	0.01183	0.00863	0.00265	0.00856	0.10588	0.00813	0.01276
1	0.09027	0.01364	0.01788	0.01401	0.01992	0.01215	0.01149	0.03707	0.02216	0.59245	0.03105	0.05802	0.02079	0.01056	0.00803	0.00255	0.00676	0.00857	0.00955	0.01310
2	0.01852	0.14510	0.23033	0.02565	0.07180	0.02139	0.21845	0.02671	0.08012	0.02522	0.01680	0.02012	0.01301	0.01005	0.03912	0.00297	0.01172	0.00738	0.00421	0.01131
3	0.01764	0.21292	0.51382	0.02080	0.03151	0.02219	0.02592	0.02534	0.01697	0.02403	0.01373	0.01609	0.01031	0.00752	0.00708	0.00236	0.01116	0.00558	0.00344	0.01159
4	0.01045	0.00814	0.00949	0.00939	0.01155	0.00718	0.00695	0.01321	0.02015	0.02643	0.33057	0.13350	0.34530	0.01931	0.00966	0.00271	0.00405	0.01665	0.00814	0.00718
5	0.32412	0.01455	0.01613	0.01296	0.01875	0.01438	0.01070	0.03341	0.01954	0.42213	0.02391	0.02197	0.01567	0.00906	0.00693	0.00251	0.00666	0.00669	0.00808	0.01185
6	0.06625	0.04165	0.02697	0.07464	0.29355	0.12267	0.04194	0.03007	0.16811	0.02723	0.01868	0.02120	0.01484	0.00835	0.00778	0.00246	0.00965	0.00721	0.00507	0.01169
7	0.03414	0.01550	0.02226	0.01681	0.02330	0.01410	0.07388	0.09786	0.02431	0.54439	0.02922	0.02624	0.01869	0.00970	0.00830	0.00253	0.00778	0.00821	0.00926	0.01352
8	0.01180	0.00787	0.00885	0.00885	0.00885	0.00787	0.00492	0.01180	0.01180	0.01573	0.02557	0.05310	0.02950	0.71483	0.04130	0.00787	0.00787	0.01180	0.00492	0.00492
9	0.01302	0.00920	0.01110	0.01050	0.01299	0.00857	0.00791	0.01761	0.06866	0.06700	0.37908	0.10947	0.21922	0.01747	0.00945	0.00267	0.00435	0.01513	0.00848	0.00813
10	0.09657	0.07464	0.03066	0.02551	0.10943	0.11443	0.19591	0.02996	0.12915	0.06195	0.01850	0.02069	0.01421	0.00806	0.00785	0.00244	0.01029	0.00744	0.00522	0.03709
11	0.01617	0.01524	0.02107	0.01845	0.01860	0.02062	0.01490	0.01777	0.01239	0.01884	0.01418	0.02491	0.01468	0.13283	0.09451	0.00520	0.51969	0.00802	0.00385	0.00807
12	0.01166	0.00842	0.01166	0.01166	0.01263	0.00939	0.00842	0.01360	0.01263	0.01781	0.02300	0.03888	0.02333	0.27661	0.47108	0.01133	0.01716	0.00972	0.00453	0.00648
13	0.01159	0.00869	0.01304	0.01304	0.01449	0.01014	0.01014	0.01449	0.01304	0.01884	0.02173	0.03188	0.02029	0.06086	0.68268	0.01304	0.02173	0.00869	0.00435	0.00724
14	0.06767	0.05732	0.05954	0.02105	0.02725	0.08670	0.14966	0.14652	0.23583	0.03305	0.02158	0.02237	0.01622	0.00903	0.00805	0.00255	0.00966	0.00784	0.00626	0.01187
15	0.02066	0.01586	0.01834	0.01800	0.06782	0.01741	0.01310	0.11643	0.33531	0.06793	0.03125	0.09808	0.02631	0.01265	0.00848	0.00274	0.00678	0.05537	0.05581	0.01168
16	0.01191	0.00847	0.01087	0.06173	0.01368	0.00900	0.00742	0.01297	0.01260	0.01701	0.02512	0.08574	0.02774	0.49341	0.16136	0.00821	0.01059	0.01152	0.00486	0.00578
17	0.02317	0.57076	0.04002	0.01576	0.02272	0.02929	0.06079	0.06366	0.01854	0.07033	0.01373	0.01518	0.01149	0.00734	0.00594	0.00191	0.00894	0.00521	0.00430	0.01092
18	0.14516	0.02133	0.01884	0.01651	0.02138	0.13520	0.01295	0.10734	0.34380	0.05715	0.02434	0.02344	0.01825	0.00980	0.00755	0.00255	0.00814	0.00746	0.00708	0.01174
19	0.06841	0.20034	0.02707	0.01867	0.02356	0.49078	0.01488	0.03000	0.02094	0.02057	0.01217	0.01417	0.01035	0.00798	0.00669	0.00203	0.01276	0.00497	0.00406	0.00961

[dist]
# distance from previous block
# <min> <max>
0	3

[block]
# block no. 1 follows, 23 sequences, length 20
# corresponding to MSA columns:
# 377-396
name=unknown_B
#
# <colnr> <probs for GDERKNQSTAVLIFYWHMCP>
#	G	D	E	R	K	N	Q	S	T	A	V	L	I	F	Y	W	H	M	C	P
0	0.01578	0.01315	0.02084	0.48846	0.04347	0.01521	0.01832	0.02042	0.01727	0.06198	0.06977	0.07149	0.05083	0.01048	0.00833	0.00264	0.00908	0.00921	0.00491	0.04837
1	0.06211	0.19523	0.06625	0.01492	0.02148	0.01871	0.01354	0.03450	0.09231	0.36283	0.02484	0.02291	0.01704	0.00911	0.00725	0.00235	0.00760	0.00700	0.00753	0.01250
2	0.33454	0.01816	0.05542	0.01830	0.02465	0.01743	0.16256	0.05431	0.01852	0.16903	0.01866	0.02175	0.01375	0.00856	0.00729	0.00261	0.00865	0.02907	0.00602	0.01071
3	0.00989	0.00706	0.00942	0.01130	0.01177	0.00659	0.00753	0.01130	0.01554	0.02071	0.04472	0.70954	0.05367	0.02542	0.01036	0.00330	0.00471	0.02307	0.00753	0.00659
4	0.11431	0.01469	0.02077	0.01619	0.02204	0.01370	0.08269	0.05587	0.02200	0.42731	0.06810	0.03047	0.02268	0.01045	0.00822	0.00260	0.00752	0.03967	0.00852	0.01219
5	0.17487	0.02105	0.02013	0.01599	0.02200	0.09523	0.01298	0.29823	0.02712	0.11109	0.01782	0.01826	0.01291	0.00869	0.00714	0.00225	0.00844	0.00626	0.00684	0.11270
6	0.00985	0.00719	0.00928	0.01095	0.01168	0.00662	0.00738	0.01134	0.01587	0.02085	0.04901	0.63736	0.12308	0.02486	0.01027	0.00323	0.00464	0.02239	0.00753	0.00662
7	0.01164	0.00851	0.01211	0.01211	0.01324	0.00964	0.00899	0.01389	0.01277	0.01815	0.02258	0.03657	0.02232	0.20558	0.54074	0.01190	0.01867	0.00938	0.00447	0.00673
8	0.02149	0.02132	0.03504	0.10224	0.03642	0.06138	0.32724	0.14681	0.07760	0.03091	0.04364	0.02321	0.01596	0.00840	0.00887	0.00263	0.01146	0.00876	0.00539	0.01123
9	0.07122	0.24590	0.13588	0.01574	0.02289	0.07696	0.01539	0.02554	0.01752	0.08413	0.01458	0.01629	0.01157	0.00760	0.00711	0.00198	0.03635	0.00527	0.00455	0.18354
10	0.02079	0.01748	0.01824	0.13945	0.02539	0.11099	0.01345	0.12535	0.10367	0.06252	0.16110	0.03120	0.02904	0.01089	0.00806	0.00244	0.00797	0.00892	0.09295	0.01011
11	0.03085	0.02273	0.02435	0.01867	0.02516	0.02516	0.01542	0.63716	0.03815	0.05114	0.01948	0.01948	0.01380	0.00974	0.00812	0.00244	0.00893	0.00731	0.00812	0.01380
12	0.01935	0.01720	0.01696	0.01633	0.01969	0.11139	0.01322	0.08924	0.20243	0.02872	0.03246	0.05357	0.03096	0.05010	0.01097	0.00329	0.00837	0.25876	0.00716	0.00981
13	0.01082	0.00773	0.01048	0.01236	0.01324	0.00739	0.00915	0.01290	0.01645	0.02175	0.04421	0.52952	0.05164	0.02455	0.01060	0.00342	0.00551	0.19392	0.00751	0.00685
14	0.02526	0.01995	0.02121	0.01754	0.02304	0.02255	0.01407	0.32607	0.35834	0.04213	0.02657	0.02513	0.01954	0.01040	0.00819	0.00260	0.00762	0.00828	0.00819	0.01330
15	0.01249	0.00765	0.00919	0.00919	0.00949	0.00756	0.00562	0.01192	0.01223	0.01662	0.02617	0.04559	0.06521	0.44045	0.03440	0.21033	0.00714	0.01059	0.05332	0.00484
16	0.01716	0.15309	0.56946	0.02161	0.03278	0.02102	0.02734	0.02547	0.01703	0.02461	0.01402	0.01646	0.01030	0.00758	0.00730	0.00243	0.01145	0.00572	0.00343	0.01173
17	0.58364	0.01643	0.01593	0.01759	0.12249	0.01855	0.01178	0.02569	0.06970	0.03457	0.01383	0.01580	0.01084	0.00778	0.00580	0.00252	0.00684	0.00527	0.00514	0.00981
18	0.02295	0.14929	0.06975	0.02583	0.03339	0.06435	0.33927	0.07610	0.02076	0.09450	0.01705	0.02001	0.01270	0.00757	0.00829	0.00246	0.01166	0.00785	0.00491	0.01133
19	0.06636	0.01862	0.09819	0.02032	0.02592	0.01635	0.16387	0.02805	0.17648	0.06755	0.02827	0.09008	0.02524	0.01265	0.00903	0.00293	0.00889	0.12423	0.00640	0.01058

[dist]
# distance from previous block
# <min> <max>
0	1

[block]
# block no. 2 follows, 23 sequences, length 19
# corresponding to MSA columns:
# 398-416
name=unknown_C
#
# <colnr> <probs for GDERKNQSTAVLIFYWHMCP>
#	G	D	E	R	K	N	Q	S	T	A	V	L	I	F	Y	W	H	M	C	P
0	0.01562	0.01151	0.01399	0.01405	0.05208	0.01186	0.00951	0.13270	0.01992	0.02690	0.11933	0.10071	0.07415	0.26360	0.06704	0.00523	0.00805	0.03924	0.00650	0.00800
1	0.01757	0.01696	0.02987	0.02331	0.02867	0.01690	0.29512	0.05376	0.15065	0.02859	0.08455	0.11950	0.02862	0.01223	0.00945	0.00285	0.00946	0.05532	0.00627	0.01036
2	0.77215	0.01569	0.01193	0.01067	0.01569	0.01820	0.00879	0.02385	0.01381	0.03641	0.01130	0.01318	0.00879	0.00753	0.00502	0.00251	0.00628	0.00439	0.00502	0.00879
3	0.07605	0.01792	0.02871	0.02181	0.02811	0.01764	0.24409	0.09668	0.10261	0.09000	0.05913	0.02837	0.02028	0.00944	0.00850	0.00256	0.00931	0.04326	0.00626	0.08929
4	0.05336	0.02121	0.10033	0.02451	0.03201	0.01817	0.30143	0.03055	0.12301	0.13291	0.02116	0.02302	0.01525	0.00812	0.00851	0.00258	0.01041	0.00838	0.00577	0.05931
5	0.03115	0.02432	0.08002	0.01896	0.02533	0.19983	0.07020	0.06427	0.02299	0.34576	0.02309	0.02219	0.01556	0.00907	0.00801	0.00242	0.01019	0.00724	0.00722	0.01217
6	0.00959	0.00822	0.00822	0.00822	0.01096	0.00685	0.00617	0.01165	0.01850	0.02192	0.08220	0.07809	0.66092	0.02055	0.00959	0.00274	0.00411	0.01713	0.00754	0.00685
7	0.01291	0.00955	0.01195	0.01223	0.01444	0.00924	0.00981	0.06003	0.02089	0.02769	0.22048	0.14683	0.16746	0.01987	0.01013	0.00308	0.00562	0.22208	0.00794	0.00777
8	0.19975	0.06627	0.13652	0.01781	0.02483	0.05421	0.08635	0.03081	0.06241	0.21508	0.02004	0.02032	0.01403	0.00846	0.00729	0.00249	0.00893	0.00674	0.00618	0.01147
9	0.02008	0.01928	0.03294	0.04981	0.66422	0.01928	0.02490	0.02490	0.01848	0.02651	0.01526	0.02008	0.01285	0.00723	0.00803	0.00241	0.00964	0.00723	0.00402	0.01285
10	0.01047	0.00773	0.00985	0.01105	0.01214	0.00735	0.00786	0.01226	0.01589	0.02073	0.04801	0.41139	0.16342	0.08315	0.07445	0.00450	0.00669	0.07939	0.00702	0.00665
11	0.02468	0.01973	0.02888	0.17482	0.12801	0.07229	0.13582	0.12649	0.02260	0.15720	0.01911	0.02174	0.01371	0.00841	0.00833	0.00254	0.01041	0.00771	0.00582	0.01171
12	0.36702	0.08356	0.07678	0.02050	0.09753	0.01940	0.10949	0.02603	0.01661	0.09331	0.01484	0.01704	0.01118	0.00760	0.00661	0.00247	0.00855	0.00601	0.00498	0.01049
13	0.01050	0.00783	0.00984	0.01117	0.01220	0.00742	0.00767	0.01329	0.05105	0.02217	0.07925	0.56535	0.12485	0.02361	0.01011	0.00316	0.00469	0.02118	0.00764	0.00702
14	0.40080	0.01507	0.01434	0.01133	0.01743	0.01457	0.00919	0.02217	0.01529	0.03151	0.01283	0.01497	0.01038	0.00678	0.00551	0.00187	0.00615	0.00460	0.00492	0.38029
15	0.12723	0.01765	0.02744	0.02435	0.12450	0.01697	0.17022	0.06528	0.03797	0.18861	0.01981	0.02131	0.01424	0.00798	0.00780	0.00239	0.00894	0.00743	0.00613	0.10374
16	0.01759	0.01432	0.01546	0.06071	0.01933	0.07384	0.01113	0.05964	0.14582	0.06802	0.28786	0.11802	0.04618	0.01438	0.00893	0.00264	0.00639	0.01237	0.00785	0.00953
17	0.01570	0.01516	0.02786	0.23537	0.09872	0.01580	0.19990	0.02031	0.01718	0.02309	0.06636	0.09148	0.02256	0.09963	0.01307	0.00338	0.01011	0.01050	0.00471	0.00912
18	0.06253	0.05834	0.02586	0.02033	0.02224	0.02245	0.07254	0.02152	0.01431	0.06616	0.01488	0.06194	0.01405	0.01313	0.02025	0.00322	0.46443	0.00809	0.00438	0.00935

[dist]
# distance from previous block
# <min> <max>
1	4

[block]
# block no. 3 follows, 23 sequences, length 11
# corresponding to MSA columns:
# 421-431
name=unknown_D
#
# <colnr> <probs for GDERKNQSTAVLIFYWHMCP>
#	G	D	E	R	K	N	Q	S	T	A	V	L	I	F	Y	W	H	M	C	P
0	0.01547	0.01243	0.01620	0.01769	0.11969	0.01220	0.01136	0.06498	0.06878	0.02909	0.21994	0.04266	0.10865	0.06299	0.05582	0.00345	0.00707	0.01092	0.03422	0.08638
1	0.01898	0.19829	0.05969	0.02333	0.13263	0.01997	0.11848	0.05401	0.01838	0.02513	0.01753	0.08995	0.01617	0.00889	0.00738	0.00214	0.00886	0.00798	0.00461	0.16760
2	0.02204	0.07051	0.02313	0.05347	0.02479	0.02193	0.04583	0.15427	0.41897	0.03506	0.02697	0.02603	0.02021	0.01010	0.00806	0.00261	0.00768	0.00837	0.00742	0.01255
3	0.01357	0.01085	0.01413	0.01333	0.01582	0.01097	0.04480	0.02040	0.14268	0.02663	0.19415	0.12474	0.11068	0.10576	0.01369	0.00357	0.00613	0.11234	0.00748	0.00829
4	0.01989	0.56241	0.10469	0.01441	0.02127	0.02775	0.01481	0.02335	0.01734	0.02141	0.09032	0.01922	0.01842	0.00819	0.00600	0.00192	0.00844	0.00577	0.00413	0.01024
5	0.01098	0.00818	0.00927	0.00900	0.01130	0.00727	0.00675	0.01397	0.02025	0.02733	0.32324	0.06561	0.34416	0.01769	0.00917	0.00257	0.00396	0.01508	0.08694	0.00727
6	0.01915	0.02189	0.04788	0.03420	0.04241	0.02052	0.63475	0.02599	0.01915	0.02599	0.01642	0.02189	0.01231	0.00684	0.00958	0.00274	0.01368	0.00958	0.00410	0.01094
7	0.01617	0.01353	0.01617	0.01253	0.01880	0.01056	0.01022	0.01979	0.01715	0.02606	0.01945	0.02999	0.01813	0.00890	0.00693	0.00165	0.00627	0.11138	0.00528	0.63104
8	0.10539	0.02141	0.02240	0.01761	0.02373	0.02388	0.01445	0.50681	0.10532	0.04767	0.02019	0.02007	0.01454	0.00966	0.00782	0.00248	0.00837	0.00722	0.00782	0.01318
9	0.01934	0.01568	0.01633	0.01455	0.01840	0.06329	0.01118	0.08573	0.24957	0.06829	0.17234	0.12212	0.03713	0.01347	0.00860	0.00259	0.00645	0.01144	0.00790	0.05559
10	0.02691	0.20077	0.02794	0.01740	0.02346	0.10231	0.01469	0.32542	0.11950	0.03689	0.01856	0.01884	0.01414	0.00905	0.00731	0.00226	0.00916	0.00658	0.00650	0.01229

[dist]
# distance from previous block
# <min> <max>
0	1

[block]
# block no. 4 follows, 23 sequences, length 14
# corresponding to MSA columns:
# 433-446
name=unknown_E
#
# <colnr> <probs for GDERKNQSTAVLIFYWHMCP>
#	G	D	E	R	K	N	Q	S	T	A	V	L	I	F	Y	W	H	M	C	P
0	0.11833	0.02809	0.02409	0.01992	0.02532	0.30708	0.07481	0.19297	0.05057	0.05957	0.01629	0.01765	0.01232	0.00866	0.00755	0.00234	0.01135	0.00639	0.00574	0.01098
1	0.03419	0.01907	0.02082	0.01633	0.02243	0.09094	0.01331	0.20365	0.02732	0.42603	0.02637	0.02391	0.01727	0.00977	0.00805	0.00244	0.00833	0.00759	0.00885	0.01331
2	0.01045	0.00828	0.00956	0.01031	0.01246	0.00739	0.00801	0.01279	0.01803	0.02227	0.06665	0.18900	0.41392	0.02182	0.01010	0.00307	0.00500	0.15642	0.00752	0.00695
3	0.01022	0.00773	0.00948	0.01044	0.01189	0.00699	0.00748	0.01231	0.01766	0.02295	0.14173	0.38945	0.24007	0.02253	0.01007	0.00305	0.00458	0.05677	0.00772	0.00687
4	0.01134	0.00855	0.00910	0.00878	0.01165	0.00723	0.00665	0.01364	0.01922	0.06074	0.13785	0.07338	0.56435	0.01954	0.00950	0.00271	0.00424	0.01635	0.00782	0.00734
5	0.01511	0.00916	0.01086	0.01014	0.01155	0.00898	0.00672	0.01766	0.05216	0.09410	0.14996	0.04956	0.03700	0.43413	0.02823	0.00572	0.00674	0.01165	0.03358	0.00700
6	0.01229	0.00813	0.01012	0.00962	0.01153	0.00764	0.00722	0.01611	0.02165	0.03203	0.51963	0.05389	0.06421	0.01501	0.00871	0.00241	0.00382	0.01310	0.17526	0.00764
7	0.01896	0.01744	0.02440	0.01993	0.02506	0.01885	0.15741	0.03599	0.43198	0.03193	0.09963	0.03173	0.02768	0.01066	0.00871	0.00273	0.00782	0.00989	0.00736	0.01182
8	0.77215	0.01569	0.01193	0.01067	0.01569	0.01820	0.00879	0.02385	0.01381	0.03641	0.01130	0.01318	0.00879	0.00753	0.00502	0.00251	0.00628	0.00439	0.00502	0.00879
9	0.09410	0.02222	0.10976	0.03587	0.32254	0.01947	0.15315	0.06690	0.01953	0.05596	0.01603	0.01972	0.01240	0.00752	0.00804	0.00251	0.01030	0.00735	0.00459	0.01205
10	0.01091	0.00812	0.00937	0.00983	0.01187	0.00731	0.00745	0.01351	0.01856	0.02445	0.15352	0.17831	0.32988	0.01992	0.00954	0.00285	0.00456	0.09195	0.08103	0.00708
11	0.01790	0.01681	0.02841	0.05577	0.23138	0.01686	0.16054	0.05070	0.08139	0.02813	0.09463	0.03659	0.06212	0.01099	0.00900	0.00270	0.00910	0.07043	0.00571	0.01084
12	0.01237	0.00854	0.00955	0.00950	0.01212	0.00731	0.00704	0.01440	0.01835	0.08736	0.06925	0.20548	0.46853	0.02051	0.00961	0.00283	0.00452	0.01746	0.00779	0.00750
13	0.10365	0.40081	0.12963	0.08406	0.02595	0.02520	0.01643	0.02558	0.01692	0.08553	0.01411	0.01595	0.01120	0.00754	0.00614	0.00212	0.00896	0.00526	0.00429	0.01066

[dist]
# distance from previous block
# <min> <max>
3	5

[block]
# block no. 5 follows, 23 sequences, length 30
# corresponding to MSA columns:
# 453-482
name=unknown_F
#
# <colnr> <probs for GDERKNQSTAVLIFYWHMCP>
#	G	D	E	R	K	N	Q	S	T	A	V	L	I	F	Y	W	H	M	C	P
0	0.01704	0.01455	0.01928	0.01415	0.02091	0.01145	0.06939	0.02077	0.01712	0.04338	0.01745	0.07162	0.01551	0.00771	0.00675	0.00155	0.00667	0.00678	0.00509	0.61284
1	0.06983	0.00836	0.01001	0.01118	0.01271	0.00801	0.00823	0.01336	0.01676	0.02320	0.07413	0.41270	0.16599	0.02227	0.00989	0.00317	0.00511	0.11072	0.00738	0.00699
2	0.01645	0.01688	0.03145	0.02447	0.02840	0.01803	0.30362	0.02039	0.01612	0.02248	0.02099	0.15399	0.02108	0.06752	0.01670	0.00346	0.19254	0.01166	0.00467	0.00910
3	0.01176	0.00803	0.00970	0.00970	0.00999	0.00833	0.00598	0.01234	0.01205	0.01636	0.02479	0.04880	0.02763	0.58234	0.17124	0.00891	0.01068	0.01117	0.00480	0.00539
4	0.02464	0.01512	0.01746	0.01497	0.01960	0.01590	0.01202	0.14207	0.22007	0.20189	0.03110	0.07008	0.02457	0.01211	0.00829	0.00265	0.00671	0.05936	0.08949	0.01191
5	0.01788	0.03075	0.32362	0.02931	0.03919	0.01978	0.36789	0.02586	0.01826	0.02586	0.01560	0.01979	0.01141	0.00722	0.00875	0.00266	0.01294	0.00800	0.00380	0.01141
6	0.01579	0.01244	0.01430	0.01341	0.01628	0.01350	0.01024	0.02758	0.30755	0.03003	0.23233	0.04634	0.04276	0.06600	0.01290	0.05446	0.00583	0.06088	0.00785	0.00954
7	0.01180	0.00787	0.00885	0.00885	0.00885	0.00787	0.00492	0.01180	0.01180	0.01573	0.02557	0.05310	0.02950	0.71483	0.04130	0.00787	0.00787	0.01180	0.00492	0.00492
8	0.01711	0.01873	0.03851	0.02826	0.03485	0.01788	0.47160	0.02275	0.01838	0.02463	0.02671	0.03108	0.11296	0.01289	0.05563	0.00346	0.03939	0.01059	0.00463	0.00998
9	0.00984	0.00724	0.00923	0.01082	0.01164	0.00663	0.00732	0.01135	0.01599	0.02090	0.05051	0.61202	0.14745	0.02467	0.01024	0.00321	0.00462	0.02215	0.00753	0.00663
10	0.01389	0.01147	0.01732	0.07706	0.17359	0.01134	0.01307	0.01809	0.02132	0.03009	0.44996	0.04755	0.05565	0.01362	0.00908	0.00253	0.00582	0.01225	0.00730	0.00903
11	0.05789	0.12499	0.02518	0.02062	0.13113	0.01811	0.01460	0.10673	0.02242	0.31469	0.02240	0.02178	0.01559	0.00868	0.00741	0.00228	0.00781	0.00693	0.00721	0.06354
12	0.02182	0.01842	0.02038	0.01701	0.02112	0.06600	0.01369	0.09724	0.18724	0.08256	0.02307	0.02418	0.04232	0.01095	0.01254	0.00259	0.18478	0.00765	0.00628	0.14017
13	0.26133	0.04088	0.02074	0.01625	0.02166	0.01678	0.08855	0.09771	0.02046	0.18497	0.02323	0.03183	0.01904	0.01083	0.00776	0.00271	0.00794	0.10985	0.00683	0.01066
14	0.16334	0.01915	0.01726	0.01355	0.01980	0.12773	0.01073	0.04832	0.01818	0.02822	0.01371	0.01587	0.01121	0.00685	0.00613	0.00165	0.00766	0.00490	0.00488	0.46086
15	0.68340	0.01754	0.01310	0.01166	0.01666	0.07349	0.00948	0.02514	0.01492	0.05804	0.01216	0.01383	0.00934	0.00769	0.00533	0.00248	0.00700	0.00460	0.00513	0.00902
16	0.02413	0.02463	0.14478	0.02569	0.03375	0.04624	0.29443	0.12312	0.02265	0.14949	0.01932	0.02147	0.01357	0.00810	0.00868	0.00259	0.01143	0.00817	0.00572	0.01204
17	0.01494	0.01089	0.01395	0.01298	0.01494	0.01216	0.00977	0.12041	0.01704	0.02361	0.02228	0.03493	0.02142	0.21170	0.41070	0.00996	0.01616	0.00921	0.00513	0.00780
18	0.01149	0.00854	0.01185	0.01185	0.01355	0.00941	0.00916	0.01430	0.01424	0.02013	0.03240	0.03968	0.12997	0.05049	0.52182	0.01053	0.01751	0.01006	0.05584	0.00720
19	0.01156	0.01394	0.12318	0.01186	0.01565	0.00923	0.01098	0.01558	0.01994	0.02699	0.31373	0.10945	0.25336	0.01705	0.00932	0.00267	0.00539	0.01464	0.00743	0.00805
20	0.02001	0.01998	0.02606	0.02597	0.13190	0.07518	0.01866	0.06310	0.01602	0.02288	0.01218	0.01802	0.01123	0.01225	0.02069	0.00317	0.48179	0.00699	0.00399	0.00993
21	0.02800	0.03452	0.02194	0.01938	0.02408	0.56733	0.01464	0.03035	0.02194	0.02099	0.01286	0.01501	0.01072	0.00796	0.00709	0.00194	0.01316	0.00515	0.00429	0.13864
22	0.02067	0.44571	0.03506	0.13159	0.02734	0.07096	0.03604	0.04849	0.01836	0.02201	0.06299	0.01887	0.01584	0.00810	0.00645	0.00205	0.00925	0.00599	0.00418	0.01005
23	0.01070	0.00817	0.00967	0.01016	0.01198	0.00741	0.00758	0.01302	0.01820	0.02338	0.16687	0.18280	0.30477	0.08424	0.01285	0.00342	0.00501	0.10540	0.00753	0.00686
24	0.01313	0.00946	0.01051	0.01030	0.01111	0.00990	0.00642	0.01713	0.12116	0.01912	0.02790	0.08525	0.03002	0.55649	0.03394	0.00674	0.00745	0.01197	0.00563	0.00637
25	0.01581	0.01392	0.02178	0.51658	0.04554	0.01672	0.01932	0.07530	0.01811	0.02350	0.02007	0.13918	0.01842	0.01122	0.00850	0.00278	0.00960	0.00993	0.00469	0.00904
26	0.01072	0.00757	0.00996	0.01156	0.01220	0.00725	0.00809	0.01232	0.01552	0.02058	0.04157	0.50607	0.04888	0.12751	0.01511	0.00405	0.00565	0.12178	0.00713	0.00649
27	0.01888	0.02548	0.13455	0.01991	0.02562	0.20548	0.13898	0.02344	0.02037	0.02443	0.12671	0.03551	0.14296	0.01150	0.00861	0.00249	0.01035	0.00992	0.00540	0.00941
28	0.01197	0.00942	0.01441	0.12955	0.02115	0.01094	0.01186	0.01507	0.01397	0.01945	0.02403	0.13478	0.02382	0.04636	0.46338	0.00977	0.01724	0.01066	0.00471	0.00745
29	0.37989	0.04178	0.02169	0.01625	0.02231	0.01781	0.11731	0.06210	0.01866	0.20343	0.01814	0.01885	0.01273	0.00818	0.00681	0.00252	0.00794	0.00644	0.00632	0.01083

[dist]
# distance from previous block
# <min> <max>
0	171

# created by:
# /home/cegg/simao/soft/augustus-3.2.1/scripts/msa2prfl.pl ./align_prep/28445.fa
