[name]
unknown

[dist]
# distance from previous block
# <min> <max>
7	89

[block]
# block no. 0 follows, 20 sequences, length 100
# corresponding to MSA columns:
# 93-192
name=unknown_A
#
# <colnr> <probs for GDERKNQSTAVLIFYWHMCP>
#	G	D	E	R	K	N	Q	S	T	A	V	L	I	F	Y	W	H	M	C	P
0	0.13231	0.01881	0.02920	0.02172	0.02904	0.01785	0.20438	0.06477	0.05217	0.18549	0.02175	0.02307	0.01549	0.00857	0.00838	0.00254	0.00961	0.00805	0.00675	0.14003
1	0.31809	0.01916	0.02145	0.01915	0.07003	0.05541	0.05382	0.08792	0.02181	0.22325	0.02058	0.02087	0.01438	0.00913	0.00748	0.00267	0.00857	0.00693	0.00717	0.01215
2	0.19715	0.02619	0.18253	0.02231	0.08636	0.04104	0.05906	0.08482	0.02051	0.05727	0.01619	0.01860	0.01219	0.00816	0.00751	0.00246	0.00978	0.00641	0.00526	0.13620
3	0.12866	0.01947	0.02142	0.05279	0.05601	0.06216	0.01451	0.16734	0.06081	0.21665	0.05432	0.02513	0.01961	0.01013	0.00818	0.00259	0.00852	0.00790	0.00796	0.05585
4	0.11296	0.09650	0.02256	0.01690	0.02243	0.27725	0.01343	0.03060	0.02166	0.12751	0.02359	0.02407	0.06884	0.00990	0.00754	0.00228	0.01053	0.00703	0.00597	0.09844
5	0.06221	0.12855	0.06256	0.02127	0.07761	0.01876	0.11580	0.02457	0.01844	0.02766	0.01522	0.01845	0.01247	0.00707	0.00720	0.00193	0.00901	0.00622	0.00467	0.36034
6	0.02897	0.02559	0.02532	0.02529	0.13009	0.17603	0.01728	0.25254	0.06066	0.07895	0.02231	0.07676	0.01845	0.01115	0.00871	0.00262	0.01055	0.00888	0.00704	0.01281
7	0.01926	0.01075	0.01561	0.01440	0.01728	0.01139	0.01139	0.02244	0.01681	0.17952	0.02618	0.03310	0.02175	0.05150	0.49316	0.01113	0.01930	0.00920	0.00623	0.00959
8	0.01943	0.01009	0.01225	0.01104	0.01276	0.00957	0.00721	0.02029	0.01582	0.17703	0.02925	0.05010	0.02913	0.51944	0.03532	0.00699	0.00819	0.01169	0.00669	0.00772
9	0.02222	0.01971	0.02792	0.02215	0.02806	0.02102	0.16488	0.13570	0.29307	0.03733	0.10400	0.03235	0.02819	0.01121	0.00939	0.00287	0.00901	0.01037	0.00780	0.01276
10	0.02075	0.38529	0.16705	0.01653	0.02522	0.02564	0.01744	0.02538	0.01796	0.02405	0.01374	0.01598	0.01160	0.00738	0.00639	0.00191	0.00936	0.00517	0.00409	0.19906
11	0.02361	0.02114	0.03258	0.09072	0.38754	0.02211	0.05707	0.15209	0.06549	0.03417	0.01868	0.02244	0.01471	0.00867	0.00877	0.00267	0.01031	0.00808	0.00554	0.01360
12	0.02050	0.01961	0.03344	0.18541	0.51568	0.02044	0.02623	0.02582	0.01935	0.02717	0.01622	0.02194	0.01335	0.00797	0.00865	0.00266	0.01063	0.00777	0.00422	0.01294
13	0.02071	0.01983	0.03382	0.15955	0.53987	0.02049	0.02633	0.02600	0.01945	0.02743	0.01625	0.02187	0.01344	0.00793	0.00865	0.00264	0.01058	0.00777	0.00424	0.01311
14	0.75506	0.01687	0.01282	0.01147	0.01687	0.01957	0.00945	0.02564	0.01484	0.03914	0.01215	0.01417	0.00945	0.00810	0.00540	0.00270	0.00675	0.00472	0.00540	0.00945
15	0.01750	0.04512	0.64825	0.02486	0.03775	0.02026	0.03223	0.02762	0.01842	0.02762	0.01565	0.01842	0.01105	0.00829	0.00829	0.00276	0.01289	0.00645	0.00368	0.01289
16	0.01201	0.00890	0.01119	0.01062	0.01282	0.00809	0.00796	0.01580	0.02389	0.03307	0.54325	0.06830	0.17467	0.01854	0.01029	0.00278	0.00417	0.01621	0.00935	0.00809
17	0.03144	0.03827	0.02428	0.02153	0.02646	0.56238	0.01630	0.07311	0.02529	0.02423	0.01416	0.01628	0.01162	0.00888	0.00781	0.00219	0.01455	0.00573	0.00484	0.07064
18	0.01750	0.04512	0.64825	0.02486	0.03775	0.02026	0.03223	0.02762	0.01842	0.02762	0.01565	0.01842	0.01105	0.00829	0.00829	0.00276	0.01289	0.00645	0.00368	0.01289
19	0.01063	0.00759	0.01012	0.01215	0.01265	0.00709	0.00810	0.01215	0.01670	0.02227	0.04808	0.68775	0.05769	0.02733	0.01113	0.00354	0.00506	0.02480	0.00810	0.00709
20	0.01858	0.01689	0.02799	0.17586	0.35739	0.01771	0.02299	0.02360	0.01940	0.02656	0.02381	0.04152	0.02262	0.01214	0.00952	0.00302	0.01004	0.15371	0.00517	0.01146
21	0.03100	0.02920	0.02785	0.02277	0.02866	0.31513	0.12112	0.03673	0.08507	0.18306	0.02181	0.02240	0.01580	0.00945	0.00863	0.00256	0.01253	0.00769	0.00653	0.01199
22	0.01063	0.00759	0.01012	0.01215	0.01265	0.00709	0.00810	0.01215	0.01670	0.02227	0.04808	0.68775	0.05769	0.02733	0.01113	0.00354	0.00506	0.02480	0.00810	0.00709
23	0.01063	0.00759	0.01012	0.01215	0.01265	0.00709	0.00810	0.01215	0.01670	0.02227	0.04808	0.68775	0.05769	0.02733	0.01113	0.00354	0.00506	0.02480	0.00810	0.00709
24	0.02093	0.02251	0.02643	0.46446	0.09123	0.18237	0.02252	0.02579	0.01946	0.02247	0.01505	0.02122	0.01168	0.00872	0.00850	0.00272	0.01259	0.00721	0.00406	0.01008
25	0.06854	0.14816	0.17117	0.01951	0.02684	0.18480	0.01870	0.03393	0.12460	0.09400	0.01974	0.02037	0.01486	0.00920	0.00770	0.00250	0.01101	0.00667	0.00567	0.01206
26	0.01577	0.01190	0.01414	0.01212	0.01556	0.01088	0.00894	0.07399	0.02148	0.03052	0.24809	0.08976	0.04565	0.15882	0.01649	0.00363	0.00623	0.01227	0.00736	0.19642
27	0.10205	0.19150	0.02610	0.01612	0.02218	0.02348	0.01362	0.07093	0.26582	0.14184	0.02608	0.02473	0.01933	0.01007	0.00765	0.00259	0.00775	0.00769	0.00754	0.01293
28	0.01434	0.01101	0.01338	0.01242	0.01509	0.01110	0.00942	0.02283	0.15223	0.03530	0.50682	0.05821	0.07044	0.01655	0.00999	0.00279	0.00471	0.01452	0.00945	0.00942
29	0.01862	0.07739	0.46131	0.02732	0.03886	0.02154	0.17783	0.02762	0.01893	0.02729	0.01596	0.01946	0.01162	0.00800	0.00864	0.00276	0.01315	0.00732	0.00387	0.01251
30	0.01958	0.01867	0.03177	0.29689	0.41140	0.02020	0.02577	0.02501	0.01891	0.02606	0.01605	0.02224	0.01296	0.00815	0.00867	0.00272	0.01086	0.00776	0.00414	0.01219
31	0.02415	0.63985	0.04383	0.01560	0.02280	0.09038	0.01510	0.02690	0.01835	0.02060	0.01225	0.01415	0.01120	0.00760	0.00580	0.00190	0.00990	0.00475	0.00380	0.01110
32	0.01625	0.01313	0.01673	0.04846	0.05191	0.01206	0.01134	0.04688	0.05392	0.03290	0.31838	0.04235	0.04750	0.01264	0.00878	0.00230	0.00595	0.01097	0.00757	0.23997
33	0.01892	0.01771	0.03099	0.03875	0.35225	0.01742	0.11203	0.02408	0.02046	0.02846	0.07860	0.04298	0.02800	0.01226	0.00980	0.00298	0.00995	0.13702	0.00564	0.01170
34	0.01887	0.01829	0.03210	0.37003	0.28845	0.02015	0.07745	0.02457	0.01868	0.02526	0.01605	0.02262	0.01264	0.00822	0.00883	0.00278	0.01140	0.00799	0.00410	0.01151
35	0.01879	0.01738	0.02896	0.04299	0.47937	0.01725	0.02201	0.02304	0.01906	0.02691	0.02448	0.19140	0.02500	0.01276	0.00927	0.00283	0.00901	0.01211	0.00528	0.01210
36	0.01647	0.01550	0.02616	0.67248	0.06008	0.01938	0.02422	0.02229	0.01744	0.02229	0.01550	0.02326	0.01163	0.00872	0.00872	0.00291	0.01163	0.00775	0.00388	0.00969
37	0.01914	0.22907	0.47866	0.02207	0.03343	0.02427	0.02736	0.02720	0.01822	0.02563	0.01466	0.01717	0.01109	0.00806	0.00753	0.00251	0.01189	0.00594	0.00370	0.01241
38	0.01109	0.00887	0.00991	0.00965	0.01226	0.00769	0.00724	0.01402	0.02171	0.02791	0.29646	0.07679	0.42468	0.02047	0.01030	0.00287	0.00430	0.01741	0.00867	0.00769
39	0.01165	0.00927	0.01071	0.01143	0.01404	0.00832	0.00929	0.01451	0.01995	0.02448	0.07323	0.08913	0.42550	0.02281	0.01093	0.00333	0.00571	0.22001	0.00808	0.00760
40	0.02028	0.01939	0.03305	0.21131	0.49145	0.02038	0.02612	0.02563	0.01924	0.02691	0.01618	0.02201	0.01326	0.00801	0.00866	0.00267	0.01069	0.00777	0.00421	0.01276
41	0.02116	0.02029	0.03463	0.10530	0.59061	0.02061	0.02656	0.02640	0.01966	0.02798	0.01633	0.02173	0.01363	0.00785	0.00864	0.00262	0.01047	0.00777	0.00428	0.01347
42	0.01235	0.00892	0.01166	0.01097	0.01303	0.00823	0.00823	0.01646	0.02469	0.03498	0.63443	0.06516	0.08230	0.01783	0.01029	0.00274	0.00412	0.01578	0.00960	0.00823
43	0.01033	0.00876	0.00891	0.00903	0.01183	0.00735	0.00671	0.01250	0.01970	0.02349	0.08601	0.11924	0.60172	0.02240	0.01036	0.00298	0.00446	0.01878	0.00810	0.00735
44	0.03747	0.02166	0.02138	0.01729	0.02347	0.17739	0.01385	0.04055	0.02490	0.48608	0.02908	0.02613	0.01895	0.01034	0.00854	0.00258	0.00954	0.00797	0.00919	0.01364
45	0.01250	0.00919	0.01324	0.01324	0.01453	0.01048	0.00993	0.01508	0.01379	0.01967	0.02408	0.03822	0.02352	0.17418	0.55246	0.01306	0.02078	0.00992	0.00478	0.00735
46	0.01893	0.01371	0.01715	0.01709	0.02036	0.01438	0.01470	0.16894	0.02542	0.03346	0.03975	0.07865	0.04119	0.02062	0.01120	0.00366	0.00843	0.43440	0.00821	0.00977
47	0.02170	0.01874	0.01972	0.01775	0.02268	0.02170	0.01381	0.04635	0.62327	0.03649	0.03550	0.03254	0.02663	0.01183	0.00888	0.00296	0.00690	0.00986	0.00888	0.01381
48	0.01150	0.00822	0.01112	0.01314	0.01403	0.00784	0.00962	0.01366	0.01756	0.02325	0.04759	0.53752	0.05578	0.02650	0.01137	0.00366	0.00582	0.16640	0.00808	0.00733
49	0.75506	0.01687	0.01282	0.01147	0.01687	0.01957	0.00945	0.02564	0.01484	0.03914	0.01215	0.01417	0.00945	0.00810	0.00540	0.00270	0.00675	0.00472	0.00540	0.00945
50	0.01083	0.00886	0.00956	0.00938	0.01210	0.00758	0.00704	0.01352	0.02111	0.02647	0.22756	0.07916	0.49448	0.02101	0.01030	0.00289	0.00434	0.01774	0.00848	0.00758
51	0.02332	0.69869	0.04571	0.01493	0.02239	0.03451	0.01493	0.02612	0.01772	0.02052	0.01213	0.01399	0.01119	0.00746	0.00560	0.00187	0.00933	0.00466	0.00373	0.01119
52	0.01278	0.00920	0.01227	0.01227	0.01432	0.00869	0.00972	0.01687	0.02352	0.03272	0.48448	0.07363	0.07412	0.01943	0.01074	0.00307	0.00511	0.15968	0.00920	0.00818
53	0.03316	0.02443	0.02618	0.02007	0.02705	0.02705	0.01658	0.60995	0.04101	0.05497	0.02094	0.02094	0.01483	0.01047	0.00873	0.00262	0.00960	0.00785	0.00873	0.01483
54	0.01778	0.01683	0.02852	0.51471	0.20766	0.01972	0.02487	0.02343	0.01806	0.02387	0.01573	0.02283	0.01219	0.00848	0.00870	0.00283	0.01131	0.00776	0.00399	0.01074
55	0.01057	0.00781	0.00990	0.01157	0.01250	0.00713	0.00784	0.01221	0.01725	0.02249	0.05507	0.58296	0.15797	0.02642	0.01099	0.00344	0.00495	0.02369	0.00810	0.00713
56	0.01268	0.00846	0.00951	0.00951	0.00951	0.00846	0.00529	0.01268	0.01268	0.01691	0.02748	0.05708	0.03171	0.69345	0.04440	0.00846	0.00846	0.01268	0.00529	0.00529
57	0.02693	0.02134	0.02267	0.01881	0.02468	0.02414	0.01507	0.30368	0.35742	0.04493	0.02885	0.02725	0.02124	0.01121	0.00881	0.00280	0.00813	0.00894	0.00881	0.01428
58	0.01765	0.03757	0.48762	0.02182	0.03340	0.01806	0.02665	0.02618	0.01833	0.02783	0.01562	0.01833	0.01153	0.00782	0.00782	0.00239	0.01125	0.00612	0.00406	0.19996
59	0.01326	0.00964	0.01294	0.01407	0.01618	0.00932	0.01185	0.01713	0.02124	0.02812	0.20020	0.08853	0.11482	0.02231	0.01143	0.00359	0.00669	0.38223	0.00844	0.00802
60	0.01229	0.00920	0.01159	0.01181	0.01408	0.00850	0.00940	0.01589	0.02222	0.02967	0.33591	0.07895	0.21462	0.02061	0.01077	0.00314	0.00525	0.16936	0.00879	0.00796
61	0.01192	0.00852	0.01158	0.01346	0.01457	0.00818	0.01019	0.01444	0.01830	0.02427	0.07797	0.44906	0.05635	0.02570	0.01141	0.00367	0.00605	0.21873	0.00815	0.00748
62	0.02267	0.01059	0.01265	0.01099	0.01478	0.00960	0.00864	0.02618	0.02135	0.23898	0.09038	0.04313	0.13318	0.01307	0.00808	0.00247	0.00527	0.01075	0.30694	0.01028
63	0.01696	0.01284	0.01440	0.01257	0.01618	0.01273	0.00981	0.16641	0.02722	0.03620	0.29280	0.06026	0.25277	0.01740	0.00990	0.00278	0.00562	0.01465	0.00887	0.00962
64	0.01851	0.26688	0.23963	0.01714	0.02514	0.05527	0.01878	0.02362	0.01887	0.02375	0.03283	0.03342	0.17028	0.01155	0.00783	0.00247	0.00962	0.00882	0.00487	0.01074
65	0.02170	0.01874	0.01972	0.01775	0.02268	0.02170	0.01381	0.04635	0.62327	0.03649	0.03550	0.03254	0.02663	0.01183	0.00888	0.00296	0.00690	0.00986	0.00888	0.01381
66	0.01996	0.01895	0.03172	0.21840	0.43993	0.01974	0.02496	0.02523	0.01909	0.02681	0.01610	0.02180	0.01316	0.00794	0.00851	0.00259	0.01044	0.00759	0.00426	0.06283
67	0.02332	0.69869	0.04571	0.01493	0.02239	0.03451	0.01493	0.02612	0.01772	0.02052	0.01213	0.01399	0.01119	0.00746	0.00560	0.00187	0.00933	0.00466	0.00373	0.01119
68	0.01049	0.00812	0.00957	0.01073	0.01228	0.00720	0.00747	0.01231	0.01806	0.02282	0.06534	0.42905	0.30525	0.02508	0.01078	0.00329	0.00479	0.02206	0.00810	0.00720
69	0.01152	0.00888	0.01051	0.01011	0.01252	0.00788	0.00758	0.01486	0.02274	0.03035	0.41281	0.07278	0.30682	0.01956	0.01030	0.00283	0.00424	0.01684	0.00899	0.00788
70	0.01837	0.01421	0.01583	0.01381	0.01770	0.01475	0.01080	0.15868	0.13134	0.03745	0.27163	0.05323	0.17483	0.01599	0.00968	0.00279	0.00594	0.01347	0.00895	0.01055
71	0.02159	0.02073	0.03541	0.05354	0.63903	0.02073	0.02677	0.02677	0.01986	0.02850	0.01641	0.02159	0.01382	0.00777	0.00864	0.00259	0.01036	0.00777	0.00432	0.01382
72	0.02159	0.02073	0.03541	0.05354	0.63903	0.02073	0.02677	0.02677	0.01986	0.02850	0.01641	0.02159	0.01382	0.00777	0.00864	0.00259	0.01036	0.00777	0.00432	0.01382
73	0.01406	0.01004	0.01406	0.01606	0.01807	0.01004	0.01406	0.01807	0.02008	0.02610	0.04618	0.09839	0.05020	0.02410	0.01205	0.00402	0.00803	0.58032	0.00803	0.00803
74	0.01461	0.01142	0.01355	0.01258	0.01542	0.01161	0.00956	0.02385	0.17699	0.03470	0.44984	0.05794	0.10045	0.01655	0.00993	0.00281	0.00484	0.01442	0.00933	0.00960
75	0.01759	0.01756	0.01675	0.01617	0.01848	0.17596	0.01242	0.02048	0.01675	0.02053	0.02085	0.02954	0.01911	0.05104	0.49293	0.01102	0.02142	0.00840	0.00463	0.00838
76	0.01348	0.01196	0.02134	0.01875	0.02155	0.01156	0.16134	0.01677	0.01723	0.02336	0.03603	0.40503	0.04013	0.02885	0.12333	0.00521	0.01070	0.01842	0.00656	0.00840
77	0.01254	0.00903	0.01240	0.01240	0.01340	0.01003	0.00889	0.01454	0.01354	0.01905	0.02484	0.04245	0.02536	0.29074	0.43842	0.01202	0.01802	0.01054	0.00489	0.00689
78	0.01063	0.00759	0.01012	0.01215	0.01265	0.00709	0.00810	0.01215	0.01670	0.02227	0.04808	0.68775	0.05769	0.02733	0.01113	0.00354	0.00506	0.02480	0.00810	0.00709
79	0.01806	0.01379	0.01500	0.01381	0.01734	0.01514	0.01061	0.03274	0.33151	0.03519	0.18655	0.04085	0.03984	0.01298	0.00860	0.00269	0.00554	0.01097	0.17769	0.01108
80	0.02918	0.03443	0.02316	0.02100	0.02563	0.45933	0.01590	0.03843	0.21188	0.02608	0.02037	0.02099	0.01605	0.00988	0.00818	0.00247	0.01297	0.00695	0.00586	0.01127
81	0.01246	0.00935	0.01402	0.01402	0.01558	0.01090	0.01090	0.01558	0.01402	0.02025	0.02336	0.03427	0.02181	0.06542	0.65888	0.01402	0.02336	0.00935	0.00467	0.00779
82	0.03914	0.01484	0.02024	0.01552	0.02227	0.01282	0.01282	0.04251	0.02497	0.64507	0.03441	0.02969	0.02159	0.01080	0.00877	0.00270	0.00742	0.00877	0.01080	0.01484
83	0.02181	0.02654	0.09880	0.14253	0.19368	0.13184	0.15954	0.02739	0.01987	0.02549	0.01562	0.02080	0.01242	0.00861	0.01023	0.00277	0.05840	0.00783	0.00420	0.01162
84	0.02250	0.02078	0.03605	0.03807	0.27996	0.02081	0.20460	0.03238	0.14900	0.07220	0.02210	0.02508	0.01690	0.00871	0.00921	0.00279	0.01078	0.00907	0.00576	0.01324
85	0.02832	0.03415	0.02649	0.02648	0.10333	0.44337	0.01858	0.03087	0.02169	0.02217	0.01342	0.01718	0.01161	0.01017	0.01239	0.00262	0.15605	0.00632	0.00433	0.01046
86	0.02542	0.02025	0.02931	0.02146	0.02915	0.01917	0.16469	0.20740	0.02648	0.09598	0.01956	0.02148	0.01443	0.00835	0.00836	0.00226	0.00963	0.00765	0.00662	0.26236
87	0.02115	0.45525	0.27015	0.01863	0.02811	0.02920	0.02137	0.02668	0.01798	0.02317	0.01344	0.01564	0.01114	0.00777	0.00660	0.00220	0.01066	0.00533	0.00371	0.01183
88	0.01063	0.00759	0.01012	0.01215	0.01265	0.00709	0.00810	0.01215	0.01670	0.02227	0.04808	0.68775	0.05769	0.02733	0.01113	0.00354	0.00506	0.02480	0.00810	0.00709
89	0.03914	0.01484	0.02024	0.01552	0.02227	0.01282	0.01282	0.04251	0.02497	0.64507	0.03441	0.02969	0.02159	0.01080	0.00877	0.00270	0.00742	0.00877	0.01080	0.01484
90	0.01252	0.01188	0.01801	0.01501	0.01904	0.01048	0.13472	0.01578	0.01982	0.02441	0.07054	0.11237	0.46340	0.01931	0.01036	0.00299	0.00665	0.01712	0.00731	0.00828
91	0.01285	0.00918	0.01267	0.01469	0.01617	0.00900	0.01196	0.01599	0.01889	0.02476	0.04685	0.30545	0.05283	0.02523	0.01173	0.00385	0.00699	0.38515	0.00805	0.00770
92	0.02209	0.00984	0.01122	0.01001	0.01325	0.00933	0.00781	0.02598	0.01999	0.18866	0.02997	0.03180	0.02216	0.01032	0.00678	0.00220	0.00492	0.00829	0.55552	0.00984
93	0.01298	0.01096	0.01150	0.01099	0.01426	0.01052	0.00835	0.02020	0.14902	0.02769	0.14291	0.07073	0.43910	0.01939	0.01000	0.00292	0.00491	0.01627	0.00845	0.00884
94	0.03258	0.04157	0.02472	0.02247	0.02697	0.65843	0.01685	0.03483	0.02472	0.02135	0.01348	0.01573	0.01124	0.00899	0.00787	0.00225	0.01573	0.00562	0.00449	0.01011
95	0.02170	0.01874	0.01972	0.01775	0.02268	0.02170	0.01381	0.04635	0.62327	0.03649	0.03550	0.03254	0.02663	0.01183	0.00888	0.00296	0.00690	0.00986	0.00888	0.01381
96	0.01115	0.00781	0.00997	0.01147	0.01185	0.00743	0.00738	0.01228	0.01568	0.02090	0.04283	0.52699	0.05107	0.19712	0.01961	0.00480	0.00593	0.02171	0.00738	0.00663
97	0.01497	0.02077	0.18082	0.01995	0.02550	0.01406	0.12062	0.02133	0.05411	0.02679	0.09460	0.29665	0.03868	0.01705	0.01004	0.00312	0.00877	0.01574	0.00652	0.00990
98	0.02436	0.02633	0.02942	0.11857	0.31716	0.21797	0.02213	0.03059	0.07924	0.02627	0.01723	0.02104	0.01398	0.00866	0.00843	0.00256	0.01185	0.00730	0.00476	0.01215
99	0.02332	0.69869	0.04571	0.01493	0.02239	0.03451	0.01493	0.02612	0.01772	0.02052	0.01213	0.01399	0.01119	0.00746	0.00560	0.00187	0.00933	0.00466	0.00373	0.01119

[dist]
# distance from previous block
# <min> <max>
0	14

[block]
# block no. 1 follows, 20 sequences, length 94
# corresponding to MSA columns:
# 207-300
name=unknown_B
#
# <colnr> <probs for GDERKNQSTAVLIFYWHMCP>
#	G	D	E	R	K	N	Q	S	T	A	V	L	I	F	Y	W	H	M	C	P
0	0.01750	0.00953	0.00968	0.00923	0.01167	0.00981	0.00703	0.05729	0.04296	0.03404	0.02827	0.03182	0.02206	0.01025	0.00636	0.00210	0.00451	0.00818	0.66894	0.00876
1	0.15101	0.01876	0.02427	0.38343	0.04408	0.07044	0.04256	0.06984	0.02000	0.07209	0.01659	0.02135	0.01222	0.00886	0.00813	0.00278	0.01076	0.00723	0.00507	0.01052
2	0.03108	0.18099	0.02890	0.02032	0.02563	0.47546	0.01613	0.03354	0.02323	0.06820	0.01477	0.01641	0.01201	0.00880	0.00745	0.00220	0.01373	0.00565	0.00481	0.01070
3	0.01902	0.18675	0.46865	0.02363	0.03501	0.02353	0.07416	0.02732	0.01844	0.02609	0.01504	0.01785	0.01126	0.00803	0.00786	0.00258	0.01225	0.00636	0.00375	0.01243
4	0.02531	0.55726	0.04119	0.01655	0.02337	0.16880	0.01534	0.02799	0.01923	0.02070	0.01242	0.01437	0.01120	0.00779	0.00609	0.00195	0.01071	0.00487	0.00390	0.01096
5	0.01809	0.01550	0.01809	0.01292	0.02067	0.01163	0.01034	0.02196	0.01809	0.02842	0.01550	0.01809	0.01292	0.00646	0.00646	0.00129	0.00646	0.00517	0.00517	0.74677
6	0.01518	0.01154	0.01468	0.01584	0.01825	0.01210	0.01310	0.02326	0.14940	0.02776	0.04417	0.17313	0.04626	0.02194	0.01123	0.00372	0.00734	0.37374	0.00822	0.00913
7	0.01235	0.00892	0.01166	0.01097	0.01303	0.00823	0.00823	0.01646	0.02469	0.03498	0.63443	0.06516	0.08230	0.01783	0.01029	0.00274	0.00412	0.01578	0.00960	0.00823
8	0.01647	0.01550	0.02616	0.67248	0.06008	0.01938	0.02422	0.02229	0.01744	0.02229	0.01550	0.02326	0.01163	0.00872	0.00872	0.00291	0.01163	0.00775	0.00388	0.00969
9	0.75506	0.01687	0.01282	0.01147	0.01687	0.01957	0.00945	0.02564	0.01484	0.03914	0.01215	0.01417	0.00945	0.00810	0.00540	0.00270	0.00675	0.00472	0.00540	0.00945
10	0.01137	0.00812	0.01097	0.01299	0.01382	0.00772	0.00938	0.01342	0.01743	0.02309	0.04767	0.56090	0.05608	0.02663	0.01133	0.00364	0.00570	0.14436	0.00808	0.00729
11	0.03914	0.01484	0.02024	0.01552	0.02227	0.01282	0.01282	0.04251	0.02497	0.64507	0.03441	0.02969	0.02159	0.01080	0.00877	0.00270	0.00742	0.00877	0.01080	0.01484
12	0.01063	0.00759	0.01012	0.01215	0.01265	0.00709	0.00810	0.01215	0.01670	0.02227	0.04808	0.68775	0.05769	0.02733	0.01113	0.00354	0.00506	0.02480	0.00810	0.00709
13	0.01647	0.01550	0.02616	0.67248	0.06008	0.01938	0.02422	0.02229	0.01744	0.02229	0.01550	0.02326	0.01163	0.00872	0.00872	0.00291	0.01163	0.00775	0.00388	0.00969
14	0.03476	0.02186	0.02458	0.01885	0.02577	0.02323	0.01557	0.45753	0.03670	0.21347	0.02456	0.02329	0.01665	0.01056	0.00874	0.00264	0.00901	0.00810	0.00928	0.01484
15	0.01063	0.00759	0.01012	0.01215	0.01265	0.00709	0.00810	0.01215	0.01670	0.02227	0.04808	0.68775	0.05769	0.02733	0.01113	0.00354	0.00506	0.02480	0.00810	0.00709
16	0.01626	0.00813	0.00813	0.00813	0.01016	0.00813	0.00610	0.02033	0.01829	0.03252	0.02846	0.03252	0.02236	0.01016	0.00610	0.00203	0.00407	0.00813	0.74187	0.00813
17	0.12860	0.02343	0.02441	0.01893	0.02570	0.02606	0.01564	0.53270	0.03755	0.05288	0.01978	0.02005	0.01412	0.01016	0.00829	0.00263	0.00922	0.00744	0.00829	0.01412
18	0.01063	0.00759	0.01012	0.01215	0.01265	0.00709	0.00810	0.01215	0.01670	0.02227	0.04808	0.68775	0.05769	0.02733	0.01113	0.00354	0.00506	0.02480	0.00810	0.00709
19	0.01860	0.01895	0.02597	0.58655	0.05570	0.10386	0.02325	0.02395	0.01840	0.02216	0.01524	0.02226	0.01158	0.00876	0.00861	0.00282	0.01217	0.00747	0.00396	0.00975
20	0.01063	0.00759	0.01012	0.01215	0.01265	0.00709	0.00810	0.01215	0.01670	0.02227	0.04808	0.68775	0.05769	0.02733	0.01113	0.00354	0.00506	0.02480	0.00810	0.00709
21	0.02039	0.22749	0.07892	0.02320	0.15561	0.02124	0.01697	0.02470	0.01838	0.02597	0.01468	0.01762	0.01244	0.00719	0.00681	0.00186	0.00867	0.00567	0.00443	0.30776
22	0.02717	0.02178	0.03007	0.02316	0.02998	0.02312	0.16158	0.25605	0.20498	0.08980	0.02546	0.02567	0.01843	0.01012	0.00916	0.00280	0.00990	0.00912	0.00787	0.01378
23	0.01254	0.00943	0.01195	0.01276	0.01507	0.00883	0.01053	0.01603	0.02101	0.02724	0.18567	0.08683	0.23580	0.02214	0.01114	0.00342	0.00609	0.28726	0.00839	0.00787
24	0.01132	0.00830	0.01063	0.01126	0.01271	0.00761	0.00798	0.01403	0.02048	0.02784	0.30305	0.35243	0.13472	0.02267	0.01068	0.00313	0.00458	0.02021	0.00874	0.00761
25	0.01750	0.04512	0.64825	0.02486	0.03775	0.02026	0.03223	0.02762	0.01842	0.02762	0.01565	0.01842	0.01105	0.00829	0.00829	0.00276	0.01289	0.00645	0.00368	0.01289
26	0.01246	0.00935	0.01402	0.01402	0.01558	0.01090	0.01090	0.01558	0.01402	0.02025	0.02336	0.03427	0.02181	0.06542	0.65888	0.01402	0.02336	0.00935	0.00467	0.00779
27	0.01206	0.00999	0.01070	0.01032	0.01331	0.00920	0.00780	0.01726	0.09038	0.02751	0.19981	0.07399	0.44634	0.01999	0.01014	0.00290	0.00464	0.01686	0.00851	0.00829
28	0.02315	0.01904	0.02306	0.01904	0.02236	0.02281	0.01563	0.25663	0.02658	0.03686	0.11072	0.03108	0.06720	0.01419	0.01668	0.00312	0.26393	0.00966	0.00693	0.01133
29	0.02107	0.23985	0.27776	0.01850	0.02813	0.02228	0.02067	0.02706	0.01862	0.07214	0.01594	0.01782	0.01229	0.00783	0.00709	0.00216	0.00999	0.00579	0.00455	0.17046
30	0.01769	0.01392	0.01594	0.01189	0.01841	0.01088	0.00942	0.02161	0.01813	0.02931	0.01829	0.02119	0.01495	0.00726	0.00638	0.00145	0.00594	0.00581	0.16373	0.58779
31	0.01063	0.00759	0.01012	0.01215	0.01265	0.00709	0.00810	0.01215	0.01670	0.02227	0.04808	0.68775	0.05769	0.02733	0.01113	0.00354	0.00506	0.02480	0.00810	0.00709
32	0.01867	0.02536	0.17047	0.24070	0.09576	0.02070	0.24922	0.02596	0.01905	0.02609	0.01643	0.02219	0.01229	0.00803	0.00922	0.00286	0.01298	0.00844	0.00407	0.01150
33	0.02392	0.01584	0.02440	0.37005	0.04270	0.01845	0.01990	0.02838	0.01917	0.21590	0.02078	0.02463	0.01470	0.01035	0.01174	0.00298	0.11077	0.00805	0.00602	0.01127
34	0.18935	0.02150	0.02249	0.01760	0.02421	0.02350	0.01453	0.40668	0.03319	0.13217	0.02089	0.02068	0.01460	0.01000	0.00802	0.00265	0.00869	0.00731	0.00829	0.01368
35	0.01063	0.00759	0.01012	0.01215	0.01265	0.00709	0.00810	0.01215	0.01670	0.02227	0.04808	0.68775	0.05769	0.02733	0.01113	0.00354	0.00506	0.02480	0.00810	0.00709
36	0.02037	0.01758	0.02210	0.01865	0.02355	0.01922	0.08113	0.07782	0.38371	0.03649	0.16132	0.03770	0.03623	0.01251	0.00933	0.00289	0.00739	0.01104	0.00851	0.01244
37	0.02332	0.69869	0.04571	0.01493	0.02239	0.03451	0.01493	0.02612	0.01772	0.02052	0.01213	0.01399	0.01119	0.00746	0.00560	0.00187	0.00933	0.00466	0.00373	0.01119
38	0.20414	0.01936	0.02728	0.02155	0.02787	0.02057	0.18515	0.03557	0.25007	0.08305	0.02445	0.02515	0.01809	0.00953	0.00842	0.00287	0.00917	0.00863	0.00687	0.01222
39	0.02963	0.02447	0.02620	0.02096	0.02602	0.07717	0.01722	0.41856	0.03288	0.04390	0.01800	0.02007	0.01371	0.01154	0.01358	0.00288	0.17527	0.00762	0.00718	0.01315
40	0.03707	0.01566	0.02055	0.01569	0.02253	0.01386	0.01293	0.08608	0.02572	0.55166	0.03192	0.02812	0.02040	0.01044	0.00859	0.00259	0.00752	0.00843	0.01021	0.07003
41	0.01246	0.00935	0.01402	0.01402	0.01558	0.01090	0.01090	0.01558	0.01402	0.02025	0.02336	0.03427	0.02181	0.06542	0.65888	0.01402	0.02336	0.00935	0.00467	0.00779
42	0.01235	0.00892	0.01166	0.01097	0.01303	0.00823	0.00823	0.01646	0.02469	0.03498	0.63443	0.06516	0.08230	0.01783	0.01029	0.00274	0.00412	0.01578	0.00960	0.00823
43	0.01647	0.01550	0.02616	0.67248	0.06008	0.01938	0.02422	0.02229	0.01744	0.02229	0.01550	0.02326	0.01163	0.00872	0.00872	0.00291	0.01163	0.00775	0.00388	0.00969
44	0.02049	0.01960	0.03342	0.18676	0.51442	0.02044	0.02622	0.02581	0.01934	0.02716	0.01621	0.02195	0.01335	0.00798	0.00865	0.00266	0.01064	0.00777	0.00422	0.01293
45	0.02404	0.02365	0.02080	0.01877	0.02360	0.15874	0.01446	0.04387	0.49445	0.03323	0.03076	0.02893	0.02331	0.01122	0.00866	0.00281	0.00880	0.00895	0.00793	0.01301
46	0.55013	0.01629	0.01495	0.01263	0.01841	0.01764	0.01041	0.03047	0.01774	0.21258	0.01852	0.01861	0.01292	0.00887	0.00636	0.00270	0.00694	0.00588	0.00694	0.01099
47	0.01191	0.00890	0.01105	0.01051	0.01276	0.00804	0.00789	0.01561	0.02366	0.03252	0.51690	0.06920	0.20137	0.01875	0.01029	0.00279	0.00418	0.01634	0.00928	0.00804
48	0.01262	0.00958	0.01206	0.01330	0.01567	0.00902	0.01121	0.01595	0.02000	0.02513	0.06232	0.09287	0.27410	0.02333	0.01138	0.00361	0.00665	0.36537	0.00806	0.00778
49	0.69814	0.01671	0.01341	0.01179	0.01730	0.01903	0.00971	0.02698	0.01565	0.08731	0.01392	0.01540	0.01041	0.00831	0.00567	0.00270	0.00680	0.00505	0.00583	0.00988
50	0.01089	0.00886	0.00964	0.00945	0.01214	0.00761	0.00709	0.01365	0.02126	0.02683	0.24467	0.07857	0.47715	0.02087	0.01030	0.00289	0.00433	0.01766	0.00853	0.00761
51	0.01063	0.00759	0.01012	0.01215	0.01265	0.00709	0.00810	0.01215	0.01670	0.02227	0.04808	0.68775	0.05769	0.02733	0.01113	0.00354	0.00506	0.02480	0.00810	0.00709
52	0.02159	0.02073	0.03541	0.05354	0.63903	0.02073	0.02677	0.02677	0.01986	0.02850	0.01641	0.02159	0.01382	0.00777	0.00864	0.00259	0.01036	0.00777	0.00432	0.01382
53	0.01207	0.00867	0.01158	0.01238	0.01388	0.00818	0.00932	0.01526	0.02098	0.02878	0.31350	0.29083	0.06739	0.02239	0.01093	0.00327	0.00521	0.12883	0.00877	0.00779
54	0.01273	0.00900	0.01279	0.01279	0.01387	0.01009	0.00937	0.01459	0.01351	0.01909	0.02364	0.03881	0.02352	0.20472	0.47017	0.07098	0.01874	0.00996	0.00474	0.00690
55	0.02447	0.02113	0.02651	0.02182	0.02449	0.02684	0.01813	0.24629	0.02394	0.03399	0.01508	0.01979	0.01274	0.01343	0.02101	0.00336	0.42199	0.00772	0.00569	0.01157
56	0.01056	0.00786	0.00984	0.01143	0.01246	0.00715	0.00778	0.01223	0.01739	0.02255	0.05675	0.55780	0.18205	0.02620	0.01096	0.00341	0.00492	0.02342	0.00810	0.00715
57	0.02679	0.12367	0.16072	0.02180	0.05114	0.31311	0.01926	0.03052	0.02120	0.06941	0.01560	0.01822	0.01238	0.01042	0.00984	0.06151	0.01279	0.00615	0.00463	0.01085
58	0.01935	0.01770	0.02643	0.11706	0.28572	0.01647	0.01908	0.02403	0.01875	0.02764	0.01588	0.02024	0.01313	0.00731	0.00767	0.00205	0.00878	0.00660	0.00464	0.34147
59	0.01939	0.22845	0.43021	0.02299	0.03403	0.02444	0.07306	0.02722	0.01839	0.02564	0.01481	0.01757	0.01126	0.00798	0.00769	0.00252	0.01203	0.00625	0.00375	0.01232
60	0.06134	0.01594	0.08851	0.15550	0.02731	0.01366	0.01488	0.02219	0.06201	0.07571	0.08670	0.14078	0.17010	0.01561	0.00933	0.00296	0.00758	0.01329	0.00690	0.00970
61	0.01353	0.00921	0.01050	0.00999	0.01229	0.00824	0.00712	0.01570	0.01956	0.07134	0.19155	0.06900	0.31597	0.18633	0.01862	0.00424	0.00558	0.01568	0.00794	0.00761
62	0.01953	0.10083	0.12562	0.22279	0.27158	0.02222	0.02502	0.02517	0.01830	0.02518	0.01524	0.02057	0.01232	0.00855	0.00948	0.00270	0.05181	0.00720	0.00400	0.01191
63	0.02212	0.28254	0.26150	0.06151	0.06437	0.02654	0.02271	0.11195	0.02149	0.02870	0.01515	0.01760	0.01184	0.00830	0.00739	0.00241	0.01087	0.00614	0.00449	0.01240
64	0.08979	0.02062	0.02327	0.01971	0.06146	0.02201	0.01517	0.37783	0.03297	0.16305	0.02307	0.02293	0.01617	0.01016	0.00828	0.00260	0.00861	0.00779	0.06065	0.01387
65	0.08140	0.26119	0.05390	0.01783	0.02417	0.24820	0.01546	0.03240	0.02142	0.14396	0.01708	0.01784	0.01310	0.00872	0.00710	0.00226	0.01116	0.00587	0.00549	0.01146
66	0.01288	0.00900	0.01174	0.01311	0.01414	0.00889	0.00994	0.01506	0.01697	0.02231	0.04056	0.21191	0.04585	0.24081	0.02229	0.00535	0.00753	0.27757	0.00716	0.00694
67	0.01354	0.01126	0.01220	0.01151	0.01408	0.04404	0.00867	0.01837	0.06009	0.03169	0.43778	0.06485	0.20322	0.01797	0.01008	0.00278	0.00498	0.01547	0.00893	0.00847
68	0.02297	0.55235	0.04012	0.01553	0.02245	0.03176	0.01468	0.03047	0.14806	0.02396	0.01716	0.01799	0.01452	0.00840	0.00630	0.00210	0.00881	0.00578	0.00484	0.01176
69	0.02180	0.01461	0.01642	0.01464	0.01914	0.01514	0.01139	0.03458	0.29953	0.16321	0.04929	0.09405	0.17847	0.01532	0.00938	0.00294	0.00626	0.01287	0.00904	0.01193
70	0.01063	0.00759	0.01012	0.01215	0.01265	0.00709	0.00810	0.01215	0.01670	0.02227	0.04808	0.68775	0.05769	0.02733	0.01113	0.00354	0.00506	0.02480	0.00810	0.00709
71	0.01421	0.01240	0.02208	0.01891	0.02204	0.01330	0.13928	0.01824	0.01543	0.02190	0.02213	0.03196	0.01996	0.05292	0.51928	0.01163	0.02150	0.00955	0.00462	0.00864
72	0.03029	0.20409	0.02991	0.02061	0.02583	0.50412	0.01638	0.03268	0.02299	0.02114	0.01315	0.01530	0.01123	0.00861	0.00730	0.00215	0.01415	0.00538	0.00431	0.01038
73	0.01332	0.00951	0.01321	0.01522	0.01691	0.00940	0.01277	0.01680	0.01935	0.02528	0.04659	0.22524	0.05181	0.02479	0.01185	0.00391	0.00739	0.46076	0.00805	0.00783
74	0.01085	0.00845	0.00986	0.01038	0.01234	0.00746	0.00745	0.01325	0.01988	0.02560	0.19273	0.27725	0.32759	0.02289	0.01057	0.00310	0.00456	0.01993	0.00842	0.00746
75	0.01585	0.01504	0.02663	0.43188	0.04763	0.01715	0.11108	0.02098	0.01777	0.02316	0.02285	0.16632	0.02179	0.01251	0.00948	0.00305	0.01069	0.01181	0.00487	0.00945
76	0.02332	0.69869	0.04571	0.01493	0.02239	0.03451	0.01493	0.02612	0.01772	0.02052	0.01213	0.01399	0.01119	0.00746	0.00560	0.00187	0.00933	0.00466	0.00373	0.01119
77	0.01948	0.01810	0.06752	0.26701	0.03741	0.01682	0.01794	0.02763	0.10929	0.07136	0.01987	0.02309	0.01497	0.00858	0.00799	0.00237	0.00904	0.00721	0.00553	0.24878
78	0.02332	0.69869	0.04571	0.01493	0.02239	0.03451	0.01493	0.02612	0.01772	0.02052	0.01213	0.01399	0.01119	0.00746	0.00560	0.00187	0.00933	0.00466	0.00373	0.01119
79	0.02881	0.01625	0.01994	0.01485	0.02209	0.01391	0.01212	0.09843	0.02366	0.29475	0.02420	0.02337	0.01684	0.00877	0.00771	0.00205	0.00723	0.00702	0.00798	0.35002
80	0.02144	0.01999	0.03445	0.02629	0.03220	0.02042	0.28791	0.16796	0.02426	0.03288	0.02454	0.16552	0.02306	0.01302	0.01147	0.00306	0.06134	0.01261	0.00623	0.01135
81	0.01235	0.00892	0.01166	0.01097	0.01303	0.00823	0.00823	0.01646	0.02469	0.03498	0.63443	0.06516	0.08230	0.01783	0.01029	0.00274	0.00412	0.01578	0.00960	0.00823
82	0.01222	0.00891	0.01149	0.01084	0.01296	0.00818	0.00813	0.01622	0.02440	0.03428	0.60102	0.06631	0.11616	0.01809	0.01029	0.00276	0.00413	0.01594	0.00951	0.00818
83	0.02750	0.02026	0.02206	0.01812	0.02390	0.02241	0.01456	0.29390	0.27495	0.09297	0.07149	0.02949	0.02495	0.01157	0.00890	0.00277	0.00794	0.00930	0.00901	0.01395
84	0.03258	0.04157	0.02472	0.02247	0.02697	0.65843	0.01685	0.03483	0.02472	0.02135	0.01348	0.01573	0.01124	0.00899	0.00787	0.00225	0.01573	0.00562	0.00449	0.01011
85	0.02118	0.00958	0.01074	0.00972	0.01277	0.00914	0.00754	0.02510	0.01973	0.16436	0.02974	0.03191	0.02219	0.01030	0.00667	0.00218	0.00479	0.00827	0.58452	0.00958
86	0.01082	0.00805	0.01008	0.01127	0.01253	0.00732	0.00781	0.01287	0.01857	0.02445	0.14479	0.46727	0.18271	0.02480	0.01083	0.00330	0.00478	0.02210	0.00832	0.00732
87	0.01136	0.00846	0.01057	0.01092	0.01265	0.00767	0.00785	0.01422	0.02105	0.02841	0.32736	0.27473	0.18902	0.02185	0.01057	0.00305	0.00449	0.01930	0.00879	0.00767
88	0.02864	0.01240	0.01654	0.01349	0.01835	0.01097	0.01082	0.03231	0.02440	0.39950	0.23273	0.04164	0.04176	0.01308	0.00908	0.00267	0.00609	0.01105	0.06231	0.01218
89	0.01063	0.00759	0.01012	0.01215	0.01265	0.00709	0.00810	0.01215	0.01670	0.02227	0.04808	0.68775	0.05769	0.02733	0.01113	0.00354	0.00506	0.02480	0.00810	0.00709
90	0.08469	0.03522	0.02612	0.02833	0.15794	0.47300	0.01843	0.03240	0.02293	0.02423	0.01401	0.01687	0.01166	0.00866	0.00784	0.00236	0.01390	0.00601	0.00452	0.01086
91	0.01750	0.04512	0.64825	0.02486	0.03775	0.02026	0.03223	0.02762	0.01842	0.02762	0.01565	0.01842	0.01105	0.00829	0.00829	0.00276	0.01289	0.00645	0.00368	0.01289
92	0.01086	0.00894	0.00960	0.00966	0.01242	0.00768	0.00740	0.01346	0.02053	0.02526	0.15738	0.08255	0.51823	0.02168	0.01044	0.00300	0.00465	0.06043	0.00829	0.00753
93	0.01544	0.01173	0.01498	0.01613	0.01866	0.01233	0.01355	0.02371	0.14965	0.02805	0.04403	0.12866	0.04569	0.02170	0.01130	0.00375	0.00757	0.41565	0.00822	0.00920

[dist]
# distance from previous block
# <min> <max>
0	5

[block]
# block no. 2 follows, 20 sequences, length 74
# corresponding to MSA columns:
# 306-379
name=unknown_C
#
# <colnr> <probs for GDERKNQSTAVLIFYWHMCP>
#	G	D	E	R	K	N	Q	S	T	A	V	L	I	F	Y	W	H	M	C	P
0	0.75506	0.01687	0.01282	0.01147	0.01687	0.01957	0.00945	0.02564	0.01484	0.03914	0.01215	0.01417	0.00945	0.00810	0.00540	0.00270	0.00675	0.00472	0.00540	0.00945
1	0.60795	0.15395	0.01943	0.01217	0.01798	0.02257	0.01055	0.02574	0.01542	0.03539	0.01214	0.01413	0.00980	0.00797	0.00544	0.00253	0.00727	0.00471	0.00506	0.00980
2	0.01189	0.00907	0.01121	0.01244	0.01451	0.00839	0.00994	0.01470	0.01932	0.02433	0.06314	0.21121	0.28169	0.02396	0.01118	0.00350	0.00601	0.24784	0.00807	0.00758
3	0.03490	0.01498	0.01981	0.01500	0.02195	0.01258	0.01232	0.03838	0.02358	0.52110	0.03061	0.02736	0.01985	0.00992	0.00831	0.00242	0.00723	0.00805	0.00966	0.16200
4	0.01403	0.01192	0.01590	0.01950	0.13921	0.01142	0.01184	0.01908	0.07186	0.02798	0.18348	0.14445	0.25959	0.01811	0.00996	0.00291	0.00585	0.01583	0.00773	0.00936
5	0.03040	0.03698	0.02371	0.02152	0.02611	0.53041	0.01624	0.03715	0.14506	0.02439	0.01791	0.01911	0.01433	0.00956	0.00807	0.00239	0.01396	0.00647	0.00538	0.01086
6	0.01980	0.02045	0.03889	0.20546	0.16675	0.02106	0.28698	0.02779	0.07091	0.02730	0.01835	0.02383	0.01407	0.00818	0.00943	0.00286	0.01236	0.00908	0.00463	0.01181
7	0.02820	0.01844	0.02482	0.01852	0.02579	0.06131	0.10770	0.03231	0.02180	0.28111	0.02347	0.02355	0.01641	0.00857	0.00813	0.00220	0.00886	0.00750	0.00731	0.27401
8	0.01067	0.00852	0.00955	0.00998	0.01218	0.00741	0.00723	0.01295	0.01971	0.02477	0.15165	0.23801	0.41095	0.02287	0.01052	0.00307	0.00454	0.01971	0.00830	0.00741
9	0.01211	0.00918	0.01134	0.01159	0.01393	0.00841	0.00922	0.01555	0.02186	0.02880	0.29562	0.08023	0.26062	0.02092	0.01076	0.00315	0.00525	0.16492	0.00868	0.00789
10	0.01426	0.01174	0.01626	0.01661	0.01750	0.01375	0.01335	0.01677	0.01694	0.02326	0.03693	0.28832	0.04181	0.02274	0.01646	0.00379	0.19853	0.21602	0.00685	0.00812
11	0.01908	0.01908	0.02672	0.02290	0.02290	0.02672	0.01908	0.02099	0.01336	0.02099	0.01145	0.01908	0.01145	0.01527	0.02863	0.00382	0.67748	0.00763	0.00382	0.00954
12	0.01063	0.00759	0.01012	0.01215	0.01265	0.00709	0.00810	0.01215	0.01670	0.02227	0.04808	0.68775	0.05769	0.02733	0.01113	0.00354	0.00506	0.02480	0.00810	0.00709
13	0.01063	0.00759	0.01012	0.01215	0.01265	0.00709	0.00810	0.01215	0.01670	0.02227	0.04808	0.68775	0.05769	0.02733	0.01113	0.00354	0.00506	0.02480	0.00810	0.00709
14	0.13458	0.03038	0.02255	0.01958	0.02485	0.31786	0.01524	0.16900	0.12320	0.03414	0.01856	0.01942	0.01429	0.00966	0.00787	0.00251	0.01160	0.00669	0.00631	0.01171
15	0.01647	0.01550	0.02616	0.67248	0.06008	0.01938	0.02422	0.02229	0.01744	0.02229	0.01550	0.02326	0.01163	0.00872	0.00872	0.00291	0.01163	0.00775	0.00388	0.00969
16	0.01042	0.00841	0.00928	0.00998	0.01208	0.00727	0.00713	0.01239	0.01879	0.02312	0.07449	0.29193	0.43646	0.02390	0.01059	0.00315	0.00464	0.02061	0.00810	0.00727
17	0.06730	0.02374	0.07855	0.02499	0.10995	0.06354	0.01904	0.15490	0.10411	0.05960	0.01892	0.02154	0.01482	0.01114	0.01368	0.00297	0.18514	0.00765	0.00605	0.01239
18	0.02052	0.38401	0.33582	0.01971	0.02979	0.02765	0.02326	0.02684	0.01806	0.02394	0.01382	0.01612	0.01112	0.00786	0.00689	0.00230	0.01104	0.00552	0.00371	0.01201
19	0.01268	0.00846	0.00951	0.00951	0.00951	0.00846	0.00529	0.01268	0.01268	0.01691	0.02748	0.05708	0.03171	0.69345	0.04440	0.00846	0.00846	0.01268	0.00529	0.00529
20	0.03266	0.03926	0.02492	0.02215	0.02698	0.57318	0.01682	0.11248	0.02692	0.02589	0.01449	0.01643	0.01172	0.00919	0.00798	0.00230	0.01490	0.00592	0.00507	0.01075
21	0.01750	0.04512	0.64825	0.02486	0.03775	0.02026	0.03223	0.02762	0.01842	0.02762	0.01565	0.01842	0.01105	0.00829	0.00829	0.00276	0.01289	0.00645	0.00368	0.01289
22	0.01450	0.00781	0.01088	0.01088	0.01088	0.00781	0.00697	0.01171	0.01171	0.01561	0.01839	0.03454	0.01950	0.20445	0.03680	0.55247	0.00781	0.00892	0.00418	0.00418
23	0.51519	0.01485	0.01282	0.01132	0.01621	0.01641	0.00920	0.02672	0.01683	0.11511	0.01827	0.01984	0.01359	0.00886	0.00597	0.00257	0.00629	0.00592	0.15415	0.00987
24	0.01639	0.01641	0.03106	0.02567	0.06554	0.01533	0.28604	0.02150	0.02046	0.02710	0.09023	0.08783	0.15619	0.01464	0.01047	0.00308	0.00999	0.08588	0.00629	0.00992
25	0.01532	0.00878	0.00953	0.00960	0.01159	0.00879	0.00709	0.02025	0.05417	0.03168	0.10883	0.12516	0.03503	0.01356	0.00747	0.00238	0.00437	0.01146	0.50663	0.00833
26	0.02494	0.02741	0.02705	0.02224	0.02712	0.27028	0.12482	0.10579	0.02452	0.02827	0.06540	0.03067	0.10190	0.01178	0.01069	0.00269	0.06874	0.00936	0.00581	0.01051
27	0.01111	0.00887	0.00995	0.00968	0.01228	0.00771	0.00726	0.01408	0.02178	0.02808	0.30428	0.07652	0.41677	0.02041	0.01030	0.00287	0.00430	0.01737	0.00869	0.00771
28	0.01063	0.00759	0.01012	0.01215	0.01265	0.00709	0.00810	0.01215	0.01670	0.02227	0.04808	0.68775	0.05769	0.02733	0.01113	0.00354	0.00506	0.02480	0.00810	0.00709
29	0.02333	0.25264	0.15627	0.02185	0.02929	0.02532	0.11753	0.02824	0.01867	0.11278	0.01682	0.01951	0.01304	0.00933	0.01105	0.00265	0.11792	0.00701	0.00486	0.01188
30	0.01083	0.00809	0.01007	0.01119	0.01251	0.00733	0.00778	0.01293	0.01872	0.02461	0.15159	0.44748	0.19591	0.02459	0.01081	0.00328	0.00476	0.02186	0.00834	0.00733
31	0.01406	0.00932	0.01206	0.01114	0.01358	0.00849	0.00844	0.01799	0.02437	0.07644	0.55455	0.06402	0.11691	0.01764	0.01018	0.00275	0.00437	0.01547	0.00958	0.00863
32	0.03176	0.01798	0.02151	0.01624	0.02332	0.01690	0.01333	0.21228	0.02811	0.30098	0.02529	0.02394	0.01723	0.00956	0.00815	0.00230	0.00784	0.00754	0.00868	0.20705
33	0.01963	0.01915	0.03290	0.25964	0.21945	0.02068	0.14053	0.02859	0.11605	0.02751	0.01941	0.02432	0.01500	0.00867	0.00904	0.00283	0.01112	0.00861	0.00491	0.01197
34	0.01302	0.01017	0.01510	0.01477	0.01620	0.01225	0.01160	0.01604	0.01396	0.02031	0.02235	0.03298	0.02093	0.06115	0.60524	0.01315	0.07904	0.00920	0.00460	0.00794
35	0.01791	0.02066	0.08273	0.08328	0.17306	0.04336	0.15970	0.02300	0.01953	0.02576	0.03506	0.03791	0.17628	0.01204	0.01058	0.00287	0.04927	0.01096	0.00522	0.01081
36	0.01809	0.01550	0.01809	0.01292	0.02067	0.01163	0.01034	0.02196	0.01809	0.02842	0.01550	0.01809	0.01292	0.00646	0.00646	0.00129	0.00646	0.00517	0.00517	0.74677
37	0.02934	0.02316	0.14709	0.01856	0.02608	0.01846	0.01745	0.11008	0.18740	0.28407	0.02929	0.02712	0.02001	0.01053	0.00870	0.00277	0.00865	0.00849	0.00859	0.01417
38	0.19923	0.12732	0.02520	0.01845	0.02398	0.31912	0.01481	0.12379	0.02404	0.03076	0.01418	0.01596	0.01139	0.00880	0.00710	0.00236	0.01174	0.00563	0.00527	0.01087
39	0.01842	0.12648	0.42047	0.02075	0.03171	0.02018	0.02480	0.02611	0.01825	0.02685	0.01514	0.01774	0.01150	0.00775	0.00750	0.00230	0.01092	0.00591	0.00403	0.18319
40	0.02015	0.28585	0.29532	0.06778	0.03168	0.02575	0.02277	0.02905	0.09526	0.02569	0.01685	0.01891	0.01313	0.00846	0.00738	0.00246	0.01069	0.00631	0.00438	0.01213
41	0.01750	0.04512	0.64825	0.02486	0.03775	0.02026	0.03223	0.02762	0.01842	0.02762	0.01565	0.01842	0.01105	0.00829	0.00829	0.00276	0.01289	0.00645	0.00368	0.01289
42	0.20938	0.01157	0.01231	0.01183	0.01499	0.01177	0.00895	0.02077	0.04491	0.08342	0.17795	0.21105	0.11458	0.01739	0.00904	0.00297	0.00549	0.01468	0.00800	0.00895
43	0.01250	0.00855	0.00977	0.00977	0.01009	0.00854	0.00577	0.01287	0.01330	0.01763	0.03168	0.05750	0.07539	0.60126	0.08384	0.00843	0.00918	0.01288	0.00545	0.00561
44	0.17024	0.02553	0.08097	0.02284	0.02950	0.12348	0.17085	0.03391	0.19510	0.03159	0.02089	0.02258	0.01586	0.00915	0.00834	0.00277	0.01085	0.00797	0.00586	0.01172
45	0.01031	0.00884	0.00884	0.00884	0.01178	0.00736	0.00663	0.01252	0.01988	0.02356	0.08837	0.08395	0.63549	0.02209	0.01031	0.00295	0.00442	0.01841	0.00810	0.00736
