[name]
unknown

[dist]
# distance from previous block
# <min> <max>
21	551

[block]
# block no. 0 follows, 18 sequences, length 13
# corresponding to MSA columns:
# 621-633
name=unknown_A
#
# <colnr> <probs for GDERKNQSTAVLIFYWHMCP>
#	G	D	E	R	K	N	Q	S	T	A	V	L	I	F	Y	W	H	M	C	P
0	0.09969	0.04912	0.01969	0.06255	0.02330	0.01512	0.01241	0.02853	0.05766	0.15418	0.15074	0.03295	0.03158	0.01109	0.00834	0.00242	0.00710	0.00907	0.00775	0.21670
1	0.02726	0.02513	0.18482	0.02252	0.07359	0.01827	0.02034	0.09024	0.02476	0.22771	0.10942	0.03094	0.02673	0.01182	0.01099	0.00294	0.06177	0.00936	0.00784	0.01354
2	0.11621	0.20851	0.02861	0.01984	0.07033	0.15665	0.01497	0.04544	0.02102	0.05268	0.02045	0.11160	0.01956	0.01149	0.00779	0.00249	0.01006	0.00878	0.00564	0.06788
3	0.22855	0.02076	0.02274	0.02032	0.06988	0.02284	0.01529	0.24740	0.02796	0.06909	0.04878	0.02249	0.01744	0.01060	0.00979	0.00278	0.06094	0.00757	0.00728	0.06749
4	0.02784	0.32299	0.15432	0.01959	0.02778	0.16083	0.01943	0.03228	0.02149	0.11035	0.01718	0.01842	0.01334	0.00888	0.00745	0.00236	0.01173	0.00612	0.00516	0.01244
5	0.02029	0.07522	0.01709	0.01271	0.01591	0.01212	0.00982	0.02219	0.02120	0.14887	0.23412	0.04868	0.09093	0.06903	0.01772	0.14797	0.00666	0.01224	0.00808	0.00915
6	0.01301	0.00999	0.01424	0.01772	0.08627	0.00947	0.01092	0.01573	0.02000	0.02744	0.18229	0.44858	0.06141	0.02389	0.01119	0.00341	0.00576	0.02167	0.00843	0.00860
7	0.01759	0.09216	0.01718	0.01257	0.01462	0.01487	0.00878	0.09794	0.01869	0.02457	0.02809	0.10805	0.03086	0.43850	0.03305	0.00669	0.00884	0.01283	0.00617	0.00794
8	0.47918	0.01443	0.01233	0.01173	0.01544	0.01617	0.00879	0.02199	0.01542	0.03358	0.02173	0.11921	0.02233	0.15618	0.01544	0.00428	0.00724	0.00983	0.00607	0.00864
9	0.07904	0.02156	0.02927	0.03771	0.32198	0.06828	0.02158	0.07110	0.02129	0.03062	0.02032	0.09910	0.01925	0.01214	0.01212	0.00302	0.10384	0.00990	0.00542	0.01248
10	0.07717	0.01742	0.02394	0.15532	0.17147	0.01900	0.01823	0.12058	0.04755	0.03229	0.02462	0.12073	0.02339	0.09240	0.01377	0.00371	0.00954	0.01124	0.00624	0.01139
11	0.28308	0.09799	0.04889	0.02384	0.15032	0.02179	0.01623	0.09219	0.02083	0.03539	0.02045	0.11213	0.01921	0.01159	0.00785	0.00283	0.00861	0.00917	0.00598	0.01162
12	0.07485	0.01495	0.01824	0.01729	0.07153	0.01343	0.01208	0.02313	0.04299	0.05560	0.05972	0.12779	0.07367	0.01305	0.00912	0.00239	0.02685	0.01093	0.00671	0.32569

[dist]
# distance from previous block
# <min> <max>
32	66

[block]
# block no. 1 follows, 18 sequences, length 21
# corresponding to MSA columns:
# 712-732
name=unknown_B
#
# <colnr> <probs for GDERKNQSTAVLIFYWHMCP>
#	G	D	E	R	K	N	Q	S	T	A	V	L	I	F	Y	W	H	M	C	P
0	0.01202	0.00979	0.01074	0.01104	0.01361	0.00891	0.00806	0.01615	0.06518	0.02648	0.12041	0.22242	0.39556	0.02339	0.01094	0.00324	0.00499	0.02008	0.00871	0.00827
1	0.02940	0.02254	0.02209	0.01860	0.02427	0.09497	0.01475	0.19412	0.24228	0.11972	0.02945	0.02836	0.02149	0.01138	0.00886	0.00279	0.00892	0.00892	0.08319	0.01390
2	0.01364	0.00987	0.01281	0.09654	0.01797	0.01050	0.00902	0.01489	0.01457	0.01943	0.02913	0.11640	0.03252	0.47061	0.08784	0.00808	0.01029	0.01368	0.00562	0.00660
3	0.02607	0.02289	0.03460	0.04669	0.45772	0.02364	0.02524	0.18218	0.02702	0.03764	0.01858	0.02254	0.01484	0.00896	0.00912	0.00273	0.01069	0.00820	0.00582	0.01484
4	0.12245	0.02328	0.02689	0.11352	0.07985	0.11527	0.07617	0.07634	0.13809	0.10396	0.02278	0.02445	0.01685	0.00995	0.00878	0.00286	0.01077	0.00825	0.00677	0.01271
5	0.01604	0.00973	0.01298	0.01401	0.01599	0.00904	0.01060	0.01859	0.01985	0.10475	0.05135	0.40420	0.09486	0.02521	0.01156	0.00369	0.00637	0.15347	0.00888	0.00881
6	0.02446	0.02045	0.02888	0.16382	0.26682	0.06916	0.02203	0.05429	0.02279	0.10907	0.08105	0.02833	0.02233	0.01043	0.01005	0.00285	0.03529	0.00900	0.00614	0.01275
7	0.02415	0.01900	0.02638	0.09388	0.20251	0.01865	0.01873	0.07242	0.09988	0.10032	0.02209	0.02432	0.01684	0.00903	0.00851	0.00244	0.00899	0.00782	0.00651	0.21752
8	0.58802	0.02048	0.01906	0.01786	0.06043	0.06675	0.05531	0.02797	0.01720	0.03818	0.01362	0.01630	0.01069	0.00851	0.00649	0.00282	0.00869	0.00570	0.00546	0.01048
9	0.01995	0.01881	0.09912	0.01874	0.02372	0.01609	0.01731	0.05541	0.16880	0.07120	0.03949	0.06647	0.03745	0.01833	0.01093	0.00361	0.00887	0.28594	0.00829	0.01146
10	0.01951	0.01143	0.01607	0.01513	0.01786	0.01086	0.03663	0.02198	0.01987	0.16607	0.04570	0.33956	0.08769	0.06513	0.01423	0.00383	0.03647	0.05368	0.00861	0.00969
11	0.01413	0.00933	0.01178	0.01195	0.01408	0.00841	0.00866	0.01695	0.02177	0.07651	0.24735	0.30047	0.17829	0.02291	0.01105	0.00325	0.00506	0.02021	0.00928	0.00858
12	0.01237	0.00900	0.01168	0.01338	0.01469	0.00853	0.01001	0.01475	0.01882	0.02446	0.05422	0.38282	0.13047	0.06966	0.01420	0.00414	0.00641	0.18441	0.00831	0.00767
13	0.74217	0.01776	0.01350	0.01207	0.01776	0.02060	0.00994	0.02699	0.01563	0.04120	0.01278	0.01492	0.00994	0.00852	0.00568	0.00284	0.00710	0.00497	0.00568	0.00994
14	0.01742	0.01000	0.01279	0.01200	0.01466	0.00956	0.00915	0.02121	0.02218	0.11104	0.26703	0.09710	0.07515	0.02407	0.09881	0.00447	0.00773	0.01377	0.16250	0.00938
15	0.01221	0.00935	0.01119	0.01073	0.01324	0.00833	0.00805	0.01581	0.02414	0.03243	0.42440	0.07581	0.28016	0.02041	0.01084	0.00297	0.00445	0.01762	0.00953	0.00833
16	0.01711	0.01578	0.02563	0.45226	0.13243	0.01837	0.02237	0.02226	0.01858	0.02407	0.02538	0.03368	0.07658	0.06402	0.01235	0.00349	0.01100	0.00974	0.00472	0.01019
17	0.01938	0.02630	0.16728	0.09676	0.08799	0.02069	0.26281	0.02669	0.02101	0.02943	0.09687	0.02904	0.02290	0.00998	0.01093	0.00304	0.04169	0.01012	0.00511	0.01199
18	0.01212	0.00935	0.01106	0.01063	0.01318	0.00829	0.00798	0.01564	0.02393	0.03192	0.40234	0.07665	0.30254	0.02060	0.01084	0.00297	0.00446	0.01774	0.00946	0.00829
19	0.09831	0.02517	0.02114	0.10347	0.02842	0.22670	0.01589	0.03302	0.16304	0.02944	0.05181	0.07988	0.02536	0.01298	0.00905	0.00294	0.01082	0.04496	0.00663	0.01098
20	0.02413	0.24456	0.21149	0.02441	0.11244	0.02433	0.02205	0.02990	0.02024	0.10631	0.01798	0.01988	0.01377	0.00852	0.00772	0.00240	0.01050	0.00655	0.00515	0.08766

[dist]
# distance from previous block
# <min> <max>
22	126

[block]
# block no. 2 follows, 18 sequences, length 19
# corresponding to MSA columns:
# 860-878
name=unknown_C
#
# <colnr> <probs for GDERKNQSTAVLIFYWHMCP>
#	G	D	E	R	K	N	Q	S	T	A	V	L	I	F	Y	W	H	M	C	P
0	0.02560	0.06535	0.04360	0.02009	0.02430	0.07703	0.03189	0.04998	0.12714	0.14174	0.02661	0.09979	0.02276	0.01424	0.01481	0.00321	0.18214	0.01043	0.00714	0.01214
1	0.13342	0.01050	0.01208	0.05803	0.01717	0.01076	0.00945	0.01603	0.01738	0.02603	0.04594	0.36793	0.12823	0.08840	0.01393	0.00396	0.00638	0.01902	0.00743	0.00792
2	0.01375	0.01024	0.01397	0.11862	0.02051	0.01120	0.01039	0.01560	0.01490	0.02003	0.02812	0.11070	0.03047	0.37590	0.15906	0.00861	0.01232	0.01305	0.00548	0.00707
3	0.02082	0.01886	0.02790	0.15108	0.08768	0.02045	0.08417	0.07649	0.10939	0.03073	0.02074	0.02541	0.01656	0.01550	0.07095	0.00393	0.07299	0.00851	0.00573	0.13210
4	0.01482	0.01500	0.07488	0.01320	0.01824	0.01073	0.01150	0.01940	0.02270	0.03236	0.31572	0.05352	0.14106	0.01527	0.00955	0.00251	0.00596	0.01308	0.00800	0.20249
5	0.55797	0.02452	0.01675	0.01509	0.02052	0.18190	0.01197	0.02951	0.01833	0.03632	0.01315	0.01534	0.01043	0.00877	0.00636	0.00272	0.00956	0.00522	0.00543	0.01013
6	0.14085	0.02150	0.03985	0.02995	0.03744	0.02128	0.37319	0.02954	0.07270	0.03195	0.02278	0.03311	0.01904	0.01034	0.01006	0.00319	0.01254	0.07328	0.00568	0.01171
7	0.01491	0.01706	0.11775	0.14617	0.02741	0.01360	0.01572	0.01921	0.01808	0.02507	0.14086	0.04478	0.03479	0.22323	0.09778	0.00621	0.01136	0.01142	0.00581	0.00879
8	0.01269	0.00915	0.01200	0.01176	0.01365	0.00846	0.00864	0.01657	0.02459	0.03459	0.52126	0.16887	0.08233	0.02043	0.01098	0.00303	0.00450	0.01819	0.00984	0.00846
9	0.13965	0.01543	0.01863	0.14137	0.02797	0.01513	0.01346	0.04471	0.02069	0.07177	0.09357	0.03232	0.07585	0.01089	0.00817	0.00243	0.00765	0.00881	0.00656	0.24495
10	0.02092	0.01187	0.01478	0.01310	0.01575	0.01269	0.01037	0.02470	0.02099	0.13484	0.14831	0.03842	0.03445	0.01337	0.01176	0.00273	0.11408	0.01024	0.33660	0.01005
11	0.13713	0.01153	0.01340	0.01253	0.01585	0.01127	0.00992	0.02148	0.02328	0.09388	0.34511	0.06178	0.11102	0.01750	0.01003	0.00305	0.00564	0.07698	0.00916	0.00946
12	0.01278	0.00938	0.01198	0.01133	0.01359	0.00857	0.00850	0.01692	0.02549	0.03563	0.56339	0.07055	0.13918	0.01922	0.01083	0.00291	0.00436	0.01688	0.00995	0.00857
13	0.01425	0.01087	0.01418	0.08776	0.02054	0.01110	0.01124	0.07206	0.02058	0.02704	0.04797	0.47320	0.10569	0.02416	0.01108	0.00349	0.00654	0.02156	0.00808	0.00863
14	0.14680	0.02607	0.14925	0.02638	0.13982	0.02166	0.02076	0.14460	0.07533	0.12899	0.02195	0.02290	0.01581	0.00977	0.00851	0.00284	0.00987	0.00773	0.00698	0.01396
15	0.01911	0.01485	0.01925	0.12477	0.07655	0.01622	0.01483	0.10078	0.11189	0.03263	0.03297	0.22410	0.03184	0.01605	0.00955	0.00306	0.00774	0.01405	0.11890	0.01088
16	0.07196	0.02917	0.13141	0.02467	0.03306	0.08532	0.13623	0.22086	0.02923	0.11728	0.02093	0.02240	0.01482	0.00971	0.00916	0.00283	0.01196	0.00824	0.00700	0.01378
17	0.02525	0.02101	0.03136	0.03944	0.33879	0.02274	0.02281	0.08148	0.08984	0.09214	0.02107	0.02442	0.01661	0.01056	0.01264	0.00300	0.11818	0.00853	0.00611	0.01400
18	0.02120	0.06212	0.21742	0.19944	0.03874	0.01945	0.02303	0.02983	0.07347	0.10787	0.09350	0.02946	0.02388	0.01071	0.00908	0.00291	0.01054	0.00891	0.00618	0.01228

[dist]
# distance from previous block
# <min> <max>
1	18

[block]
# block no. 3 follows, 18 sequences, length 28
# corresponding to MSA columns:
# 897-918,929-934
name=unknown_D
#
# <colnr> <probs for GDERKNQSTAVLIFYWHMCP>
#	G	D	E	R	K	N	Q	S	T	A	V	L	I	F	Y	W	H	M	C	P
0	0.09170	0.02640	0.12980	0.11475	0.28562	0.07663	0.02470	0.03003	0.02083	0.08797	0.01818	0.02193	0.01390	0.00886	0.00866	0.00279	0.01137	0.00754	0.00517	0.01316
1	0.26431	0.02243	0.12021	0.07068	0.02660	0.02027	0.01691	0.11028	0.02246	0.03797	0.12610	0.02783	0.02558	0.01145	0.00982	0.00296	0.05806	0.00842	0.00647	0.01120
2	0.02153	0.02600	0.13682	0.09095	0.42889	0.02177	0.08380	0.02812	0.02055	0.02934	0.01720	0.02249	0.01384	0.00830	0.00921	0.00282	0.01189	0.00821	0.00441	0.01387
3	0.01942	0.02443	0.13042	0.15552	0.12716	0.06216	0.11299	0.02532	0.02029	0.02738	0.07384	0.08724	0.02400	0.01192	0.01113	0.00306	0.05646	0.01065	0.00521	0.01139
4	0.01338	0.12119	0.01622	0.01102	0.01450	0.01256	0.00878	0.01592	0.02064	0.02528	0.12575	0.14557	0.39569	0.02093	0.01013	0.00297	0.00556	0.01752	0.00792	0.00848
5	0.02253	0.08470	0.16811	0.12641	0.03465	0.02088	0.05268	0.05770	0.02097	0.10576	0.02389	0.02659	0.05539	0.01071	0.01094	0.00282	0.07815	0.00833	0.00570	0.08309
6	0.01618	0.00926	0.01243	0.01338	0.01500	0.00846	0.00935	0.01810	0.01903	0.12374	0.04821	0.56484	0.05441	0.02587	0.01131	0.00358	0.00574	0.02330	0.00900	0.00882
7	0.03043	0.02443	0.03070	0.02359	0.03085	0.02654	0.11160	0.39422	0.14534	0.04946	0.02436	0.02480	0.01768	0.01075	0.00949	0.00288	0.01046	0.00909	0.00846	0.01487
8	0.01352	0.01011	0.01322	0.01409	0.01634	0.00914	0.01070	0.01627	0.01883	0.02566	0.04434	0.40167	0.05065	0.02415	0.01117	0.00348	0.00646	0.17370	0.00799	0.12851
9	0.01662	0.01517	0.02500	0.54816	0.05500	0.01845	0.02270	0.02244	0.01963	0.02568	0.11594	0.03182	0.02462	0.01078	0.00945	0.00303	0.01092	0.00956	0.00508	0.00994
10	0.02376	0.01549	0.01852	0.01519	0.02111	0.01417	0.01191	0.03247	0.15572	0.17114	0.06728	0.10837	0.02938	0.01261	0.00881	0.00250	0.00681	0.01069	0.00839	0.26568
11	0.03541	0.02377	0.02621	0.02022	0.02743	0.02573	0.01666	0.47477	0.06528	0.15158	0.02509	0.02412	0.01735	0.01114	0.00920	0.00279	0.00960	0.00852	0.00955	0.01557
12	0.01667	0.01232	0.02035	0.05220	0.02332	0.01174	0.10670	0.02016	0.02007	0.08495	0.08082	0.37134	0.04766	0.02150	0.01122	0.00349	0.00786	0.07021	0.00802	0.00940
13	0.01196	0.00893	0.01111	0.01145	0.01330	0.00808	0.00825	0.01499	0.02224	0.02998	0.32314	0.26235	0.19476	0.02290	0.01111	0.00320	0.00471	0.02020	0.00926	0.00808
14	0.02830	0.03390	0.02556	0.02295	0.02605	0.40857	0.01782	0.03065	0.02159	0.02226	0.01456	0.01939	0.01293	0.01690	0.07380	0.00399	0.19911	0.00688	0.00455	0.01025
15	0.08226	0.01975	0.02466	0.08321	0.06989	0.02039	0.01682	0.22831	0.03025	0.29068	0.02650	0.02573	0.01782	0.01062	0.00896	0.00283	0.00920	0.00844	0.00905	0.01463
16	0.26493	0.03225	0.19193	0.01981	0.02763	0.14554	0.01938	0.08247	0.07640	0.03528	0.01725	0.01897	0.01301	0.00936	0.00772	0.00278	0.01110	0.00648	0.00564	0.01205
17	0.01468	0.00947	0.01332	0.01386	0.01533	0.00895	0.02802	0.01663	0.01795	0.07955	0.04445	0.49085	0.05054	0.08791	0.05794	0.00485	0.00755	0.02174	0.00815	0.00827
18	0.18549	0.02138	0.02468	0.12782	0.08950	0.02414	0.01788	0.25852	0.09046	0.04366	0.02021	0.02225	0.01502	0.01004	0.00842	0.00286	0.00957	0.00774	0.00712	0.01324
19	0.04485	0.01304	0.01560	0.01373	0.01796	0.01181	0.01041	0.07181	0.02244	0.08695	0.12599	0.24821	0.06428	0.01748	0.00962	0.00277	0.00625	0.01519	0.00821	0.19342
20	0.11305	0.13517	0.08938	0.02458	0.10846	0.06705	0.03639	0.12816	0.05565	0.10733	0.01980	0.02124	0.01488	0.00965	0.00882	0.00270	0.03071	0.00730	0.00640	0.01328
21	0.02688	0.19494	0.03491	0.02182	0.02724	0.03005	0.05708	0.23553	0.02664	0.03581	0.01641	0.01975	0.01344	0.01148	0.01468	0.00295	0.20419	0.00750	0.00596	0.01274
22	0.01319	0.07016	0.01491	0.01232	0.01482	0.01122	0.00953	0.01612	0.02020	0.02657	0.18640	0.18945	0.20255	0.02962	0.11546	0.00506	0.00864	0.03752	0.00788	0.00837
23	0.02172	0.01603	0.02191	0.06227	0.02542	0.01699	0.06536	0.09839	0.13101	0.10184	0.09632	0.20243	0.03771	0.01665	0.01115	0.00321	0.03700	0.01459	0.00840	0.01160
24	0.02147	0.02036	0.03386	0.15179	0.46866	0.02064	0.02603	0.02690	0.02030	0.02890	0.01702	0.02266	0.01407	0.00821	0.00888	0.00265	0.01073	0.00791	0.00456	0.08442
25	0.56161	0.01733	0.01506	0.01303	0.01863	0.01938	0.01066	0.06641	0.01946	0.09491	0.07206	0.02192	0.01869	0.00991	0.00673	0.00284	0.00711	0.00668	0.00685	0.01073
26	0.21574	0.01537	0.01679	0.01494	0.01961	0.01604	0.01190	0.06908	0.08199	0.18618	0.03130	0.09611	0.02753	0.07647	0.01247	0.00368	0.00768	0.07731	0.00834	0.01145
27	0.07897	0.01941	0.02155	0.01783	0.02350	0.02076	0.01424	0.28332	0.10223	0.14690	0.03101	0.14434	0.02630	0.01436	0.00944	0.00300	0.00827	0.01175	0.00922	0.01359

[dist]
# distance from previous block
# <min> <max>
0	9

[block]
# block no. 4 follows, 18 sequences, length 23
# corresponding to MSA columns:
# 944-966
name=unknown_E
#
# <colnr> <probs for GDERKNQSTAVLIFYWHMCP>
#	G	D	E	R	K	N	Q	S	T	A	V	L	I	F	Y	W	H	M	C	P
0	0.01211	0.00892	0.01139	0.01209	0.01376	0.00820	0.00881	0.01508	0.02163	0.02916	0.27673	0.30610	0.15408	0.02379	0.01131	0.00334	0.00507	0.06123	0.00914	0.00805
1	0.01673	0.01538	0.02613	0.10846	0.02987	0.01741	0.13200	0.02073	0.01680	0.02335	0.02240	0.03735	0.02128	0.11691	0.20474	0.00753	0.12126	0.04744	0.00493	0.00930
2	0.46546	0.01692	0.01658	0.01376	0.02000	0.01779	0.01135	0.03400	0.01983	0.27220	0.02204	0.02136	0.01499	0.00964	0.00708	0.00284	0.00738	0.00665	0.00793	0.01219
3	0.02600	0.02643	0.14840	0.10800	0.03385	0.02322	0.02080	0.20071	0.19878	0.08035	0.02560	0.02606	0.01848	0.01075	0.00914	0.00294	0.01011	0.00864	0.00759	0.01414
4	0.01238	0.00936	0.01142	0.01091	0.01334	0.00840	0.00818	0.01614	0.02454	0.03337	0.46531	0.07426	0.23867	0.02006	0.01084	0.00295	0.00442	0.01740	0.00965	0.00840
5	0.03086	0.02238	0.09472	0.02139	0.02902	0.01906	0.10062	0.17669	0.02911	0.25739	0.09561	0.03099	0.02586	0.01132	0.00959	0.00287	0.00976	0.00981	0.00883	0.01410
6	0.11276	0.02474	0.02846	0.02175	0.02909	0.02711	0.06950	0.47451	0.03809	0.05336	0.02069	0.02150	0.01482	0.01044	0.00895	0.00280	0.01027	0.00814	0.00837	0.01468
7	0.01680	0.01233	0.01806	0.02150	0.13883	0.01174	0.01342	0.02115	0.02412	0.07125	0.38151	0.09387	0.06383	0.01720	0.01056	0.00300	0.00626	0.05550	0.00883	0.01022
8	0.01842	0.04749	0.62974	0.02617	0.03974	0.02132	0.03392	0.02908	0.01939	0.02908	0.01648	0.01939	0.01163	0.00872	0.00872	0.00291	0.01357	0.00678	0.00388	0.01357
9	0.02455	0.68284	0.04811	0.01571	0.02357	0.03633	0.01571	0.02749	0.01866	0.02160	0.01277	0.01473	0.01178	0.00786	0.00589	0.00196	0.00982	0.00491	0.00393	0.01178
10	0.01878	0.01834	0.02734	0.02328	0.02432	0.02435	0.06074	0.02148	0.01477	0.02248	0.01511	0.02371	0.01443	0.02625	0.15373	0.00615	0.48204	0.00861	0.00425	0.00984
11	0.74217	0.01776	0.01350	0.01207	0.01776	0.02060	0.00994	0.02699	0.01563	0.04120	0.01278	0.01492	0.00994	0.00852	0.00568	0.00284	0.00710	0.00497	0.00568	0.00994
12	0.02291	0.01144	0.01554	0.01386	0.01742	0.01115	0.01090	0.02650	0.02103	0.22690	0.11965	0.06622	0.03420	0.03247	0.22161	0.00680	0.01234	0.01118	0.10712	0.01076
13	0.01388	0.01128	0.01256	0.01225	0.01520	0.01102	0.00915	0.02143	0.14096	0.03035	0.20404	0.15231	0.28968	0.02070	0.01066	0.00314	0.00520	0.01778	0.00908	0.00932
14	0.01298	0.00956	0.01225	0.01207	0.01435	0.00883	0.00938	0.01702	0.02455	0.03374	0.45646	0.07668	0.15402	0.02040	0.01112	0.00312	0.00501	0.10033	0.00964	0.00851
15	0.03231	0.12755	0.02891	0.02193	0.02745	0.44187	0.01722	0.10549	0.06368	0.02780	0.01645	0.01812	0.01332	0.00963	0.00813	0.00241	0.01424	0.00635	0.00547	0.01167
16	0.01404	0.01076	0.01315	0.01368	0.01559	0.01093	0.00979	0.02135	0.14003	0.02996	0.19314	0.38545	0.06068	0.02285	0.01100	0.00339	0.00547	0.02043	0.00910	0.00922
17	0.74217	0.01776	0.01350	0.01207	0.01776	0.02060	0.00994	0.02699	0.01563	0.04120	0.01278	0.01492	0.00994	0.00852	0.00568	0.00284	0.00710	0.00497	0.00568	0.00994
18	0.01202	0.00889	0.01060	0.01098	0.01251	0.00815	0.00755	0.01421	0.01983	0.02620	0.20755	0.23387	0.20672	0.15744	0.01842	0.00440	0.00562	0.01921	0.00834	0.00747
19	0.02467	0.06445	0.06895	0.35475	0.04654	0.09060	0.02220	0.08107	0.02270	0.10943	0.01913	0.02333	0.01387	0.00957	0.00885	0.00284	0.01186	0.00777	0.00560	0.01183
20	0.49709	0.02494	0.14158	0.01620	0.02373	0.02183	0.01588	0.10449	0.02017	0.04100	0.01481	0.01681	0.01107	0.00891	0.00678	0.00284	0.00884	0.00579	0.00579	0.01146
21	0.01788	0.01127	0.01444	0.01379	0.01641	0.01123	0.01040	0.02348	0.08620	0.11108	0.20753	0.14787	0.05132	0.10032	0.08898	0.00522	0.00850	0.05570	0.00870	0.00967
22	0.02341	0.02092	0.02639	0.02533	0.09125	0.02554	0.01861	0.11022	0.23317	0.03381	0.02321	0.02580	0.01863	0.01318	0.01735	0.00337	0.26117	0.00894	0.00672	0.01294

[dist]
# distance from previous block
# <min> <max>
0	5

[block]
# block no. 5 follows, 18 sequences, length 7
# corresponding to MSA columns:
# 972-978
name=unknown_F
#
# <colnr> <probs for GDERKNQSTAVLIFYWHMCP>
#	G	D	E	R	K	N	Q	S	T	A	V	L	I	F	Y	W	H	M	C	P
0	0.35678	0.01659	0.01779	0.01442	0.02088	0.01669	0.01190	0.03675	0.02148	0.36294	0.02567	0.02390	0.01697	0.01009	0.00763	0.00284	0.00749	0.00731	0.00881	0.01307
1	0.01335	0.00890	0.01001	0.01001	0.01001	0.00890	0.00556	0.01335	0.01335	0.01780	0.02893	0.06009	0.03338	0.67731	0.04673	0.00890	0.00890	0.01335	0.00556	0.00556
2	0.01462	0.00953	0.01230	0.01216	0.01415	0.00897	0.00880	0.01745	0.02097	0.07571	0.25389	0.21094	0.12097	0.09350	0.07896	0.00494	0.00742	0.01762	0.00865	0.00846
3	0.02145	0.01738	0.02402	0.10314	0.14934	0.01533	0.01647	0.02602	0.01995	0.07952	0.01820	0.02151	0.01439	0.00777	0.00777	0.00198	0.00841	0.00666	0.00559	0.43510
4	0.01929	0.01584	0.02401	0.18648	0.15372	0.01712	0.04931	0.05508	0.05197	0.02950	0.02392	0.03455	0.02064	0.09411	0.01357	0.00358	0.00954	0.03390	0.15312	0.01075
5	0.02569	0.16046	0.11110	0.03705	0.31209	0.05759	0.02379	0.03086	0.02126	0.10842	0.01865	0.02149	0.01457	0.00868	0.00837	0.00259	0.01091	0.00736	0.00527	0.01379
6	0.02305	0.21498	0.16958	0.02170	0.02966	0.10323	0.06534	0.03043	0.07938	0.02663	0.01706	0.01970	0.01379	0.00930	0.00972	0.00255	0.06637	0.00681	0.00479	0.08595

[dist]
# distance from previous block
# <min> <max>
2	37

[block]
# block no. 6 follows, 18 sequences, length 17
# corresponding to MSA columns:
# 1016-1032
name=unknown_G
#
# <colnr> <probs for GDERKNQSTAVLIFYWHMCP>
#	G	D	E	R	K	N	Q	S	T	A	V	L	I	F	Y	W	H	M	C	P
0	0.02294	0.07997	0.02277	0.01936	0.07317	0.01914	0.01410	0.03592	0.26441	0.11003	0.09364	0.03851	0.08683	0.01275	0.00908	0.00278	0.00732	0.01063	0.00837	0.06829
1	0.09242	0.11902	0.14859	0.02212	0.08457	0.10908	0.01893	0.02921	0.02049	0.08005	0.01834	0.04401	0.01503	0.00925	0.00779	0.00239	0.01045	0.00705	0.00538	0.15584
2	0.01598	0.00983	0.01303	0.01295	0.01519	0.00914	0.00946	0.01890	0.02063	0.09870	0.18963	0.32302	0.05561	0.02635	0.07246	0.00432	0.00728	0.01843	0.03772	0.04138
3	0.02107	0.02208	0.08483	0.08288	0.03127	0.07894	0.12931	0.02584	0.02084	0.07788	0.11841	0.07780	0.02987	0.04301	0.01469	0.00339	0.10961	0.01129	0.00621	0.01078
4	0.02150	0.01691	0.02402	0.06084	0.18483	0.01515	0.01715	0.02603	0.02052	0.08773	0.02316	0.03364	0.02030	0.01041	0.00863	0.00238	0.00854	0.08591	0.00614	0.32623
5	0.74217	0.01776	0.01350	0.01207	0.01776	0.02060	0.00994	0.02699	0.01563	0.04120	0.01278	0.01492	0.00994	0.00852	0.00568	0.00284	0.00710	0.00497	0.00568	0.00994
6	0.02187	0.02166	0.04056	0.12909	0.04316	0.02195	0.34432	0.07823	0.07986	0.03224	0.02133	0.02622	0.01601	0.00896	0.00991	0.00298	0.01275	0.00996	0.06673	0.01221
7	0.01726	0.01604	0.02531	0.02039	0.02434	0.01664	0.12553	0.02133	0.02003	0.02899	0.17739	0.11283	0.03824	0.01500	0.01478	0.00302	0.16263	0.01257	0.00655	0.14112
8	0.01568	0.01141	0.01519	0.01436	0.01548	0.01281	0.01058	0.01778	0.01732	0.05660	0.13517	0.13922	0.04097	0.20971	0.12290	0.00674	0.12905	0.01408	0.00676	0.00819
9	0.01463	0.08153	0.12644	0.01445	0.01787	0.01335	0.01272	0.01740	0.01641	0.02215	0.03251	0.25747	0.03668	0.26849	0.02386	0.00536	0.00862	0.01570	0.00611	0.00827
10	0.01662	0.00958	0.01108	0.01048	0.01234	0.00911	0.00721	0.01899	0.01897	0.08358	0.14242	0.05509	0.09022	0.27577	0.02375	0.00509	0.00648	0.01292	0.18231	0.00800
11	0.02723	0.01645	0.01856	0.01555	0.02035	0.05983	0.01230	0.09232	0.06178	0.24111	0.27321	0.04483	0.04796	0.01432	0.00983	0.00283	0.00723	0.01201	0.01000	0.01231
12	0.01258	0.00937	0.01170	0.01112	0.01346	0.00849	0.00834	0.01653	0.02502	0.03451	0.51458	0.07240	0.18869	0.01963	0.01083	0.00293	0.00439	0.01714	0.00980	0.00849
13	0.02065	0.08350	0.02298	0.01800	0.02178	0.11629	0.06652	0.07033	0.02292	0.05237	0.09933	0.29028	0.04119	0.01826	0.01009	0.00306	0.00894	0.01604	0.00744	0.01002
14	0.05772	0.07845	0.02435	0.01790	0.02418	0.05577	0.01456	0.20579	0.14074	0.12420	0.02706	0.07398	0.02153	0.01184	0.00871	0.00269	0.00874	0.00935	0.00827	0.08418
15	0.01502	0.01105	0.01370	0.01330	0.01592	0.01072	0.01042	0.07264	0.02532	0.03435	0.33268	0.13201	0.13764	0.02076	0.01110	0.00323	0.00579	0.11592	0.00936	0.00907
16	0.03024	0.09178	0.03104	0.03212	0.19337	0.41632	0.02049	0.03352	0.02397	0.02450	0.01493	0.01813	0.01258	0.00897	0.00830	0.00243	0.01441	0.00646	0.00461	0.01183

[dist]
# distance from previous block
# <min> <max>
1	9

[block]
# block no. 7 follows, 18 sequences, length 11
# corresponding to MSA columns:
# 1042-1052
name=unknown_H
#
# <colnr> <probs for GDERKNQSTAVLIFYWHMCP>
#	G	D	E	R	K	N	Q	S	T	A	V	L	I	F	Y	W	H	M	C	P
0	0.17069	0.02070	0.02251	0.02224	0.09368	0.02332	0.01576	0.14365	0.31050	0.04164	0.02715	0.02669	0.02045	0.01089	0.00854	0.00295	0.00820	0.00863	0.00801	0.01381
1	0.19598	0.01714	0.01772	0.01489	0.02042	0.01793	0.01177	0.09963	0.14725	0.11668	0.03208	0.03360	0.07937	0.06528	0.01132	0.00324	0.00746	0.00928	0.00791	0.09104
2	0.02475	0.30211	0.16499	0.02018	0.02771	0.02914	0.02048	0.09415	0.02136	0.06827	0.01610	0.01869	0.01299	0.01016	0.01158	0.00270	0.13046	0.00657	0.00505	0.01256
3	0.02202	0.01758	0.02687	0.25774	0.18367	0.01771	0.02075	0.02712	0.02013	0.10022	0.01898	0.02341	0.01445	0.00856	0.00852	0.00249	0.00991	0.00756	0.00545	0.20686
4	0.12302	0.02048	0.02321	0.01800	0.02504	0.02117	0.01487	0.29044	0.03268	0.29700	0.02694	0.02509	0.01795	0.01087	0.00878	0.00280	0.00877	0.00828	0.00969	0.01493
5	0.01745	0.01648	0.02705	0.02168	0.02641	0.01666	0.18576	0.02610	0.12595	0.03150	0.18864	0.09137	0.11199	0.01538	0.01186	0.00315	0.05002	0.01421	0.00762	0.01073
6	0.01922	0.01444	0.02021	0.02417	0.16092	0.01448	0.01475	0.02698	0.12425	0.08599	0.20481	0.17026	0.04816	0.01649	0.01019	0.00306	0.00693	0.01476	0.00844	0.01148
7	0.01993	0.01449	0.02062	0.01642	0.02160	0.01302	0.08057	0.06344	0.02463	0.10405	0.25256	0.07233	0.08505	0.01432	0.00975	0.00264	0.00707	0.01278	0.00841	0.15633
8	0.01918	0.01699	0.02624	0.08589	0.31438	0.01718	0.01995	0.06279	0.02250	0.03087	0.10275	0.11506	0.09960	0.01402	0.00984	0.00294	0.00875	0.01270	0.00646	0.01190
9	0.03339	0.01890	0.02409	0.02231	0.09616	0.01894	0.01604	0.17194	0.10138	0.30769	0.06745	0.03076	0.02475	0.01150	0.00932	0.00284	0.00845	0.00949	0.00969	0.01491
10	0.01207	0.00877	0.01138	0.01196	0.01346	0.00808	0.00850	0.01508	0.02198	0.03021	0.33526	0.33553	0.10664	0.02344	0.01122	0.00327	0.00479	0.02096	0.00932	0.00808

[dist]
# distance from previous block
# <min> <max>
0	13

[block]
# block no. 8 follows, 18 sequences, length 35
# corresponding to MSA columns:
# 1066-1100
name=unknown_I
#
# <colnr> <probs for GDERKNQSTAVLIFYWHMCP>
#	G	D	E	R	K	N	Q	S	T	A	V	L	I	F	Y	W	H	M	C	P
0	0.47073	0.01922	0.01706	0.01487	0.02062	0.02212	0.01203	0.09948	0.17206	0.04245	0.02029	0.02080	0.01533	0.00985	0.00705	0.00290	0.00750	0.00677	0.00705	0.01181
1	0.02247	0.33197	0.19187	0.01925	0.02765	0.02765	0.02039	0.07281	0.06852	0.02846	0.02072	0.02866	0.01824	0.01078	0.00798	0.00263	0.01045	0.07184	0.00531	0.01238
2	0.08721	0.11303	0.02686	0.01917	0.02494	0.10163	0.01609	0.22955	0.02889	0.10421	0.02307	0.03036	0.01912	0.01231	0.01029	0.00288	0.05753	0.07268	0.00742	0.01277
3	0.01763	0.01340	0.01579	0.01438	0.01739	0.01394	0.01054	0.09189	0.09863	0.02861	0.03012	0.13465	0.03012	0.20299	0.14709	0.00685	0.01121	0.01259	0.00683	0.09532
4	0.02117	0.07256	0.02628	0.01967	0.02565	0.02098	0.09099	0.03749	0.33549	0.03458	0.09884	0.03356	0.02996	0.01149	0.00912	0.00277	0.00818	0.01012	0.00787	0.10324
5	0.01212	0.00885	0.01160	0.01346	0.01474	0.00833	0.01002	0.01451	0.01896	0.02470	0.05537	0.44549	0.12809	0.02716	0.01187	0.00378	0.00608	0.16859	0.00851	0.00776
6	0.02959	0.02321	0.02825	0.07985	0.16250	0.04938	0.01981	0.27941	0.11006	0.08946	0.02338	0.02455	0.01719	0.01040	0.00915	0.00281	0.01016	0.00851	0.00774	0.01459
7	0.08531	0.02206	0.02948	0.02292	0.02952	0.02384	0.12503	0.22225	0.14277	0.11578	0.02471	0.02542	0.01792	0.01089	0.01079	0.00300	0.05741	0.00902	0.00797	0.01393
8	0.01145	0.00818	0.01096	0.01309	0.01373	0.00768	0.00898	0.01324	0.01784	0.02373	0.05046	0.62998	0.06015	0.02852	0.01179	0.00377	0.00555	0.06484	0.00852	0.00753
9	0.02269	0.01997	0.03099	0.03587	0.27592	0.02031	0.08749	0.13671	0.04969	0.03630	0.11173	0.07744	0.02946	0.01196	0.00978	0.00289	0.00975	0.01118	0.00679	0.01310
10	0.02050	0.01459	0.01770	0.01381	0.02033	0.01147	0.01077	0.02402	0.01973	0.10946	0.02576	0.14889	0.02410	0.01174	0.00810	0.00203	0.00665	0.01001	0.00685	0.49351
11	0.74217	0.01776	0.01350	0.01207	0.01776	0.02060	0.00994	0.02699	0.01563	0.04120	0.01278	0.01492	0.00994	0.00852	0.00568	0.00284	0.00710	0.00497	0.00568	0.00994
12	0.01398	0.00996	0.01367	0.01524	0.01683	0.01010	0.01242	0.01722	0.01888	0.02494	0.04317	0.15376	0.04736	0.11952	0.09576	0.00612	0.01018	0.35535	0.00763	0.00792
13	0.01213	0.00866	0.01173	0.01386	0.01480	0.00827	0.01016	0.01441	0.01851	0.02449	0.05009	0.52339	0.05867	0.02788	0.01197	0.00386	0.00614	0.16475	0.00851	0.00772
14	0.01333	0.00997	0.01254	0.01297	0.01474	0.00979	0.00930	0.01897	0.09071	0.03084	0.28633	0.34231	0.06773	0.02263	0.01106	0.00330	0.00514	0.02024	0.00929	0.00881
15	0.03026	0.09087	0.10115	0.02706	0.10335	0.35760	0.02077	0.10885	0.02632	0.02892	0.01580	0.01826	0.01265	0.00930	0.00836	0.00250	0.01408	0.00654	0.00514	0.01225
16	0.20741	0.01256	0.01392	0.01236	0.01627	0.01251	0.00970	0.02406	0.02314	0.13168	0.34531	0.04941	0.07717	0.01509	0.00923	0.00288	0.00562	0.01250	0.00909	0.01007
17	0.01998	0.01535	0.02220	0.27220	0.07368	0.01682	0.01788	0.09023	0.02429	0.07895	0.18089	0.04129	0.08201	0.01315	0.00974	0.00294	0.00888	0.01137	0.00722	0.01094
18	0.01254	0.00937	0.01164	0.01107	0.01344	0.00847	0.00830	0.01644	0.02491	0.03426	0.50408	0.07280	0.19934	0.01973	0.01083	0.00293	0.00440	0.01720	0.00977	0.00847
19	0.02521	0.20218	0.27787	0.02265	0.03227	0.02731	0.02392	0.10894	0.11826	0.03443	0.02198	0.02422	0.01717	0.01100	0.00912	0.00310	0.01164	0.00783	0.00634	0.01458
20	0.02647	0.24340	0.23063	0.02135	0.03097	0.02535	0.06290	0.07715	0.02261	0.14694	0.01978	0.02083	0.01436	0.00908	0.00810	0.00259	0.01108	0.00708	0.00586	0.01348
21	0.01276	0.00943	0.01223	0.01167	0.01388	0.00889	0.00880	0.01674	0.02407	0.03359	0.48475	0.06701	0.14022	0.02524	0.08568	0.00432	0.00678	0.01612	0.00931	0.00850
22	0.01514	0.00925	0.01259	0.01338	0.01497	0.00881	0.00952	0.01740	0.01884	0.09575	0.08648	0.46534	0.05298	0.03140	0.09661	0.00506	0.00816	0.02120	0.00849	0.00862
23	0.02667	0.02545	0.12143	0.03722	0.30008	0.02200	0.02411	0.13562	0.07205	0.11132	0.02204	0.02410	0.01642	0.00953	0.00909	0.00280	0.01048	0.00830	0.00655	0.01473
24	0.03430	0.04376	0.02602	0.02365	0.02839	0.64045	0.01774	0.03666	0.02602	0.02247	0.01419	0.01656	0.01183	0.00946	0.00828	0.00237	0.01656	0.00591	0.00473	0.01064
25	0.74217	0.01776	0.01350	0.01207	0.01776	0.02060	0.00994	0.02699	0.01563	0.04120	0.01278	0.01492	0.00994	0.00852	0.00568	0.00284	0.00710	0.00497	0.00568	0.00994
26	0.01898	0.01009	0.01332	0.01343	0.01588	0.00905	0.00969	0.02114	0.02012	0.18065	0.05030	0.45725	0.09590	0.02378	0.01100	0.00345	0.00592	0.02116	0.00926	0.00961
27	0.02549	0.01831	0.02382	0.14428	0.03149	0.01988	0.05134	0.24353	0.02851	0.08547	0.02557	0.08032	0.02130	0.06039	0.01190	0.00330	0.00951	0.01033	0.09317	0.01211
28	0.01238	0.00891	0.01172	0.01197	0.01358	0.00825	0.00862	0.01579	0.02314	0.03228	0.42370	0.27302	0.07785	0.02216	0.01113	0.00317	0.00467	0.01983	0.00957	0.00825
29	0.03055	0.11897	0.02831	0.02062	0.02673	0.21807	0.01664	0.21785	0.16302	0.03751	0.02187	0.02215	0.01677	0.01044	0.00849	0.00261	0.01142	0.00757	0.00713	0.01331
30	0.01324	0.00899	0.01070	0.01125	0.01159	0.00891	0.00712	0.01398	0.01490	0.01978	0.03433	0.14834	0.03952	0.50790	0.03773	0.00762	0.00836	0.08323	0.00633	0.00618
31	0.01634	0.01554	0.01702	0.01702	0.01795	0.09188	0.01262	0.01814	0.01774	0.02298	0.03625	0.42383	0.04224	0.02312	0.01597	0.00363	0.17333	0.01898	0.00690	0.00851
32	0.32493	0.01869	0.01874	0.09161	0.02613	0.02180	0.01400	0.05467	0.26817	0.03845	0.02403	0.02456	0.01814	0.01037	0.00778	0.00298	0.00788	0.00777	0.00717	0.01213
33	0.15664	0.01052	0.01143	0.01170	0.01316	0.01114	0.00790	0.01626	0.01507	0.02430	0.03088	0.20760	0.03465	0.30453	0.09960	0.00705	0.00947	0.01461	0.00628	0.00723
34	0.01575	0.01122	0.01262	0.01183	0.01351	0.01127	0.00795	0.09180	0.02017	0.02681	0.10736	0.10753	0.11236	0.37602	0.03014	0.00622	0.00771	0.01481	0.00720	0.00772

[dist]
# distance from previous block
# <min> <max>
0	2

[block]
# block no. 9 follows, 18 sequences, length 11
# corresponding to MSA columns:
# 1103-1113
name=unknown_J
#
# <colnr> <probs for GDERKNQSTAVLIFYWHMCP>
#	G	D	E	R	K	N	Q	S	T	A	V	L	I	F	Y	W	H	M	C	P
0	0.56142	0.01721	0.01551	0.01317	0.01922	0.01877	0.01086	0.03157	0.01837	0.19209	0.01883	0.01913	0.01324	0.00926	0.00660	0.00284	0.00729	0.00607	0.00715	0.01141
1	0.02363	0.07466	0.08983	0.01696	0.02293	0.01928	0.01509	0.05611	0.25046	0.11757	0.09473	0.03388	0.02951	0.01192	0.00875	0.00279	0.00766	0.00974	0.10152	0.01297
2	0.01245	0.00936	0.01152	0.01098	0.01339	0.00843	0.00824	0.01628	0.02471	0.03379	0.48352	0.07357	0.22020	0.01990	0.01084	0.00294	0.00441	0.01730	0.00971	0.00843
3	0.02138	0.26524	0.23494	0.01964	0.02814	0.02555	0.02120	0.08752	0.02083	0.02804	0.01735	0.02128	0.01434	0.02044	0.13158	0.00487	0.01401	0.00687	0.00468	0.01210
4	0.01641	0.01866	0.10761	0.02081	0.02510	0.01626	0.11557	0.02113	0.01719	0.02519	0.02428	0.10008	0.02295	0.05410	0.21730	0.00713	0.09914	0.01115	0.07017	0.00978
5	0.02776	0.12749	0.09639	0.02306	0.02922	0.36641	0.06548	0.03166	0.02263	0.02352	0.01579	0.01950	0.01323	0.01575	0.07990	0.00383	0.01612	0.00672	0.00454	0.01099
6	0.02192	0.02315	0.02785	0.02405	0.02466	0.10723	0.01979	0.02398	0.01561	0.02215	0.01233	0.01963	0.01202	0.01522	0.02731	0.00380	0.57731	0.00776	0.00411	0.01012
7	0.01273	0.00923	0.01234	0.01427	0.01572	0.00884	0.01112	0.01554	0.01943	0.02532	0.05356	0.37111	0.10732	0.02679	0.01206	0.00389	0.00663	0.25767	0.00849	0.00792
8	0.12753	0.09475	0.02866	0.02520	0.14144	0.02484	0.01747	0.26658	0.02918	0.04250	0.01807	0.02000	0.01394	0.00923	0.00801	0.00249	0.00939	0.00706	0.00673	0.10694
9	0.12111	0.02528	0.08874	0.14542	0.03088	0.18613	0.01739	0.02527	0.01981	0.02606	0.02386	0.17471	0.02403	0.03975	0.01046	0.00321	0.01109	0.01139	0.00557	0.00984
10	0.01736	0.01520	0.02034	0.14038	0.02841	0.01515	0.01452	0.02137	0.01898	0.02788	0.09619	0.08539	0.02680	0.01208	0.01147	0.00247	0.09817	0.00964	0.00586	0.33235

[dist]
# distance from previous block
# <min> <max>
2	12

[block]
# block no. 10 follows, 18 sequences, length 8
# corresponding to MSA columns:
# 1126-1133
name=unknown_K
#
# <colnr> <probs for GDERKNQSTAVLIFYWHMCP>
#	G	D	E	R	K	N	Q	S	T	A	V	L	I	F	Y	W	H	M	C	P
0	0.12172	0.01554	0.08718	0.13148	0.02544	0.01364	0.01450	0.01824	0.01453	0.02252	0.01562	0.02440	0.01390	0.02164	0.02345	0.40815	0.00928	0.00743	0.00424	0.00711
1	0.02216	0.01964	0.07341	0.22380	0.03790	0.06401	0.06519	0.02716	0.02093	0.13271	0.02865	0.12765	0.02594	0.01417	0.00999	0.00319	0.01071	0.07512	0.00662	0.01105
2	0.02865	0.08267	0.12238	0.13756	0.07342	0.01916	0.02009	0.05595	0.02285	0.26148	0.02407	0.02482	0.01658	0.00968	0.00866	0.00270	0.00995	0.00788	0.00720	0.06427
3	0.02491	0.01780	0.02463	0.18261	0.11928	0.01923	0.01870	0.12713	0.09256	0.13339	0.02829	0.12111	0.02389	0.01298	0.00957	0.00303	0.00934	0.01126	0.00752	0.01278
4	0.01445	0.01094	0.01365	0.01383	0.01544	0.01189	0.00985	0.02066	0.12300	0.02416	0.03478	0.20769	0.03626	0.19314	0.21888	0.00834	0.01264	0.01503	0.00683	0.00854
5	0.02105	0.02294	0.11555	0.40465	0.09632	0.02209	0.02549	0.12594	0.02314	0.03093	0.01744	0.02317	0.01293	0.00937	0.00911	0.00296	0.01195	0.00798	0.00500	0.01199
6	0.02325	0.01777	0.02595	0.03250	0.27089	0.01763	0.01874	0.03170	0.12864	0.11831	0.09569	0.07467	0.02965	0.01195	0.00938	0.00280	0.00836	0.01073	0.00739	0.06400
7	0.60939	0.01749	0.01607	0.12989	0.02609	0.02056	0.01279	0.02634	0.01613	0.03795	0.01343	0.01667	0.01036	0.00864	0.00632	0.00288	0.00804	0.00556	0.00539	0.00999

[dist]
# distance from previous block
# <min> <max>
0	8

[block]
# block no. 11 follows, 18 sequences, length 32
# corresponding to MSA columns:
# 1142-1173
name=unknown_L
#
# <colnr> <probs for GDERKNQSTAVLIFYWHMCP>
#	G	D	E	R	K	N	Q	S	T	A	V	L	I	F	Y	W	H	M	C	P
0	0.01898	0.09111	0.07643	0.01958	0.02465	0.01587	0.09280	0.02364	0.02088	0.08257	0.03955	0.12626	0.07211	0.01850	0.01080	0.00346	0.00938	0.23578	0.00732	0.01032
1	0.02126	0.08138	0.03135	0.03852	0.36417	0.02091	0.02131	0.02879	0.09949	0.02977	0.02798	0.03058	0.08346	0.01030	0.00883	0.00263	0.00926	0.00919	0.00566	0.07515
2	0.28280	0.01379	0.01406	0.01298	0.01667	0.01456	0.00980	0.05774	0.01963	0.10465	0.07882	0.18120	0.03343	0.10526	0.01374	0.00387	0.00696	0.01275	0.00760	0.00969
3	0.01860	0.01802	0.03132	0.37204	0.19978	0.01990	0.08734	0.02438	0.01963	0.02593	0.02398	0.03003	0.06943	0.01008	0.00950	0.00298	0.01155	0.00951	0.00468	0.01133
4	0.12875	0.01578	0.01896	0.01525	0.02148	0.01493	0.01235	0.03774	0.09413	0.35401	0.09620	0.03245	0.02795	0.01152	0.00872	0.00274	0.00717	0.00927	0.00966	0.08097
5	0.01734	0.01632	0.02754	0.65524	0.06324	0.02040	0.02550	0.02346	0.01836	0.02346	0.01632	0.02448	0.01224	0.00918	0.00918	0.00306	0.01224	0.00816	0.00408	0.01020
6	0.01154	0.00933	0.01025	0.01002	0.01282	0.00804	0.00751	0.01450	0.02254	0.02864	0.25962	0.08205	0.44731	0.02182	0.01084	0.00303	0.00455	0.01849	0.00903	0.00804
7	0.01305	0.01016	0.01203	0.01216	0.01459	0.00964	0.00911	0.01829	0.07813	0.02993	0.24521	0.19311	0.23821	0.02200	0.01100	0.00324	0.00520	0.05713	0.00911	0.00869
8	0.11964	0.01682	0.01899	0.01604	0.02131	0.01740	0.01308	0.19593	0.02778	0.19270	0.03090	0.08978	0.02572	0.01388	0.00903	0.00296	0.00783	0.07128	0.09638	0.01254
9	0.01224	0.00936	0.01123	0.01076	0.01325	0.00834	0.00807	0.01587	0.02421	0.03259	0.43127	0.07555	0.27320	0.02035	0.01084	0.00296	0.00444	0.01758	0.00955	0.00834
10	0.02264	0.50966	0.03796	0.01387	0.02026	0.02920	0.01332	0.02593	0.01881	0.02485	0.01718	0.01974	0.01480	0.00859	0.00603	0.00201	0.00840	0.00585	0.18996	0.01095
11	0.01975	0.01478	0.03989	0.03989	0.02171	0.01389	0.01315	0.04422	0.07449	0.10490	0.09123	0.03430	0.02776	0.03291	0.24673	0.00709	0.01396	0.00954	0.00690	0.14290
12	0.02650	0.01781	0.02164	0.02081	0.08878	0.01827	0.01474	0.17516	0.12108	0.15667	0.08954	0.06073	0.11961	0.01412	0.00969	0.00292	0.00779	0.01179	0.00908	0.01325
13	0.02913	0.02777	0.06041	0.02041	0.02647	0.18081	0.01675	0.10454	0.28523	0.10849	0.02828	0.02706	0.02081	0.01116	0.00900	0.00284	0.01043	0.00863	0.00805	0.01373
14	0.02168	0.02086	0.03484	0.13362	0.47229	0.02239	0.02683	0.02680	0.01973	0.02815	0.01651	0.02264	0.01393	0.00927	0.01165	0.00293	0.08988	0.00816	0.00442	0.01341
15	0.02464	0.02096	0.05466	0.02801	0.08705	0.01964	0.21296	0.09402	0.08130	0.12388	0.10447	0.03405	0.04821	0.01120	0.01003	0.00295	0.01058	0.01094	0.00744	0.01303
16	0.01188	0.00934	0.01072	0.01038	0.01303	0.00819	0.00778	0.01516	0.02335	0.03056	0.34306	0.07889	0.36268	0.02111	0.01084	0.00300	0.00450	0.01805	0.00928	0.00819
17	0.01854	0.01357	0.01785	0.12969	0.02601	0.01490	0.01391	0.04635	0.12970	0.07265	0.06758	0.12127	0.03427	0.11172	0.08582	0.00532	0.01016	0.06310	0.00740	0.01018
18	0.01170	0.00831	0.01087	0.01232	0.01308	0.00780	0.00827	0.01361	0.01862	0.02520	0.14505	0.51126	0.06260	0.08762	0.01484	0.00407	0.00549	0.02329	0.00852	0.00749
19	0.03252	0.02453	0.02621	0.02064	0.02756	0.02736	0.01687	0.48250	0.15398	0.05402	0.02508	0.02446	0.01807	0.01131	0.00922	0.00283	0.00954	0.00868	0.00922	0.01540
20	0.01942	0.01501	0.01558	0.01596	0.01885	0.09532	0.01279	0.02255	0.02169	0.09830	0.04856	0.19333	0.11783	0.02191	0.01124	0.00356	0.00837	0.24208	0.00833	0.00933
21	0.02836	0.01608	0.02410	0.14458	0.03228	0.01608	0.06884	0.03526	0.09311	0.29837	0.03273	0.11642	0.02563	0.01309	0.00972	0.00306	0.00900	0.01160	0.00867	0.01301
22	0.02123	0.01569	0.01971	0.09209	0.02625	0.01372	0.01303	0.05903	0.02106	0.09681	0.02355	0.10966	0.02097	0.01084	0.00817	0.00214	0.00758	0.00917	0.00659	0.42272
23	0.02068	0.01913	0.02569	0.02221	0.02317	0.02537	0.01820	0.08965	0.01807	0.02662	0.01849	0.10859	0.01908	0.01718	0.02510	0.00383	0.49282	0.01051	0.00526	0.01037
24	0.01328	0.01048	0.01214	0.01203	0.01459	0.01005	0.00889	0.01935	0.10095	0.03050	0.25612	0.18954	0.24509	0.02134	0.01081	0.00315	0.00503	0.01854	0.00918	0.00893
25	0.01477	0.01522	0.08820	0.01500	0.01862	0.01204	0.01302	0.02223	0.10131	0.03255	0.29971	0.18478	0.06138	0.01932	0.01071	0.00321	0.00641	0.06295	0.00878	0.00979
26	0.10602	0.02718	0.07602	0.02149	0.02528	0.18152	0.01837	0.02873	0.01895	0.08131	0.01613	0.02061	0.01342	0.01585	0.05726	0.00395	0.26462	0.00727	0.00512	0.01089
27	0.01245	0.00888	0.01193	0.01359	0.01473	0.00848	0.01007	0.01504	0.01949	0.02610	0.12581	0.41952	0.06119	0.05031	0.01313	0.00393	0.00614	0.16277	0.00861	0.00781
28	0.02264	0.05876	0.03360	0.20860	0.04095	0.01928	0.19971	0.02775	0.02018	0.12935	0.02290	0.04999	0.01868	0.09068	0.01415	0.00370	0.01174	0.01020	0.00584	0.01129
29	0.09017	0.01405	0.01743	0.01577	0.01966	0.01480	0.01271	0.02988	0.10606	0.17988	0.12336	0.07015	0.03713	0.02223	0.08763	0.00463	0.04932	0.08520	0.00861	0.01133
30	0.02082	0.02460	0.15987	0.01739	0.02669	0.01629	0.01695	0.09317	0.02205	0.03312	0.01705	0.01948	0.01339	0.00775	0.00753	0.00188	0.00875	0.00609	0.00554	0.48159
31	0.02126	0.05090	0.21628	0.01970	0.02822	0.01899	0.03995	0.13585	0.02338	0.03333	0.02075	0.06377	0.01807	0.07228	0.01203	0.00306	0.01014	0.00861	0.00580	0.19763

[dist]
# distance from previous block
# <min> <max>
2	4

[block]
# block no. 12 follows, 18 sequences, length 6
# corresponding to MSA columns:
# 1178-1183
name=unknown_M
#
# <colnr> <probs for GDERKNQSTAVLIFYWHMCP>
#	G	D	E	R	K	N	Q	S	T	A	V	L	I	F	Y	W	H	M	C	P
