[name]
unknown

[dist]
# distance from previous block
# <min> <max>
0	850

[block]
# block no. 0 follows, 24 sequences, length 18
# corresponding to MSA columns:
# 854-871
name=unknown_A
#
# <colnr> <probs for GDERKNQSTAVLIFYWHMCP>
#	G	D	E	R	K	N	Q	S	T	A	V	L	I	F	Y	W	H	M	C	P
0	0.01339	0.01048	0.01456	0.01783	0.12165	0.01031	0.01113	0.06686	0.01866	0.02525	0.10914	0.39785	0.07121	0.01925	0.00950	0.00293	0.00580	0.05896	0.00699	0.00822
1	0.01645	0.01659	0.02701	0.36493	0.08440	0.06362	0.14306	0.02134	0.01652	0.02129	0.01558	0.02226	0.01249	0.01613	0.12043	0.00425	0.01307	0.00761	0.00381	0.00918
2	0.01282	0.01077	0.01655	0.12413	0.14593	0.01128	0.01350	0.01585	0.01582	0.02131	0.03251	0.28161	0.07741	0.02403	0.12125	0.00452	0.00929	0.04768	0.00560	0.00815
3	0.02061	0.01627	0.01980	0.01679	0.02070	0.06011	0.07980	0.23796	0.02422	0.06807	0.02926	0.31085	0.02974	0.01554	0.00895	0.00274	0.00777	0.01373	0.00712	0.00995
4	0.02277	0.01026	0.01346	0.01173	0.01529	0.00920	0.00911	0.02571	0.02020	0.32932	0.14728	0.17409	0.03636	0.01395	0.00829	0.00253	0.00531	0.01201	0.12311	0.01005
5	0.01961	0.11578	0.20034	0.07242	0.11264	0.01886	0.15883	0.02542	0.01833	0.10197	0.06479	0.02229	0.01680	0.00813	0.00787	0.00242	0.01011	0.00754	0.00475	0.01109
6	0.01572	0.06320	0.26052	0.01958	0.02496	0.01832	0.05461	0.02066	0.01507	0.02179	0.01748	0.02847	0.01624	0.06463	0.07185	0.00406	0.19607	0.07333	0.00403	0.00942
7	0.34135	0.01337	0.01387	0.01157	0.01662	0.01340	0.00945	0.02775	0.01809	0.30107	0.03090	0.02921	0.12186	0.01048	0.00692	0.00249	0.00604	0.00788	0.00736	0.01032
8	0.10735	0.02244	0.19359	0.01639	0.02356	0.01665	0.01627	0.14812	0.05635	0.22792	0.02608	0.02520	0.06569	0.00974	0.00763	0.00248	0.00814	0.00759	0.00692	0.01190
9	0.02185	0.02504	0.27021	0.02747	0.21858	0.01607	0.02193	0.02767	0.01869	0.19585	0.02080	0.04588	0.01589	0.00904	0.00794	0.00251	0.00935	0.02764	0.00548	0.01211
10	0.03558	0.01350	0.01840	0.01411	0.02024	0.01166	0.01166	0.03865	0.02270	0.67734	0.03128	0.02699	0.01963	0.00981	0.00797	0.00245	0.00675	0.00797	0.00981	0.01350
11	0.01041	0.00758	0.00997	0.01160	0.01264	0.00714	0.00856	0.01242	0.01626	0.02124	0.04725	0.49070	0.11760	0.02360	0.01025	0.00327	0.00521	0.17028	0.00735	0.00668
12	0.01815	0.01759	0.03069	0.24541	0.44001	0.01856	0.06781	0.02318	0.01744	0.02416	0.01475	0.02021	0.01192	0.00730	0.00798	0.00246	0.01005	0.00722	0.00381	0.01129
13	0.01744	0.01468	0.01698	0.01222	0.01921	0.01159	0.00981	0.06543	0.01796	0.02759	0.01445	0.01663	0.01187	0.00614	0.00602	0.00126	0.00608	0.00488	0.00493	0.71481
14	0.01882	0.01887	0.03330	0.13925	0.08186	0.02024	0.28551	0.06103	0.12643	0.02656	0.01792	0.02203	0.01379	0.00857	0.01058	0.00272	0.08864	0.00835	0.00477	0.01076
15	0.01365	0.00990	0.01460	0.11810	0.09398	0.01003	0.01152	0.01596	0.01575	0.06728	0.03307	0.41120	0.03672	0.09521	0.01268	0.00347	0.00653	0.01622	0.00629	0.00782
16	0.01102	0.00802	0.01036	0.00994	0.01176	0.00737	0.00739	0.01450	0.02172	0.03045	0.59345	0.10398	0.10631	0.01700	0.00941	0.00255	0.00381	0.01502	0.00856	0.00737
17	0.05440	0.19006	0.10654	0.02262	0.15133	0.14663	0.01698	0.02699	0.06488	0.06879	0.02032	0.02164	0.05926	0.00867	0.00704	0.00222	0.00946	0.00666	0.00476	0.01074

[dist]
# distance from previous block
# <min> <max>
1	17

[block]
# block no. 1 follows, 24 sequences, length 11
# corresponding to MSA columns:
# 889-899
name=unknown_B
#
# <colnr> <probs for GDERKNQSTAVLIFYWHMCP>
#	G	D	E	R	K	N	Q	S	T	A	V	L	I	F	Y	W	H	M	C	P
0	0.01593	0.01451	0.02354	0.27070	0.26962	0.01543	0.01895	0.02057	0.01816	0.02520	0.15913	0.02876	0.02559	0.00933	0.00810	0.00242	0.00837	0.00854	0.00489	0.05226
1	0.01377	0.00689	0.01033	0.01033	0.01033	0.00689	0.00689	0.01033	0.01033	0.01377	0.01377	0.02410	0.01377	0.02755	0.03099	0.76928	0.00689	0.00689	0.00344	0.00344
2	0.01595	0.01754	0.08266	0.28392	0.20406	0.01660	0.09509	0.02119	0.01752	0.02370	0.06833	0.02798	0.07286	0.00918	0.00827	0.00255	0.00964	0.00860	0.00439	0.00997
3	0.02008	0.02112	0.03204	0.13145	0.30551	0.10714	0.16496	0.02629	0.06588	0.02468	0.01600	0.02029	0.01271	0.00752	0.00813	0.00245	0.01090	0.00748	0.00422	0.01116
4	0.01644	0.01409	0.01644	0.01175	0.01879	0.01057	0.00940	0.01997	0.01644	0.02584	0.01409	0.01644	0.01175	0.00587	0.00587	0.00117	0.00587	0.00470	0.00470	0.76979
5	0.01414	0.01062	0.01650	0.06919	0.10061	0.01050	0.04383	0.01716	0.01701	0.06259	0.03533	0.34221	0.03860	0.01879	0.00971	0.00310	0.00690	0.16834	0.00662	0.00825
6	0.00982	0.00758	0.00897	0.00962	0.01124	0.00673	0.00684	0.01187	0.01764	0.02276	0.16843	0.33906	0.30825	0.02138	0.00968	0.00287	0.00421	0.01873	0.00760	0.00673
7	0.03014	0.02221	0.02380	0.01825	0.02459	0.02459	0.01507	0.64541	0.03728	0.04998	0.01904	0.01904	0.01349	0.00952	0.00793	0.00238	0.00873	0.00714	0.00793	0.01349
8	0.13794	0.01493	0.01834	0.15639	0.10341	0.05554	0.01404	0.04865	0.01781	0.10713	0.02278	0.17952	0.02144	0.01182	0.00778	0.00255	0.00775	0.01004	0.00575	0.05640
9	0.01498	0.01409	0.02378	0.70226	0.05462	0.01762	0.02202	0.02026	0.01586	0.02026	0.01409	0.02114	0.01057	0.00793	0.00793	0.00264	0.01057	0.00705	0.00352	0.00881
10	0.01609	0.01572	0.02867	0.14278	0.20084	0.01571	0.19589	0.02108	0.01885	0.02585	0.16433	0.03267	0.06616	0.00993	0.00872	0.00255	0.00915	0.00993	0.00516	0.00991

[dist]
# distance from previous block
# <min> <max>
0	54

[block]
# block no. 2 follows, 24 sequences, length 18
# corresponding to MSA columns:
# 954-971
name=unknown_C
#
# <colnr> <probs for GDERKNQSTAVLIFYWHMCP>
#	G	D	E	R	K	N	Q	S	T	A	V	L	I	F	Y	W	H	M	C	P
0	0.02368	0.01287	0.01971	0.01537	0.02050	0.01137	0.11451	0.02717	0.02088	0.33746	0.11176	0.04167	0.18255	0.01251	0.00870	0.00255	0.00684	0.01105	0.00813	0.01070
1	0.03151	0.01638	0.01875	0.06387	0.02265	0.10214	0.01258	0.03465	0.02216	0.49484	0.07462	0.02727	0.02181	0.00993	0.00796	0.00242	0.00781	0.00800	0.00852	0.01214
2	0.01844	0.15633	0.02268	0.13843	0.02566	0.07561	0.01461	0.06735	0.11659	0.02549	0.06398	0.03975	0.02563	0.01233	0.00818	0.00264	0.00844	0.16249	0.00583	0.00954
3	0.01146	0.00796	0.01005	0.01046	0.01218	0.00724	0.00769	0.01395	0.01862	0.05359	0.24680	0.30201	0.18611	0.02026	0.00969	0.00287	0.00449	0.05948	0.00790	0.00719
4	0.01693	0.01609	0.02731	0.42776	0.31384	0.01813	0.02299	0.02197	0.01678	0.02263	0.01444	0.02051	0.01141	0.00757	0.00790	0.00252	0.01009	0.00705	0.00369	0.01038
5	0.01963	0.01884	0.03219	0.04867	0.67185	0.01884	0.02434	0.02434	0.01806	0.02591	0.01492	0.01963	0.01256	0.00707	0.00785	0.00236	0.00942	0.00707	0.00393	0.01256
6	0.01595	0.02074	0.18638	0.07162	0.06679	0.01624	0.09068	0.02107	0.01765	0.04823	0.17078	0.06082	0.02821	0.01152	0.01169	0.00273	0.13451	0.00948	0.00519	0.00970
7	0.03155	0.01305	0.01686	0.01323	0.01863	0.01183	0.01083	0.07846	0.02268	0.51918	0.02946	0.02687	0.01931	0.00969	0.00755	0.00234	0.00635	0.00781	0.14188	0.01243
8	0.01353	0.01003	0.01415	0.01266	0.01558	0.00915	0.07471	0.01692	0.04041	0.08186	0.13623	0.20228	0.26796	0.03775	0.01028	0.00292	0.00561	0.03266	0.00736	0.00794
9	0.01855	0.01399	0.02325	0.30092	0.09291	0.01483	0.08609	0.02309	0.01836	0.13680	0.07091	0.03376	0.06667	0.01053	0.00852	0.00265	0.00891	0.05380	0.00563	0.00981
10	0.02253	0.12155	0.14221	0.01983	0.06347	0.23618	0.01702	0.07530	0.01981	0.05356	0.01561	0.01877	0.01270	0.01696	0.12656	0.00402	0.01318	0.00614	0.00445	0.01016
11	0.66779	0.01725	0.01392	0.01390	0.06298	0.06758	0.01021	0.02400	0.01449	0.03369	0.01141	0.01347	0.00899	0.00740	0.00528	0.00242	0.00697	0.00455	0.00478	0.00892
12	0.01821	0.01493	0.01693	0.06576	0.02134	0.01684	0.01227	0.11305	0.36420	0.03117	0.03207	0.20206	0.02895	0.01396	0.00856	0.00278	0.00649	0.01203	0.00754	0.01085
13	0.01097	0.00819	0.01037	0.01028	0.01197	0.00799	0.00768	0.01359	0.01748	0.02361	0.25768	0.05783	0.18970	0.12453	0.16677	0.00564	0.00852	0.05360	0.00677	0.00683
14	0.64649	0.01927	0.01355	0.01218	0.01694	0.13532	0.00977	0.02477	0.01507	0.03275	0.01125	0.01313	0.00887	0.00750	0.00530	0.00238	0.00756	0.00444	0.00476	0.00869
15	0.15397	0.01790	0.02077	0.01986	0.09964	0.01954	0.04015	0.14884	0.27580	0.03504	0.02193	0.02215	0.01660	0.00895	0.00736	0.00244	0.00736	0.00727	0.00657	0.06784
16	0.01234	0.00738	0.00963	0.00956	0.01010	0.00715	0.00629	0.01132	0.01300	0.01723	0.10144	0.04195	0.10331	0.21218	0.02839	0.38254	0.00639	0.01019	0.00490	0.00467
17	0.01711	0.15906	0.11720	0.01775	0.02392	0.01829	0.13532	0.02489	0.12391	0.02601	0.09070	0.02871	0.06912	0.00962	0.00758	0.00230	0.00820	0.00846	0.05963	0.05222

[dist]
# distance from previous block
# <min> <max>
0	17

[block]
# block no. 3 follows, 24 sequences, length 14
# corresponding to MSA columns:
# 989-1002
name=unknown_D
#
# <colnr> <probs for GDERKNQSTAVLIFYWHMCP>
#	G	D	E	R	K	N	Q	S	T	A	V	L	I	F	Y	W	H	M	C	P
0	0.35996	0.01213	0.01188	0.01067	0.01460	0.01261	0.00845	0.02177	0.01728	0.13608	0.13880	0.08794	0.11483	0.01240	0.00719	0.00255	0.00541	0.00976	0.00689	0.00877
1	0.65386	0.01760	0.05863	0.01346	0.01911	0.01805	0.07172	0.02363	0.01422	0.03391	0.01174	0.01396	0.00902	0.00731	0.00551	0.00248	0.00720	0.00489	0.00472	0.00900
2	0.01377	0.00689	0.01033	0.01033	0.01033	0.00689	0.00689	0.01033	0.01033	0.01377	0.01377	0.02410	0.01377	0.02755	0.03099	0.76928	0.00689	0.00689	0.00344	0.00344
3	0.01742	0.25840	0.08874	0.01457	0.01887	0.12706	0.01293	0.02008	0.01684	0.02005	0.02463	0.29505	0.02710	0.01432	0.00768	0.00244	0.00819	0.01187	0.00509	0.00867
4	0.01845	0.01956	0.14263	0.01766	0.08651	0.01296	0.01482	0.02311	0.01724	0.08661	0.01581	0.01780	0.01224	0.00667	0.00658	0.00166	0.00740	0.00546	0.00485	0.48200
5	0.02270	0.02128	0.17253	0.06921	0.02929	0.01582	0.13587	0.03024	0.09582	0.23566	0.02690	0.02700	0.06184	0.00941	0.00824	0.00257	0.00915	0.00843	0.00642	0.01163
6	0.01377	0.00689	0.01033	0.01033	0.01033	0.00689	0.00689	0.01033	0.01033	0.01377	0.01377	0.02410	0.01377	0.02755	0.03099	0.76928	0.00689	0.00689	0.00344	0.00344
7	0.02120	0.72609	0.04155	0.01357	0.02035	0.03138	0.01357	0.02374	0.01611	0.01866	0.01102	0.01272	0.01018	0.00678	0.00509	0.00170	0.00848	0.00424	0.00339	0.01018
8	0.01800	0.01403	0.01898	0.16933	0.10975	0.01502	0.01456	0.11111	0.09051	0.07306	0.07385	0.11256	0.12049	0.01278	0.00850	0.00262	0.00732	0.01104	0.00649	0.01002
9	0.01676	0.01372	0.01799	0.01361	0.01927	0.01162	0.06890	0.06445	0.01901	0.05020	0.09963	0.03023	0.08554	0.04483	0.00891	0.00208	0.00647	0.00810	0.00579	0.41287
10	0.01919	0.01937	0.08451	0.03152	0.26815	0.03819	0.13800	0.02384	0.01824	0.08275	0.06143	0.09160	0.02065	0.01011	0.00961	0.00260	0.05487	0.00942	0.00504	0.01092
11	0.02387	0.01695	0.02790	0.08023	0.30831	0.01721	0.07483	0.02800	0.01879	0.22386	0.01951	0.02192	0.01432	0.00861	0.00983	0.00254	0.07809	0.00753	0.00566	0.01203
12	0.02002	0.01734	0.02232	0.06801	0.07023	0.02005	0.01551	0.18300	0.02052	0.02903	0.01842	0.02190	0.05439	0.01088	0.01422	0.00261	0.26090	0.00727	0.00513	0.13824
13	0.01937	0.01764	0.02012	0.09382	0.07448	0.12053	0.01463	0.02338	0.09299	0.05337	0.01675	0.02303	0.01458	0.06455	0.01845	0.12769	0.18410	0.00730	0.00457	0.00866

[dist]
# distance from previous block
# <min> <max>
0	21

[block]
# block no. 4 follows, 24 sequences, length 40
# corresponding to MSA columns:
# 1024-1063
name=unknown_E
#
# <colnr> <probs for GDERKNQSTAVLIFYWHMCP>
#	G	D	E	R	K	N	Q	S	T	A	V	L	I	F	Y	W	H	M	C	P
0	0.07455	0.01201	0.01321	0.01132	0.01503	0.01174	0.00888	0.13815	0.02295	0.03245	0.27769	0.04768	0.19880	0.01413	0.00838	0.00238	0.00518	0.01177	0.00753	0.08618
1	0.01201	0.00924	0.01164	0.01200	0.01456	0.00827	0.00962	0.01478	0.01719	0.02282	0.04512	0.22138	0.16294	0.01951	0.00959	0.00294	0.00579	0.25705	0.00688	0.13668
2	0.01595	0.01488	0.02405	0.53011	0.13129	0.01739	0.02092	0.02196	0.05101	0.02210	0.01519	0.02107	0.01166	0.00782	0.00778	0.00250	0.00985	0.00699	0.00391	0.06358
3	0.01787	0.01401	0.01624	0.01255	0.01859	0.01186	0.01011	0.06731	0.06176	0.06295	0.02398	0.02814	0.06890	0.00898	0.00693	0.00173	0.00611	0.04994	0.00584	0.50620
4	0.01823	0.01386	0.01634	0.01236	0.01853	0.01128	0.00978	0.06904	0.01841	0.07809	0.01920	0.09720	0.01714	0.00863	0.00668	0.00160	0.00602	0.00718	0.00565	0.56479
5	0.01963	0.01884	0.03219	0.04867	0.67185	0.01884	0.02434	0.02434	0.01806	0.02591	0.01492	0.01963	0.01256	0.00707	0.00785	0.00236	0.00942	0.00707	0.00393	0.01256
6	0.39031	0.01684	0.09040	0.01804	0.12096	0.01537	0.01316	0.02080	0.01499	0.02926	0.01968	0.17925	0.01967	0.01143	0.00690	0.00262	0.00693	0.00919	0.00515	0.00907
7	0.01791	0.01728	0.02280	0.01972	0.02077	0.02322	0.01622	0.02450	0.16364	0.02239	0.01554	0.02022	0.01365	0.01315	0.02181	0.00329	0.54236	0.00742	0.00455	0.00958
8	0.02669	0.01603	0.02506	0.03142	0.34977	0.01514	0.01790	0.03056	0.02020	0.32724	0.02452	0.02479	0.03621	0.00874	0.00796	0.00241	0.00802	0.00779	0.00676	0.01281
9	0.02123	0.05842	0.02229	0.25327	0.03252	0.30277	0.01639	0.02414	0.01793	0.01916	0.01426	0.02132	0.01260	0.09479	0.01250	0.00300	0.05434	0.00662	0.00391	0.00855
10	0.01893	0.15915	0.29830	0.02440	0.03336	0.07583	0.23070	0.02549	0.01775	0.02357	0.01409	0.01737	0.01075	0.00716	0.00767	0.00238	0.01189	0.00667	0.00364	0.01089
11	0.01675	0.01697	0.02363	0.61963	0.05097	0.09903	0.02121	0.02164	0.01666	0.02016	0.01387	0.02031	0.01053	0.00796	0.00783	0.00257	0.01102	0.00681	0.00359	0.00886
12	0.02348	0.09611	0.02463	0.09984	0.11972	0.24933	0.01633	0.03146	0.17873	0.05599	0.01864	0.02012	0.01454	0.00857	0.00740	0.00230	0.01021	0.00662	0.00520	0.01078
13	0.01489	0.02106	0.20727	0.36747	0.08673	0.01641	0.02219	0.02079	0.01647	0.02250	0.04400	0.09020	0.01735	0.00977	0.00809	0.00264	0.00994	0.00855	0.00410	0.00961
14	0.08014	0.07277	0.24469	0.01599	0.02265	0.01560	0.01665	0.02594	0.01741	0.20471	0.04969	0.02605	0.01829	0.11226	0.01288	0.00322	0.03732	0.00746	0.00572	0.01054
15	0.02046	0.19769	0.33389	0.01999	0.02898	0.02079	0.08465	0.02764	0.05129	0.11694	0.01703	0.01839	0.01239	0.00776	0.00723	0.00233	0.01012	0.00629	0.00460	0.01154
16	0.01498	0.01409	0.02378	0.70226	0.05462	0.01762	0.02202	0.02026	0.01586	0.02026	0.01409	0.02114	0.01057	0.00793	0.00793	0.00264	0.01057	0.00705	0.00352	0.00881
17	0.02026	0.01006	0.01308	0.01121	0.01449	0.00902	0.00859	0.02312	0.02078	0.27068	0.30236	0.04740	0.09025	0.10757	0.01295	0.00318	0.00541	0.01175	0.00852	0.00932
18	0.02206	0.02196	0.17911	0.02826	0.20927	0.01600	0.10708	0.02738	0.01884	0.19815	0.02160	0.07773	0.01702	0.00929	0.00820	0.00253	0.00940	0.00860	0.00565	0.01186
19	0.01845	0.01715	0.02872	0.03969	0.48579	0.01712	0.05884	0.05584	0.01865	0.02622	0.02011	0.13818	0.01936	0.01020	0.00833	0.00252	0.00880	0.00984	0.00473	0.01146
20	0.00976	0.00796	0.00864	0.00865	0.01100	0.00683	0.00642	0.01207	0.01872	0.02340	0.19453	0.12266	0.50239	0.01968	0.00943	0.00268	0.00401	0.01671	0.00764	0.00683
21	0.01810	0.14877	0.29969	0.02390	0.03285	0.02128	0.22301	0.02671	0.08253	0.02493	0.01611	0.01887	0.01215	0.00746	0.00776	0.00244	0.01115	0.00703	0.00405	0.01121
22	0.06914	0.01510	0.02031	0.02014	0.13089	0.01456	0.01380	0.03600	0.12867	0.42401	0.02760	0.02544	0.01862	0.00938	0.00781	0.00248	0.00709	0.00779	0.00826	0.01292
23	0.02872	0.02260	0.02032	0.01970	0.08725	0.27163	0.01386	0.03137	0.02128	0.28404	0.02374	0.09977	0.01903	0.01061	0.00789	0.00237	0.00967	0.00844	0.00674	0.01095
24	0.01089	0.00778	0.01061	0.01244	0.01344	0.00750	0.00949	0.01316	0.01639	0.02162	0.04303	0.46948	0.04977	0.02369	0.01045	0.00339	0.00566	0.25710	0.00734	0.00678
25	0.10335	0.04695	0.10427	0.02033	0.13169	0.01483	0.01548	0.03040	0.01992	0.33897	0.07513	0.02503	0.02018	0.00920	0.00758	0.00242	0.00760	0.00754	0.00714	0.01199
26	0.25203	0.05760	0.08937	0.01792	0.04987	0.01800	0.08534	0.09102	0.03434	0.20350	0.01875	0.01925	0.01316	0.00820	0.00700	0.00244	0.00822	0.00651	0.00620	0.01128
27	0.01775	0.01121	0.01732	0.01643	0.01971	0.01072	0.07675	0.02160	0.01915	0.14907	0.03729	0.07056	0.03723	0.01804	0.01022	0.00332	0.00781	0.43953	0.00745	0.00883
28	0.07864	0.25591	0.09226	0.01355	0.02074	0.01900	0.01294	0.02348	0.01662	0.07512	0.01419	0.01577	0.01142	0.00677	0.00587	0.00169	0.00743	0.00489	0.00454	0.31917
29	0.02229	0.06587	0.16604	0.02938	0.25942	0.01842	0.04620	0.07409	0.04787	0.14463	0.02032	0.02188	0.03102	0.00832	0.00775	0.00240	0.00920	0.00724	0.00541	0.01224
30	0.01646	0.01512	0.02513	0.15917	0.39543	0.01568	0.01997	0.02056	0.01709	0.02364	0.02182	0.16187	0.02175	0.01149	0.00847	0.00264	0.00857	0.04006	0.00470	0.01040
31	0.00969	0.00796	0.00859	0.00900	0.01129	0.00686	0.00676	0.01174	0.01768	0.02144	0.07198	0.16886	0.52993	0.02091	0.00961	0.00283	0.00437	0.06644	0.00736	0.00671
32	0.02169	0.08204	0.33310	0.02116	0.09258	0.01676	0.02102	0.02771	0.01857	0.20547	0.02348	0.02380	0.05977	0.00895	0.00763	0.00243	0.00931	0.00722	0.00549	0.01182
33	0.01852	0.17995	0.41169	0.02194	0.03174	0.02102	0.12082	0.02561	0.01724	0.05920	0.01477	0.01718	0.01090	0.00737	0.00733	0.00236	0.01103	0.00618	0.00381	0.01133
34	0.01485	0.01325	0.01726	0.01575	0.01704	0.01660	0.01246	0.02019	0.12279	0.02144	0.02609	0.10005	0.07336	0.06671	0.14338	0.00522	0.28972	0.01024	0.00519	0.00841
35	0.01712	0.01655	0.02358	0.37706	0.18264	0.08485	0.01969	0.02105	0.01633	0.02076	0.01462	0.02113	0.01196	0.01336	0.06272	0.06557	0.01122	0.00695	0.00372	0.00912
36	0.02254	0.01793	0.07696	0.10161	0.34358	0.01599	0.02004	0.02701	0.01880	0.19992	0.02094	0.06419	0.01650	0.00902	0.00801	0.00248	0.00870	0.00816	0.00563	0.01199
37	0.02379	0.07731	0.20968	0.01776	0.02516	0.01622	0.06776	0.07682	0.02114	0.25280	0.08901	0.02671	0.04085	0.00962	0.00792	0.00243	0.00860	0.00805	0.00667	0.01168
38	0.01693	0.01167	0.01784	0.12621	0.08904	0.01153	0.04584	0.02055	0.01903	0.13557	0.16045	0.13554	0.10103	0.01440	0.00897	0.00271	0.00685	0.05977	0.00691	0.00916
39	0.01741	0.05738	0.14922	0.07660	0.14611	0.01540	0.06840	0.02202	0.01683	0.08908	0.02315	0.08831	0.04804	0.05096	0.09229	0.00402	0.01061	0.00920	0.00491	0.01005

[dist]
# distance from previous block
# <min> <max>
0	3

[block]
# block no. 5 follows, 24 sequences, length 16
# corresponding to MSA columns:
# 1067-1082
name=unknown_F
#
# <colnr> <probs for GDERKNQSTAVLIFYWHMCP>
#	G	D	E	R	K	N	Q	S	T	A	V	L	I	F	Y	W	H	M	C	P
0	0.01746	0.01634	0.02687	0.03945	0.51836	0.01611	0.02025	0.02174	0.01856	0.02605	0.09740	0.03084	0.09697	0.00965	0.00820	0.00241	0.00813	0.00904	0.00488	0.01129
1	0.01638	0.01727	0.09463	0.01302	0.02062	0.01149	0.01174	0.02057	0.01648	0.02575	0.01411	0.01648	0.01155	0.00607	0.00607	0.00133	0.00656	0.00483	0.00454	0.68050
2	0.01606	0.09780	0.02301	0.02382	0.21225	0.01630	0.01479	0.01906	0.01641	0.02291	0.05159	0.15150	0.07419	0.01254	0.01051	0.00247	0.10879	0.01031	0.00500	0.11069
3	0.01843	0.01700	0.02523	0.02967	0.30435	0.01604	0.05233	0.02540	0.11058	0.02691	0.01721	0.02002	0.01393	0.00715	0.00725	0.00199	0.00790	0.00661	0.00481	0.28716
4	0.52657	0.01474	0.01400	0.01495	0.08994	0.01657	0.01012	0.02302	0.05835	0.03136	0.01499	0.02049	0.01307	0.11148	0.01062	0.00322	0.00675	0.00599	0.00500	0.00877
5	0.01083	0.00816	0.00980	0.01005	0.01168	0.00726	0.00688	0.01247	0.01564	0.02093	0.08338	0.35181	0.15843	0.15153	0.01510	0.00368	0.00516	0.01684	0.00667	0.09370
6	0.01734	0.22699	0.50685	0.02015	0.03053	0.02193	0.02503	0.02474	0.01657	0.02336	0.01336	0.01565	0.01008	0.00733	0.00687	0.00229	0.01084	0.00542	0.00336	0.01130
7	0.02070	0.10073	0.09338	0.02341	0.18201	0.06385	0.01644	0.06510	0.06990	0.10292	0.05803	0.06672	0.08199	0.01064	0.00784	0.00240	0.00822	0.00891	0.00585	0.01097
8	0.10138	0.01253	0.05480	0.09828	0.11415	0.01176	0.01286	0.01627	0.01444	0.02169	0.05058	0.16931	0.02343	0.01765	0.01510	0.23620	0.00726	0.01023	0.00476	0.00731
9	0.01164	0.00866	0.01106	0.01172	0.01299	0.00890	0.00842	0.01592	0.08908	0.02252	0.11048	0.34855	0.04409	0.10104	0.11338	0.00498	0.00765	0.05480	0.00687	0.00724
10	0.02151	0.12472	0.02791	0.03041	0.30409	0.16706	0.01799	0.06010	0.03737	0.02434	0.01778	0.09749	0.01665	0.00955	0.00757	0.00230	0.00968	0.00805	0.00462	0.01082
11	0.01936	0.02279	0.22320	0.23429	0.11653	0.01636	0.02161	0.02524	0.01758	0.13082	0.01706	0.02012	0.01226	0.00781	0.00761	0.00239	0.00970	0.00661	0.00467	0.08398
12	0.01630	0.05193	0.08134	0.01850	0.08610	0.06097	0.01425	0.04054	0.12894	0.02561	0.07867	0.15986	0.03194	0.01732	0.04921	0.00337	0.00842	0.11101	0.00625	0.00947
13	0.02001	0.24704	0.02547	0.01475	0.01945	0.01902	0.04865	0.07885	0.07393	0.10227	0.07549	0.15443	0.02782	0.01267	0.00779	0.00245	0.00724	0.04627	0.00637	0.01002
14	0.01907	0.01583	0.05886	0.25475	0.11586	0.01541	0.01751	0.06092	0.01807	0.11488	0.01794	0.02225	0.01373	0.01540	0.10690	0.00384	0.01081	0.00703	0.00496	0.10596
15	0.14125	0.09098	0.08227	0.06003	0.07118	0.01587	0.01362	0.05619	0.01618	0.02509	0.06045	0.02326	0.01736	0.02178	0.15947	0.09246	0.01084	0.00693	0.00456	0.03023

[dist]
# distance from previous block
# <min> <max>
0	794

# created by:
# /home/cegg/simao/soft/augustus-3.2.1/scripts/msa2prfl.pl ./align_prep/31838.fa
