[name]
unknown

[dist]
# distance from previous block
# <min> <max>
0	292

[block]
# block no. 0 follows, 22 sequences, length 10
# corresponding to MSA columns:
# 329-338
name=unknown_A
#
# <colnr> <probs for GDERKNQSTAVLIFYWHMCP>
#	G	D	E	R	K	N	Q	S	T	A	V	L	I	F	Y	W	H	M	C	P
0	0.01261	0.00922	0.01230	0.01350	0.01554	0.00891	0.01144	0.01621	0.01987	0.02602	0.15645	0.08625	0.13633	0.02164	0.01095	0.00347	0.00652	0.41725	0.00792	0.00760
1	0.09116	0.25282	0.03455	0.02618	0.16990	0.12045	0.09692	0.02750	0.01892	0.06802	0.01482	0.01746	0.01202	0.00765	0.00709	0.00225	0.01034	0.00623	0.00448	0.01124
2	0.02492	0.02719	0.18609	0.07277	0.11683	0.05100	0.02112	0.27179	0.05465	0.06519	0.01859	0.02023	0.01350	0.00899	0.00817	0.00255	0.01022	0.00715	0.00611	0.01293
3	0.01683	0.01593	0.02698	0.53878	0.19759	0.01876	0.02364	0.02223	0.01715	0.02261	0.01497	0.02178	0.01156	0.00809	0.00829	0.00270	0.01079	0.00739	0.00379	0.01015
4	0.01667	0.01589	0.02615	0.51274	0.13112	0.01959	0.02272	0.02162	0.01638	0.02183	0.01435	0.02139	0.01133	0.00904	0.01090	0.00285	0.10460	0.00737	0.00374	0.00973
5	0.01875	0.02039	0.08903	0.23800	0.42111	0.01932	0.02525	0.02430	0.01810	0.02530	0.01530	0.02076	0.01230	0.00772	0.00822	0.00257	0.01045	0.00728	0.00393	0.01191
6	0.01935	0.19198	0.03325	0.25359	0.29782	0.02261	0.02186	0.02392	0.01764	0.02327	0.01432	0.01927	0.01184	0.00763	0.00753	0.00239	0.01002	0.00665	0.00383	0.01123
7	0.02176	0.02094	0.02805	0.28846	0.12811	0.11035	0.07613	0.10430	0.02103	0.04550	0.01574	0.02056	0.01213	0.00884	0.00975	0.00267	0.06284	0.00736	0.00468	0.01080
8	0.07268	0.11371	0.02947	0.30621	0.09621	0.06975	0.09877	0.02357	0.01807	0.02416	0.05801	0.02240	0.01585	0.00846	0.00790	0.00254	0.01052	0.00746	0.00430	0.00996
9	0.01866	0.27234	0.24821	0.02148	0.03021	0.02337	0.15558	0.02457	0.01789	0.02363	0.02041	0.02278	0.06913	0.00861	0.00759	0.00238	0.01073	0.00739	0.00406	0.01099

[dist]
# distance from previous block
# <min> <max>
1	14

[block]
# block no. 1 follows, 22 sequences, length 40
# corresponding to MSA columns:
# 353-392
name=unknown_B
#
# <colnr> <probs for GDERKNQSTAVLIFYWHMCP>
#	G	D	E	R	K	N	Q	S	T	A	V	L	I	F	Y	W	H	M	C	P
0	0.02187	0.08259	0.08239	0.27342	0.14095	0.06868	0.04778	0.06079	0.01985	0.09868	0.01696	0.02078	0.01265	0.00830	0.00800	0.00254	0.01063	0.00709	0.00483	0.01122
1	0.01896	0.03593	0.49906	0.02148	0.03187	0.01845	0.02592	0.06216	0.05597	0.07608	0.06009	0.02223	0.01687	0.00899	0.00811	0.00263	0.01082	0.00716	0.00495	0.01228
2	0.10256	0.01476	0.02161	0.35508	0.03821	0.01845	0.01877	0.02065	0.01593	0.02343	0.01852	0.03240	0.01701	0.01203	0.01249	0.00311	0.15433	0.10724	0.00452	0.00891
3	0.01900	0.01414	0.01698	0.01375	0.01942	0.01229	0.01129	0.09122	0.02105	0.07231	0.07018	0.03781	0.02550	0.01123	0.00795	0.00212	0.00671	0.13227	0.00656	0.40821
4	0.02215	0.16520	0.03289	0.12892	0.36392	0.02147	0.02123	0.02649	0.01872	0.09801	0.01662	0.02014	0.01319	0.00780	0.00764	0.00238	0.00951	0.00688	0.00465	0.01219
5	0.01240	0.00992	0.01288	0.01147	0.01478	0.00859	0.06188	0.01507	0.01934	0.06022	0.10558	0.11132	0.48740	0.01926	0.00978	0.00282	0.00527	0.01657	0.00763	0.00783
6	0.21878	0.02220	0.02422	0.02042	0.06133	0.06536	0.06883	0.34617	0.02875	0.04265	0.01680	0.01822	0.01239	0.00889	0.00757	0.00252	0.00930	0.00678	0.00663	0.01220
7	0.02253	0.46724	0.03659	0.15731	0.02925	0.02791	0.01607	0.07008	0.01893	0.06517	0.01427	0.01668	0.01167	0.00779	0.00638	0.00209	0.00925	0.00555	0.00439	0.01085
8	0.01961	0.02241	0.04902	0.03501	0.04342	0.02101	0.62605	0.02661	0.01961	0.02661	0.01681	0.02241	0.01261	0.00700	0.00980	0.00280	0.01401	0.00980	0.00420	0.01120
9	0.01208	0.00805	0.00906	0.00906	0.00906	0.00805	0.00503	0.01208	0.01208	0.01611	0.02618	0.05436	0.03020	0.70804	0.04228	0.00805	0.00805	0.01208	0.00503	0.00503
10	0.02545	0.02060	0.15711	0.14495	0.03084	0.01607	0.01845	0.03157	0.05593	0.29893	0.05154	0.02582	0.01882	0.01004	0.00958	0.00271	0.05448	0.00798	0.00700	0.01214
11	0.02110	0.57945	0.16744	0.01610	0.02424	0.03016	0.01750	0.02516	0.01701	0.02089	0.01222	0.01417	0.01063	0.00726	0.00584	0.00195	0.00956	0.00478	0.00354	0.01098
12	0.01012	0.00723	0.00964	0.01157	0.01205	0.00675	0.00771	0.01157	0.01591	0.02121	0.04579	0.70262	0.05495	0.02603	0.01060	0.00337	0.00482	0.02362	0.00771	0.00675
13	0.02056	0.01974	0.03372	0.05099	0.65622	0.01974	0.02550	0.02550	0.01892	0.02714	0.01563	0.02056	0.01316	0.00740	0.00822	0.00247	0.00987	0.00740	0.00411	0.01316
14	0.07994	0.02153	0.11558	0.18904	0.03536	0.01979	0.08894	0.12930	0.11205	0.09621	0.02024	0.02240	0.01456	0.00896	0.00820	0.00268	0.00984	0.00767	0.00597	0.01175
15	0.18128	0.09134	0.05276	0.02426	0.14985	0.02279	0.05153	0.18286	0.07634	0.03532	0.01687	0.01895	0.01309	0.00875	0.00823	0.00253	0.03885	0.00676	0.00569	0.01195
16	0.01012	0.00723	0.00964	0.01157	0.01205	0.00675	0.00771	0.01157	0.01591	0.02121	0.04579	0.70262	0.05495	0.02603	0.01060	0.00337	0.00482	0.02362	0.00771	0.00675
17	0.02755	0.01980	0.05799	0.03005	0.21628	0.01822	0.12127	0.11785	0.02355	0.24860	0.02230	0.02330	0.01563	0.00872	0.00853	0.00257	0.00961	0.00809	0.00682	0.01327
18	0.07936	0.14592	0.13158	0.02130	0.05496	0.08320	0.07961	0.15591	0.11204	0.03218	0.01789	0.01934	0.01367	0.00861	0.00758	0.00244	0.01009	0.00683	0.00553	0.01195
19	0.01198	0.00872	0.01142	0.01135	0.01336	0.00815	0.00892	0.01576	0.02228	0.03080	0.48531	0.06997	0.10922	0.01852	0.01016	0.00288	0.00473	0.13998	0.00873	0.00774
20	0.02728	0.02113	0.02251	0.01824	0.02412	0.02375	0.01475	0.39833	0.27625	0.04542	0.02541	0.02430	0.01855	0.01048	0.00837	0.00262	0.00813	0.00823	0.00837	0.01374
21	0.01860	0.26671	0.19345	0.04525	0.02639	0.02123	0.04533	0.02369	0.01802	0.04720	0.02231	0.03738	0.02111	0.01174	0.00807	0.00266	0.00967	0.16590	0.00493	0.01036
22	0.02677	0.20281	0.22594	0.01758	0.02601	0.02030	0.01861	0.05787	0.02074	0.27333	0.02123	0.02075	0.01463	0.00871	0.00743	0.00238	0.00924	0.00663	0.00637	0.01267
23	0.01742	0.03769	0.50694	0.02659	0.03787	0.01973	0.18346	0.02639	0.01807	0.02639	0.01540	0.01879	0.01106	0.00766	0.00838	0.00267	0.01272	0.00708	0.00369	0.01200
24	0.01443	0.00722	0.01082	0.01082	0.01082	0.00722	0.00722	0.01082	0.01082	0.01443	0.01443	0.02525	0.01443	0.02886	0.03247	0.75830	0.00722	0.00722	0.00361	0.00361
25	0.02518	0.07795	0.28417	0.01979	0.02793	0.15661	0.02075	0.03078	0.02046	0.18762	0.02051	0.02386	0.01530	0.00946	0.00796	0.00252	0.01102	0.04067	0.00565	0.01182
26	0.10330	0.01975	0.01930	0.04143	0.02278	0.15391	0.01351	0.07277	0.02292	0.31626	0.02641	0.03183	0.02014	0.01124	0.00826	0.00265	0.00905	0.08508	0.00778	0.01164
27	0.00985	0.00831	0.00852	0.00870	0.01129	0.00699	0.00644	0.01189	0.01867	0.02233	0.08075	0.13526	0.59974	0.02148	0.00989	0.00286	0.00426	0.01807	0.00771	0.00699
28	0.01723	0.01477	0.01723	0.01230	0.01969	0.01107	0.00984	0.02092	0.01723	0.02707	0.01477	0.01723	0.01230	0.00615	0.00615	0.00123	0.00615	0.00492	0.00492	0.75883
29	0.02104	0.57115	0.17513	0.01622	0.02442	0.03000	0.01770	0.02518	0.01702	0.02098	0.01226	0.01422	0.01063	0.00727	0.00587	0.00196	0.00960	0.00480	0.00354	0.01100
30	0.01063	0.00845	0.00953	0.00926	0.01172	0.00736	0.00695	0.01348	0.02084	0.02696	0.32030	0.07251	0.41389	0.01935	0.00981	0.00273	0.00409	0.01649	0.00831	0.00736
31	0.70010	0.01846	0.07020	0.01206	0.01783	0.01869	0.01092	0.02459	0.01444	0.03630	0.01186	0.01385	0.00913	0.00773	0.00539	0.00258	0.00695	0.00464	0.00500	0.00929
32	0.02221	0.71304	0.04353	0.01421	0.02132	0.03287	0.01421	0.02488	0.01688	0.01955	0.01155	0.01333	0.01066	0.00711	0.00533	0.00178	0.00888	0.00444	0.00355	0.01066
33	0.01612	0.01510	0.02303	0.02201	0.07681	0.01907	0.05096	0.01894	0.01390	0.02075	0.01589	0.02402	0.01488	0.03127	0.26593	0.00710	0.34321	0.00804	0.00401	0.00895
34	0.03158	0.02327	0.02493	0.01911	0.02576	0.02576	0.01579	0.62852	0.03906	0.05236	0.01995	0.01995	0.01413	0.00997	0.00831	0.00249	0.00914	0.00748	0.00831	0.01413
35	0.01010	0.00732	0.00955	0.01133	0.01199	0.00677	0.00761	0.01159	0.01613	0.02130	0.04864	0.65626	0.09946	0.02566	0.01054	0.00333	0.00477	0.02316	0.00771	0.00677
36	0.01894	0.01809	0.03079	0.26278	0.45710	0.01931	0.02469	0.02408	0.01815	0.02517	0.01534	0.02109	0.01247	0.00770	0.00825	0.00257	0.01027	0.00740	0.00397	0.01185
37	0.01299	0.01058	0.01566	0.11275	0.02104	0.01271	0.01238	0.01577	0.01391	0.01957	0.02269	0.10219	0.02268	0.10370	0.37475	0.00914	0.09492	0.01033	0.00464	0.00759
38	0.02056	0.01974	0.03372	0.05099	0.65622	0.01974	0.02550	0.02550	0.01892	0.02714	0.01563	0.02056	0.01316	0.00740	0.00822	0.00247	0.00987	0.00740	0.00411	0.01316
39	0.01980	0.01874	0.03385	0.21682	0.04135	0.01966	0.28506	0.02966	0.15155	0.06586	0.02083	0.02453	0.01538	0.00849	0.00900	0.00278	0.01116	0.00893	0.00534	0.01123

[dist]
# distance from previous block
# <min> <max>
3	7

[block]
# block no. 2 follows, 22 sequences, length 19
# corresponding to MSA columns:
# 402-420
name=unknown_C
#
# <colnr> <probs for GDERKNQSTAVLIFYWHMCP>
#	G	D	E	R	K	N	Q	S	T	A	V	L	I	F	Y	W	H	M	C	P
0	0.02493	0.02619	0.08982	0.10030	0.09600	0.19259	0.09519	0.07570	0.02186	0.10562	0.01726	0.01980	0.01286	0.00826	0.00804	0.00237	0.01138	0.00693	0.00523	0.07967
1	0.01851	0.26622	0.45795	0.02053	0.03108	0.02382	0.02520	0.02583	0.01732	0.02406	0.01379	0.01614	0.01057	0.00763	0.00704	0.00235	0.01115	0.00557	0.00352	0.01174
2	0.01277	0.01039	0.01316	0.01501	0.07253	0.00988	0.01064	0.01729	0.06080	0.02605	0.15371	0.07213	0.30131	0.01902	0.01002	0.00302	0.00575	0.17062	0.00764	0.00828
3	0.01183	0.00828	0.00996	0.00996	0.01055	0.00848	0.00635	0.01268	0.01299	0.01740	0.03058	0.05182	0.08489	0.50049	0.18131	0.00876	0.01089	0.01186	0.00515	0.00575
4	0.02419	0.01706	0.01889	0.01646	0.02152	0.01887	0.01295	0.04337	0.51018	0.16786	0.03359	0.03042	0.02434	0.01106	0.00843	0.00277	0.00668	0.00917	0.00884	0.01336
5	0.01723	0.01477	0.01723	0.01230	0.01969	0.01107	0.00984	0.02092	0.01723	0.02707	0.01477	0.01723	0.01230	0.00615	0.00615	0.00123	0.00615	0.00492	0.00492	0.75883
6	0.01319	0.00872	0.01163	0.01171	0.01361	0.00813	0.00894	0.01652	0.02119	0.06720	0.38766	0.20442	0.06502	0.01948	0.01015	0.00297	0.00489	0.10794	0.00867	0.00795
7	0.01959	0.01637	0.01844	0.01399	0.02078	0.01465	0.01118	0.09804	0.13791	0.03155	0.01899	0.02016	0.01499	0.00758	0.00685	0.00168	0.00659	0.00607	0.00600	0.52859
8	0.02221	0.71304	0.04353	0.01421	0.02132	0.03287	0.01421	0.02488	0.01688	0.01955	0.01155	0.01333	0.01066	0.00711	0.00533	0.00178	0.00888	0.00444	0.00355	0.01066
9	0.02757	0.02436	0.02450	0.02004	0.02454	0.13091	0.01628	0.34899	0.06230	0.03815	0.01729	0.01929	0.01337	0.01095	0.01290	0.00274	0.18004	0.00718	0.00650	0.01209
10	0.01091	0.00793	0.01035	0.01131	0.01257	0.00737	0.00816	0.01341	0.01884	0.02547	0.24043	0.39582	0.10829	0.02250	0.01037	0.00313	0.00475	0.07303	0.00816	0.00720
11	0.01012	0.00764	0.00936	0.01059	0.01183	0.00688	0.00731	0.01188	0.01718	0.02219	0.08809	0.48856	0.23010	0.02411	0.01033	0.00317	0.00460	0.02141	0.00779	0.00688
12	0.14432	0.23300	0.31274	0.01895	0.02805	0.02294	0.05179	0.02624	0.01717	0.05518	0.01428	0.01637	0.01087	0.00770	0.00680	0.00238	0.01016	0.00566	0.00414	0.01129
13	0.07645	0.01866	0.02384	0.01835	0.02473	0.01906	0.08650	0.23944	0.09509	0.19777	0.04606	0.02445	0.01864	0.00967	0.00821	0.00250	0.00834	0.00808	0.00791	0.06625
14	0.01968	0.01986	0.05788	0.33687	0.07140	0.10222	0.05679	0.02526	0.04214	0.06443	0.01908	0.02801	0.01570	0.01006	0.00943	0.00279	0.04213	0.06143	0.00478	0.01006
15	0.02657	0.01819	0.02160	0.22904	0.03314	0.09514	0.01629	0.08992	0.06663	0.24520	0.02417	0.05856	0.01785	0.01029	0.00835	0.00263	0.00934	0.00845	0.00702	0.01160
16	0.12144	0.01954	0.02617	0.02378	0.09799	0.06158	0.12425	0.14973	0.02309	0.09960	0.02188	0.03123	0.01846	0.01098	0.00952	0.00280	0.04340	0.09699	0.00630	0.01131
17	0.02519	0.06439	0.02462	0.05118	0.02518	0.07804	0.06413	0.11636	0.12372	0.15997	0.05381	0.05072	0.02077	0.01111	0.01061	0.00270	0.09012	0.00872	0.00697	0.01168
18	0.07493	0.05858	0.02433	0.01916	0.02456	0.18825	0.05472	0.23707	0.12728	0.03522	0.02078	0.06099	0.01693	0.01031	0.00801	0.00250	0.01008	0.00803	0.00656	0.01169

[dist]
# distance from previous block
# <min> <max>
18	54

[block]
# block no. 3 follows, 22 sequences, length 22
# corresponding to MSA columns:
# 475-496
name=unknown_D
#
# <colnr> <probs for GDERKNQSTAVLIFYWHMCP>
#	G	D	E	R	K	N	Q	S	T	A	V	L	I	F	Y	W	H	M	C	P
0	0.02396	0.02043	0.06532	0.01762	0.02327	0.02085	0.01481	0.22487	0.33624	0.07003	0.02885	0.07025	0.02247	0.01154	0.00850	0.00273	0.00769	0.00944	0.00811	0.01303
1	0.46957	0.01800	0.01643	0.01366	0.01910	0.02034	0.01121	0.22756	0.02315	0.04210	0.05616	0.01884	0.01525	0.00908	0.00651	0.00255	0.00718	0.00619	0.00647	0.01065
2	0.01239	0.00814	0.01078	0.01215	0.01342	0.00757	0.00882	0.01438	0.01715	0.06368	0.04733	0.51754	0.09335	0.02416	0.01054	0.00335	0.00538	0.11461	0.00787	0.00739
3	0.11613	0.01830	0.02093	0.01622	0.02260	0.01879	0.01340	0.29291	0.02931	0.32879	0.02486	0.02303	0.01649	0.00986	0.00798	0.00254	0.00789	0.00755	0.00886	0.01356
4	0.17443	0.02358	0.20911	0.01796	0.02565	0.01662	0.04781	0.03150	0.01931	0.29001	0.02151	0.02143	0.01448	0.00910	0.00853	0.00265	0.04053	0.00696	0.00666	0.01219
5	0.15416	0.01445	0.01815	0.01416	0.02038	0.01324	0.01170	0.03791	0.02223	0.56187	0.02938	0.02591	0.01871	0.00987	0.00784	0.00257	0.00697	0.00774	0.00946	0.01331
6	0.01647	0.01556	0.02633	0.58599	0.15320	0.01866	0.02346	0.02191	0.01698	0.02217	0.01490	0.02189	0.01141	0.00816	0.00829	0.00272	0.01088	0.00739	0.00376	0.00986
7	0.40267	0.02301	0.13781	0.01830	0.02548	0.02019	0.11280	0.11466	0.01932	0.03582	0.01425	0.01661	0.01061	0.00797	0.00685	0.00261	0.00910	0.00609	0.00517	0.01070
8	0.02635	0.01712	0.02330	0.02609	0.20613	0.01749	0.01642	0.03746	0.24778	0.24827	0.02816	0.02702	0.02016	0.00980	0.00835	0.00263	0.00770	0.00846	0.00782	0.01349
9	0.01257	0.01027	0.01589	0.01366	0.01645	0.00947	0.09026	0.01662	0.02221	0.03092	0.49051	0.09698	0.10833	0.01648	0.00985	0.00270	0.00534	0.01503	0.00830	0.00816
10	0.01061	0.00758	0.01019	0.01212	0.01281	0.00716	0.00855	0.01240	0.01638	0.02175	0.04552	0.61236	0.05389	0.02557	0.01073	0.00344	0.00524	0.10910	0.00770	0.00688
11	0.15281	0.02126	0.02189	0.01742	0.02353	0.02382	0.01426	0.44095	0.12415	0.04723	0.02060	0.02051	0.01494	0.00979	0.00780	0.00255	0.00831	0.00726	0.00780	0.01313
12	0.01318	0.01117	0.01579	0.12236	0.02209	0.01289	0.01315	0.01587	0.01630	0.02177	0.03760	0.27978	0.10099	0.01981	0.01362	0.00335	0.14301	0.12321	0.00625	0.00780
13	0.02322	0.02028	0.02922	0.03788	0.40333	0.02133	0.02119	0.17310	0.12347	0.03441	0.01958	0.02209	0.01535	0.00864	0.00828	0.00253	0.00917	0.00774	0.00581	0.01339
14	0.01012	0.00723	0.00964	0.01157	0.01205	0.00675	0.00771	0.01157	0.01591	0.02121	0.04579	0.70262	0.05495	0.02603	0.01060	0.00337	0.00482	0.02362	0.00771	0.00675
15	0.02221	0.71304	0.04353	0.01421	0.02132	0.03287	0.01421	0.02488	0.01688	0.01955	0.01155	0.01333	0.01066	0.00711	0.00533	0.00178	0.00888	0.00444	0.00355	0.01066
16	0.01902	0.01822	0.03070	0.23142	0.44631	0.01972	0.02436	0.02394	0.01788	0.02501	0.01509	0.02087	0.01243	0.00809	0.00941	0.00262	0.05176	0.00739	0.00396	0.01179
17	0.01282	0.00938	0.01259	0.01420	0.01625	0.00915	0.01225	0.01636	0.01909	0.02447	0.05042	0.09150	0.14476	0.02264	0.01121	0.00366	0.00710	0.50692	0.00766	0.00755
18	0.03158	0.02327	0.02493	0.01911	0.02576	0.02576	0.01579	0.62852	0.03906	0.05236	0.01995	0.01995	0.01413	0.00997	0.00831	0.00249	0.00914	0.00748	0.00831	0.01413
19	0.06469	0.60836	0.04001	0.01450	0.02145	0.03140	0.01407	0.08239	0.01884	0.02366	0.01235	0.01397	0.01090	0.00741	0.00560	0.00189	0.00877	0.00473	0.00410	0.01090
20	0.03060	0.09164	0.02648	0.01901	0.02533	0.13043	0.01568	0.47558	0.03446	0.04410	0.01801	0.01852	0.01325	0.00947	0.00790	0.00237	0.01005	0.00685	0.00721	0.01308
21	0.01311	0.00988	0.01167	0.01071	0.01335	0.00932	0.00817	0.07305	0.02372	0.03210	0.43339	0.06303	0.23237	0.01745	0.00966	0.00266	0.00450	0.01500	0.00867	0.00821

[dist]
# distance from previous block
# <min> <max>
0	1

[block]
# block no. 4 follows, 22 sequences, length 20
# corresponding to MSA columns:
# 498-517
name=unknown_E
#
# <colnr> <probs for GDERKNQSTAVLIFYWHMCP>
#	G	D	E	R	K	N	Q	S	T	A	V	L	I	F	Y	W	H	M	C	P
0	0.11913	0.02110	0.02191	0.01758	0.02358	0.02368	0.01433	0.41541	0.17926	0.04632	0.02222	0.02178	0.01617	0.01000	0.00796	0.00258	0.00820	0.00757	0.00796	0.01327
1	0.67651	0.01895	0.01360	0.01221	0.01725	0.09909	0.00986	0.02549	0.01529	0.03520	0.01172	0.01368	0.00921	0.00782	0.00543	0.00252	0.00748	0.00460	0.00504	0.00907
2	0.01961	0.02241	0.04902	0.03501	0.04342	0.02101	0.62605	0.02661	0.01961	0.02661	0.01681	0.02241	0.01261	0.00700	0.00980	0.00280	0.01401	0.00980	0.00420	0.01120
3	0.02066	0.01785	0.01878	0.01691	0.02160	0.02066	0.01315	0.04414	0.64121	0.03475	0.03381	0.03099	0.02536	0.01127	0.00845	0.00282	0.00657	0.00939	0.00845	0.01315
4	0.01765	0.01352	0.01448	0.01280	0.01585	0.07115	0.00985	0.09408	0.02544	0.07651	0.47467	0.05034	0.06047	0.01491	0.00931	0.00255	0.00578	0.01277	0.00868	0.00919
5	0.01122	0.00847	0.01036	0.00989	0.01208	0.00761	0.00742	0.01464	0.02225	0.03032	0.49555	0.06698	0.23654	0.01810	0.00980	0.00267	0.00400	0.01571	0.00875	0.00761
6	0.02280	0.66800	0.04220	0.01470	0.02161	0.07580	0.01434	0.02543	0.01733	0.01960	0.01164	0.01344	0.01066	0.00720	0.00547	0.00180	0.00929	0.00450	0.00360	0.01059
7	0.01723	0.01477	0.01723	0.01230	0.01969	0.01107	0.00984	0.02092	0.01723	0.02707	0.01477	0.01723	0.01230	0.00615	0.00615	0.00123	0.00615	0.00492	0.00492	0.75883
8	0.01969	0.01918	0.03369	0.15242	0.50360	0.01965	0.07988	0.02491	0.01861	0.02614	0.01559	0.02099	0.01277	0.00751	0.00838	0.00255	0.01044	0.00762	0.00405	0.01235
9	0.76672	0.01607	0.01221	0.01092	0.01607	0.01864	0.00900	0.02442	0.01414	0.03727	0.01157	0.01350	0.00900	0.00771	0.00514	0.00257	0.00643	0.00450	0.00514	0.00900
10	0.01187	0.00890	0.01335	0.01335	0.01483	0.01038	0.01038	0.01483	0.01335	0.01928	0.02225	0.03264	0.02077	0.06231	0.67512	0.01335	0.02225	0.00890	0.00445	0.00742
11	0.01071	0.00765	0.01032	0.01224	0.01298	0.00726	0.00874	0.01259	0.01649	0.02187	0.04546	0.59229	0.05365	0.02547	0.01076	0.00346	0.00533	0.12811	0.00770	0.00691
12	0.02066	0.01785	0.01878	0.01691	0.02160	0.02066	0.01315	0.04414	0.64121	0.03475	0.03381	0.03099	0.02536	0.01127	0.00845	0.00282	0.00657	0.00939	0.00845	0.01315
13	0.02622	0.32987	0.08545	0.01732	0.02463	0.02838	0.01631	0.31241	0.02749	0.03572	0.01582	0.01682	0.01230	0.00854	0.00696	0.00219	0.00928	0.00603	0.00581	0.01244
14	0.01012	0.00723	0.00964	0.01157	0.01205	0.00675	0.00771	0.01157	0.01591	0.02121	0.04579	0.70262	0.05495	0.02603	0.01060	0.00337	0.00482	0.02362	0.00771	0.00675
15	0.09770	0.07555	0.02406	0.01949	0.02455	0.43007	0.01524	0.16488	0.02574	0.02898	0.01423	0.01585	0.01131	0.00871	0.00733	0.00224	0.01252	0.00569	0.00521	0.01064
16	0.12167	0.02403	0.02323	0.01834	0.02457	0.09031	0.01498	0.49442	0.03444	0.04728	0.01820	0.01865	0.01315	0.00955	0.00784	0.00247	0.00940	0.00690	0.00752	0.01305
17	0.01345	0.01034	0.01208	0.01233	0.01458	0.01027	0.00921	0.07192	0.08242	0.02654	0.07447	0.33135	0.19883	0.02117	0.01004	0.00311	0.00548	0.07623	0.00789	0.00826
18	0.02015	0.01958	0.03369	0.08542	0.48606	0.01990	0.09786	0.02707	0.07561	0.02740	0.01738	0.02184	0.01407	0.00776	0.00844	0.00256	0.01015	0.00788	0.00449	0.01267
19	0.01598	0.01272	0.01377	0.01263	0.01606	0.01304	0.00967	0.12620	0.14727	0.03072	0.09759	0.15633	0.28003	0.01764	0.00940	0.00283	0.00562	0.01492	0.00807	0.00950

[dist]
# distance from previous block
# <min> <max>
0	2

[block]
# block no. 5 follows, 22 sequences, length 73
# corresponding to MSA columns:
# 520-592
name=unknown_F
#
# <colnr> <probs for GDERKNQSTAVLIFYWHMCP>
#	G	D	E	R	K	N	Q	S	T	A	V	L	I	F	Y	W	H	M	C	P
0	0.02073	0.01809	0.01700	0.01557	0.01929	0.12726	0.01191	0.05791	0.24091	0.07757	0.06755	0.12137	0.07836	0.01812	0.06648	0.00364	0.00896	0.01131	0.00741	0.01056
1	0.09219	0.02205	0.02209	0.01743	0.02369	0.06573	0.01416	0.39613	0.09574	0.04377	0.01951	0.01985	0.01439	0.00932	0.00771	0.00234	0.00863	0.00694	0.00734	0.11096
2	0.02429	0.34162	0.14193	0.01901	0.02687	0.05986	0.09693	0.02876	0.01902	0.14383	0.01690	0.01815	0.01278	0.00791	0.00704	0.00222	0.01011	0.00622	0.00495	0.01161
3	0.03002	0.10675	0.02219	0.01521	0.02100	0.01714	0.01262	0.10268	0.10887	0.36724	0.02982	0.08416	0.02218	0.01133	0.00816	0.00256	0.00728	0.00921	0.00870	0.01290
4	0.01724	0.03891	0.54335	0.02592	0.03743	0.01963	0.14827	0.02637	0.01795	0.02637	0.01528	0.01850	0.01093	0.00772	0.00827	0.00266	0.01262	0.00686	0.00364	0.01207
5	0.01091	0.00820	0.01010	0.01018	0.01203	0.00739	0.00742	0.01383	0.02070	0.02792	0.37612	0.20609	0.21874	0.01998	0.00998	0.00283	0.00419	0.01753	0.00847	0.00739
6	0.57959	0.01483	0.01256	0.01106	0.01605	0.01634	0.00903	0.02472	0.01593	0.11056	0.02364	0.02399	0.09484	0.00977	0.00614	0.00260	0.00621	0.00667	0.00610	0.00936
7	0.02221	0.71304	0.04353	0.01421	0.02132	0.03287	0.01421	0.02488	0.01688	0.01955	0.01155	0.01333	0.01066	0.00711	0.00533	0.00178	0.00888	0.00444	0.00355	0.01066
8	0.01001	0.00827	0.00878	0.00899	0.01142	0.00704	0.00661	0.01217	0.01889	0.02312	0.12315	0.16024	0.52987	0.02138	0.00992	0.00286	0.00427	0.01814	0.00782	0.00704
9	0.02347	0.02952	0.11335	0.03530	0.31593	0.24442	0.02246	0.02787	0.01991	0.02422	0.01426	0.01809	0.01182	0.00834	0.00919	0.00245	0.05723	0.00652	0.00406	0.01156
10	0.02165	0.02206	0.03188	0.08397	0.53885	0.10557	0.02412	0.02626	0.01939	0.02591	0.01521	0.01992	0.01272	0.00761	0.00813	0.00244	0.01061	0.00713	0.00411	0.01247
11	0.03727	0.01414	0.01928	0.01478	0.02121	0.01221	0.01221	0.04049	0.02378	0.66198	0.03277	0.02828	0.02056	0.01028	0.00835	0.00257	0.00707	0.00835	0.01028	0.01414
12	0.01569	0.01477	0.02492	0.68808	0.05722	0.01846	0.02307	0.02123	0.01661	0.02123	0.01477	0.02215	0.01107	0.00831	0.00831	0.00277	0.01107	0.00738	0.00369	0.00923
13	0.01232	0.01064	0.01833	0.01658	0.01891	0.00994	0.14238	0.01517	0.01732	0.02335	0.08780	0.50341	0.04759	0.02116	0.01037	0.00319	0.00675	0.01992	0.00706	0.00781
14	0.01136	0.00848	0.01075	0.01221	0.01342	0.00825	0.00877	0.01494	0.06645	0.02287	0.04792	0.51527	0.10344	0.02401	0.01048	0.00334	0.00528	0.09760	0.00776	0.00740
15	0.01106	0.00795	0.01086	0.01221	0.01305	0.00799	0.00878	0.01301	0.01544	0.02083	0.03888	0.43032	0.04465	0.08793	0.15795	0.00598	0.00922	0.09025	0.00678	0.00687
16	0.01720	0.01629	0.02674	0.37657	0.22384	0.01913	0.02225	0.02198	0.01717	0.02348	0.05137	0.02348	0.01555	0.00936	0.01085	0.00279	0.09974	0.00782	0.00412	0.01027
17	0.02950	0.02215	0.02493	0.10686	0.02989	0.02480	0.01674	0.54886	0.03611	0.04827	0.01927	0.02023	0.01373	0.00975	0.00831	0.00253	0.00940	0.00747	0.00770	0.01349
18	0.01146	0.00825	0.01091	0.01117	0.01273	0.00769	0.00828	0.01471	0.02109	0.02933	0.43631	0.23696	0.06944	0.01993	0.01016	0.00292	0.00448	0.06802	0.00863	0.00753
19	0.01736	0.01435	0.01706	0.14735	0.02547	0.01633	0.01315	0.03132	0.33261	0.03047	0.08670	0.03583	0.07662	0.01175	0.00830	0.00267	0.00669	0.00991	0.10532	0.01071
20	0.01847	0.25361	0.02462	0.01487	0.01886	0.07153	0.01270	0.04996	0.06604	0.02387	0.02892	0.18840	0.03048	0.01559	0.00848	0.00275	0.00801	0.14739	0.00608	0.00935
21	0.02436	0.01873	0.02016	0.01722	0.02248	0.02110	0.01365	0.17112	0.46085	0.08860	0.03071	0.02837	0.02253	0.01091	0.00841	0.00273	0.00717	0.00889	0.00857	0.01344
22	0.03033	0.09329	0.02514	0.02083	0.02533	0.62352	0.01590	0.03251	0.02301	0.02027	0.01274	0.01485	0.01070	0.00844	0.00732	0.00211	0.01450	0.00528	0.00422	0.00971
23	0.01723	0.01477	0.01723	0.01230	0.01969	0.01107	0.00984	0.02092	0.01723	0.02707	0.01477	0.01723	0.01230	0.00615	0.00615	0.00123	0.00615	0.00492	0.00492	0.75883
24	0.02147	0.01982	0.03082	0.03998	0.42713	0.02054	0.06188	0.08173	0.15195	0.03089	0.01991	0.02283	0.01578	0.00841	0.00838	0.00257	0.00939	0.00799	0.00540	0.01311
25	0.02200	0.02455	0.02488	0.02169	0.02296	0.21860	0.01754	0.02391	0.01594	0.02009	0.01148	0.01722	0.01084	0.01276	0.02138	0.00319	0.49117	0.00670	0.00383	0.00925
26	0.31004	0.01506	0.01597	0.01257	0.01879	0.01433	0.01028	0.02853	0.01815	0.23438	0.01931	0.01934	0.01369	0.00807	0.00647	0.00217	0.00655	0.00586	0.00672	0.23373
27	0.01793	0.01704	0.02669	0.01906	0.02675	0.01403	0.19317	0.02261	0.01793	0.02693	0.01537	0.01877	0.01239	0.00641	0.00724	0.00170	0.00849	0.00637	0.00471	0.53640
28	0.66748	0.01491	0.01187	0.01101	0.01554	0.01708	0.00883	0.02273	0.01437	0.03517	0.01606	0.10389	0.01502	0.01011	0.00586	0.00268	0.00622	0.00701	0.00548	0.00870
29	0.01443	0.00722	0.01082	0.01082	0.01082	0.00722	0.00722	0.01082	0.01082	0.01443	0.01443	0.02525	0.01443	0.02886	0.03247	0.75830	0.00722	0.00722	0.00361	0.00361
30	0.00993	0.00842	0.00857	0.00853	0.01129	0.00706	0.00640	0.01214	0.01920	0.02307	0.11701	0.07891	0.61961	0.02080	0.00982	0.00279	0.00419	0.01739	0.00780	0.00706
31	0.03653	0.01534	0.02002	0.01535	0.02180	0.01399	0.01268	0.11762	0.02578	0.58201	0.03109	0.02718	0.01972	0.01024	0.00835	0.00256	0.00734	0.00824	0.01002	0.01414
32	0.03565	0.01478	0.01998	0.05403	0.02359	0.01347	0.01308	0.07837	0.02438	0.58447	0.03088	0.02737	0.01959	0.01015	0.00835	0.00258	0.00744	0.00824	0.00977	0.01385
33	0.03727	0.01414	0.01928	0.01478	0.02121	0.01221	0.01221	0.04049	0.02378	0.66198	0.03277	0.02828	0.02056	0.01028	0.00835	0.00257	0.00707	0.00835	0.01028	0.01414
34	0.01569	0.01477	0.02492	0.68808	0.05722	0.01846	0.02307	0.02123	0.01661	0.02123	0.01477	0.02215	0.01107	0.00831	0.00831	0.00277	0.01107	0.00738	0.00369	0.00923
35	0.01063	0.00793	0.00988	0.01049	0.01199	0.00719	0.00745	0.01308	0.01921	0.02569	0.26511	0.34403	0.19332	0.02179	0.01015	0.00299	0.00437	0.01930	0.00821	0.00719
36	0.01666	0.04297	0.66500	0.02368	0.03596	0.01929	0.03069	0.02631	0.01754	0.02631	0.01491	0.01754	0.01052	0.00789	0.00789	0.00263	0.01228	0.00614	0.00351	0.01228
37	0.01666	0.04297	0.66500	0.02368	0.03596	0.01929	0.03069	0.02631	0.01754	0.02631	0.01491	0.01754	0.01052	0.00789	0.00789	0.00263	0.01228	0.00614	0.00351	0.01228
38	0.01842	0.01478	0.02595	0.02002	0.02499	0.01392	0.22826	0.02438	0.06239	0.11251	0.24863	0.04193	0.06828	0.04410	0.01101	0.00295	0.00830	0.01190	0.00724	0.01005
39	0.03509	0.01566	0.01998	0.01553	0.02184	0.01472	0.01276	0.11793	0.07926	0.52769	0.03118	0.02742	0.02014	0.01033	0.00836	0.00258	0.00730	0.00833	0.00987	0.01405
40	0.76672	0.01607	0.01221	0.01092	0.01607	0.01864	0.00900	0.02442	0.01414	0.03727	0.01157	0.01350	0.00900	0.00771	0.00514	0.00257	0.00643	0.00450	0.00514	0.00900
41	0.02151	0.02191	0.03162	0.10229	0.52164	0.10554	0.02405	0.02613	0.01932	0.02574	0.01519	0.01997	0.01266	0.00763	0.00814	0.00245	0.01064	0.00713	0.00410	0.01236
42	0.01226	0.00888	0.01057	0.01119	0.01314	0.00830	0.00809	0.01587	0.06610	0.05284	0.07506	0.37391	0.24798	0.02213	0.01008	0.00310	0.00493	0.03989	0.00793	0.00774
43	0.01513	0.01134	0.01341	0.01258	0.01540	0.01166	0.00951	0.02446	0.20617	0.05670	0.34414	0.12945	0.08411	0.01630	0.00944	0.00277	0.00496	0.01424	0.00875	0.00950
44	0.02674	0.01893	0.03601	0.02625	0.03373	0.01746	0.35785	0.03280	0.04321	0.28212	0.02382	0.02507	0.01625	0.00847	0.00917	0.00271	0.01096	0.00921	0.00679	0.01245
45	0.03727	0.01414	0.01928	0.01478	0.02121	0.01221	0.01221	0.04049	0.02378	0.66198	0.03277	0.02828	0.02056	0.01028	0.00835	0.00257	0.00707	0.00835	0.01028	0.01414
46	0.01569	0.01477	0.02492	0.68808	0.05722	0.01846	0.02307	0.02123	0.01661	0.02123	0.01477	0.02215	0.01107	0.00831	0.00831	0.00277	0.01107	0.00738	0.00369	0.00923
47	0.02191	0.02017	0.03264	0.04708	0.57887	0.02048	0.02430	0.09948	0.02139	0.03023	0.01616	0.02049	0.01328	0.00772	0.00823	0.00247	0.00978	0.00741	0.00463	0.01328
48	0.01055	0.00838	0.00954	0.01018	0.01210	0.00758	0.00727	0.01348	0.04658	0.02315	0.09963	0.32439	0.35270	0.02234	0.01007	0.00302	0.00454	0.01943	0.00783	0.00724
49	0.00982	0.00842	0.00842	0.00842	0.01122	0.00701	0.00631	0.01192	0.01894	0.02244	0.08416	0.07995	0.65285	0.02104	0.00982	0.00281	0.00421	0.01753	0.00771	0.00701
50	0.02582	0.01712	0.02757	0.03051	0.25286	0.01651	0.09111	0.03191	0.07464	0.25253	0.02562	0.03009	0.01946	0.00992	0.00873	0.00268	0.00892	0.05418	0.00696	0.01284
51	0.01948	0.03368	0.42012	0.02444	0.03458	0.01889	0.14809	0.06316	0.01967	0.07779	0.01844	0.05125	0.01401	0.00887	0.00847	0.00269	0.01168	0.00795	0.00467	0.01206
52	0.72725	0.01596	0.01259	0.01113	0.01634	0.01829	0.00917	0.02529	0.01466	0.07108	0.01271	0.01430	0.00962	0.00785	0.00531	0.00257	0.00646	0.00471	0.00542	0.00928
53	0.01583	0.00841	0.00848	0.00835	0.01047	0.00860	0.00629	0.02100	0.05879	0.03122	0.02755	0.03097	0.02156	0.00978	0.00598	0.00199	0.00405	0.00785	0.70471	0.00810
54	0.01729	0.09238	0.51999	0.06797	0.03685	0.02046	0.08045	0.02588	0.01760	0.02546	0.01480	0.01793	0.01075	0.00778	0.00788	0.00259	0.01208	0.00640	0.00358	0.01185
55	0.02770	0.02295	0.01981	0.01678	0.02167	0.21214	0.01317	0.16637	0.07848	0.15664	0.06971	0.02985	0.07972	0.01122	0.00824	0.00245	0.00926	0.00863	0.03382	0.01140
56	0.01549	0.00774	0.00774	0.00774	0.00968	0.00774	0.00581	0.01936	0.01742	0.03097	0.02710	0.03097	0.02129	0.00968	0.00581	0.00194	0.00387	0.00774	0.75416	0.00774
57	0.01831	0.01473	0.01734	0.01244	0.01977	0.01114	0.00997	0.02198	0.01758	0.06143	0.01574	0.01782	0.01275	0.00638	0.00627	0.00130	0.00620	0.00511	0.00521	0.71853
58	0.10973	0.19022	0.09451	0.02343	0.15621	0.02306	0.01734	0.03130	0.21779	0.02886	0.01992	0.02099	0.01570	0.00866	0.00719	0.00244	0.00841	0.00684	0.00543	0.01196
59	0.02934	0.02793	0.02870	0.02255	0.02880	0.21597	0.12173	0.34885	0.03112	0.03846	0.01731	0.01891	0.01285	0.00904	0.00833	0.00244	0.01170	0.00726	0.00641	0.01230
60	0.01666	0.04297	0.66500	0.02368	0.03596	0.01929	0.03069	0.02631	0.01754	0.02631	0.01491	0.01754	0.01052	0.00789	0.00789	0.00263	0.01228	0.00614	0.00351	0.01228
61	0.02464	0.56684	0.03916	0.01490	0.02190	0.03029	0.01426	0.10530	0.02034	0.07507	0.01434	0.01539	0.01191	0.00774	0.00596	0.00193	0.00877	0.00515	0.00471	0.01139
62	0.01176	0.00849	0.01110	0.01045	0.01241	0.00784	0.00784	0.01568	0.02352	0.03331	0.65184	0.06206	0.07839	0.01698	0.00980	0.00261	0.00392	0.01502	0.00914	0.00784
63	0.01443	0.00722	0.01082	0.01082	0.01082	0.00722	0.00722	0.01082	0.01082	0.01443	0.01443	0.02525	0.01443	0.02886	0.03247	0.75830	0.00722	0.00722	0.00361	0.00361
64	0.01012	0.00723	0.00964	0.01157	0.01205	0.00675	0.00771	0.01157	0.01591	0.02121	0.04579	0.70262	0.05495	0.02603	0.01060	0.00337	0.00482	0.02362	0.00771	0.00675
65	0.01666	0.04297	0.66500	0.02368	0.03596	0.01929	0.03069	0.02631	0.01754	0.02631	0.01491	0.01754	0.01052	0.00789	0.00789	0.00263	0.01228	0.00614	0.00351	0.01228
66	0.07078	0.01423	0.01895	0.01460	0.02097	0.01251	0.01206	0.03975	0.02333	0.63328	0.03180	0.02760	0.02003	0.01016	0.00821	0.00257	0.00704	0.00818	0.01005	0.01390
67	0.03123	0.01401	0.01821	0.01437	0.01988	0.01286	0.01170	0.10339	0.02549	0.45875	0.16185	0.03443	0.03201	0.01166	0.00865	0.00257	0.00664	0.00966	0.00981	0.01281
68	0.01643	0.01578	0.02507	0.48986	0.04668	0.02054	0.02161	0.02086	0.01545	0.02086	0.01362	0.02097	0.01102	0.01016	0.01395	0.00303	0.21391	0.00735	0.00367	0.00919
69	0.01038	0.00734	0.00956	0.01124	0.01166	0.00692	0.00736	0.01163	0.01540	0.02054	0.04322	0.61759	0.05170	0.11549	0.01476	0.00399	0.00524	0.02210	0.00736	0.00652
70	0.02037	0.02304	0.03895	0.02936	0.03516	0.10701	0.39006	0.02548	0.01840	0.02405	0.01543	0.02119	0.01249	0.01190	0.05146	0.00349	0.14901	0.00867	0.00411	0.01036
71	0.02285	0.13726	0.02493	0.01720	0.02235	0.13541	0.01411	0.09215	0.16150	0.02810	0.01825	0.01972	0.01472	0.00939	0.00976	0.00229	0.09862	0.00650	0.00557	0.15933
72	0.21595	0.01527	0.01805	0.01613	0.06969	0.01455	0.03444	0.02255	0.01695	0.06562	0.02225	0.02404	0.07978	0.00897	0.00785	0.00212	0.04382	0.00685	0.00542	0.30967

[dist]
# distance from previous block
# <min> <max>
0	1

[block]
# block no. 6 follows, 22 sequences, length 100
# corresponding to MSA columns:
# 594-693
name=unknown_G
#
# <colnr> <probs for GDERKNQSTAVLIFYWHMCP>
#	G	D	E	R	K	N	Q	S	T	A	V	L	I	F	Y	W	H	M	C	P
0	0.01924	0.19243	0.44067	0.02022	0.03063	0.02142	0.02442	0.02650	0.01775	0.06402	0.01523	0.01722	0.01129	0.00775	0.00722	0.00234	0.01078	0.00581	0.00403	0.06103
1	0.02740	0.03386	0.02466	0.02146	0.02588	0.52175	0.07930	0.03028	0.02312	0.02263	0.09381	0.02170	0.01943	0.00946	0.00803	0.00227	0.01348	0.00704	0.00489	0.00957
2	0.08120	0.01425	0.01885	0.01455	0.02090	0.01260	0.01202	0.03952	0.02320	0.62436	0.03150	0.02739	0.01987	0.01013	0.00816	0.00257	0.00703	0.00812	0.00997	0.01383
3	0.01965	0.01881	0.03207	0.17031	0.54403	0.01950	0.02504	0.02470	0.01848	0.02603	0.01547	0.02086	0.01277	0.00757	0.00824	0.00252	0.01009	0.00740	0.00403	0.01242
4	0.02013	0.01683	0.01963	0.02016	0.10988	0.01818	0.01379	0.14348	0.28790	0.03442	0.06480	0.03866	0.15089	0.01270	0.00873	0.00270	0.00693	0.01064	0.00769	0.01187
5	0.01031	0.00840	0.00917	0.00936	0.01181	0.00726	0.00706	0.01271	0.01930	0.02391	0.15239	0.12811	0.49322	0.02103	0.00998	0.00289	0.00443	0.05363	0.00790	0.00714
6	0.01010	0.00732	0.00954	0.01132	0.01198	0.00677	0.00760	0.01160	0.01615	0.02131	0.04885	0.65298	0.10261	0.02563	0.01054	0.00333	0.00477	0.02313	0.00771	0.00677
7	0.03727	0.01414	0.01928	0.01478	0.02121	0.01221	0.01221	0.04049	0.02378	0.66198	0.03277	0.02828	0.02056	0.01028	0.00835	0.00257	0.00707	0.00835	0.01028	0.01414
8	0.02516	0.06019	0.02393	0.02414	0.14299	0.22984	0.01605	0.03367	0.18809	0.09313	0.02308	0.06407	0.01888	0.01025	0.00806	0.00249	0.00997	0.00822	0.00618	0.01160
9	0.03727	0.01414	0.01928	0.01478	0.02121	0.01221	0.01221	0.04049	0.02378	0.66198	0.03277	0.02828	0.02056	0.01028	0.00835	0.00257	0.00707	0.00835	0.01028	0.01414
10	0.01639	0.00953	0.01249	0.01116	0.01398	0.00861	0.00858	0.02009	0.02335	0.14917	0.51077	0.05664	0.09448	0.01593	0.00953	0.00261	0.00452	0.01391	0.00929	0.00897
11	0.06280	0.01639	0.02902	0.51400	0.05188	0.01899	0.14438	0.02251	0.01707	0.02331	0.01498	0.02167	0.01126	0.00801	0.00841	0.00276	0.01138	0.00770	0.00388	0.00961
12	0.01946	0.02044	0.02701	0.17855	0.07092	0.10525	0.05609	0.02268	0.01579	0.02116	0.01269	0.01909	0.01116	0.01145	0.01815	0.00312	0.36640	0.00721	0.00379	0.00957
13	0.01106	0.00804	0.01047	0.01107	0.01248	0.00744	0.00802	0.01385	0.01985	0.02715	0.33074	0.32636	0.10470	0.02130	0.01023	0.00301	0.00453	0.05402	0.00838	0.00733
14	0.01723	0.01477	0.01723	0.01230	0.01969	0.01107	0.00984	0.02092	0.01723	0.02707	0.01477	0.01723	0.01230	0.00615	0.00615	0.00123	0.00615	0.00492	0.00492	0.75883
15	0.01953	0.01804	0.02598	0.16171	0.16326	0.02006	0.07525	0.03396	0.32650	0.02966	0.02456	0.02622	0.01872	0.00946	0.00850	0.00273	0.00887	0.00861	0.00618	0.01217
16	0.03061	0.02233	0.02389	0.01843	0.02479	0.02467	0.01519	0.59176	0.03775	0.05107	0.02038	0.02061	0.01456	0.00995	0.00816	0.00246	0.00882	0.00750	0.05332	0.01374
17	0.01300	0.01115	0.03940	0.01171	0.01452	0.00994	0.00939	0.01959	0.10342	0.03249	0.50731	0.05731	0.10634	0.01612	0.00954	0.00265	0.00464	0.01408	0.00872	0.00866
18	0.02019	0.01960	0.03417	0.08988	0.57844	0.01974	0.06477	0.02530	0.01882	0.02673	0.01565	0.02078	0.01299	0.00743	0.00833	0.00251	0.01022	0.00756	0.00409	0.01278
19	0.01093	0.00839	0.01001	0.00976	0.01194	0.00746	0.00726	0.01401	0.02133	0.02849	0.40140	0.10828	0.29255	0.01906	0.00986	0.00273	0.00408	0.01650	0.00852	0.00746
20	0.01387	0.00746	0.01067	0.01067	0.01076	0.00755	0.00703	0.01128	0.01119	0.01501	0.01691	0.03068	0.01751	0.14708	0.07293	0.58498	0.00827	0.00815	0.00390	0.00408
21	0.01129	0.00910	0.01448	0.01445	0.01590	0.00850	0.08370	0.01342	0.01636	0.02187	0.04223	0.61903	0.04974	0.02369	0.01051	0.00330	0.00595	0.02192	0.00728	0.00730
22	0.02245	0.01771	0.03038	0.20376	0.11674	0.01832	0.17896	0.03033	0.10656	0.15630	0.02176	0.02451	0.01568	0.00867	0.00872	0.00271	0.01025	0.00850	0.00589	0.01180
23	0.03727	0.01414	0.01928	0.01478	0.02121	0.01221	0.01221	0.04049	0.02378	0.66198	0.03277	0.02828	0.02056	0.01028	0.00835	0.00257	0.00707	0.00835	0.01028	0.01414
24	0.03727	0.01414	0.01928	0.01478	0.02121	0.01221	0.01221	0.04049	0.02378	0.66198	0.03277	0.02828	0.02056	0.01028	0.00835	0.00257	0.00707	0.00835	0.01028	0.01414
25	0.02137	0.31434	0.10856	0.02745	0.16427	0.02585	0.13492	0.06512	0.01937	0.02541	0.01434	0.01750	0.01178	0.00742	0.00728	0.00226	0.01046	0.00648	0.00410	0.01171
26	0.01012	0.00723	0.00964	0.01157	0.01205	0.00675	0.00771	0.01157	0.01591	0.02121	0.04579	0.70262	0.05495	0.02603	0.01060	0.00337	0.00482	0.02362	0.00771	0.00675
27	0.01666	0.04297	0.66500	0.02368	0.03596	0.01929	0.03069	0.02631	0.01754	0.02631	0.01491	0.01754	0.01052	0.00789	0.00789	0.00263	0.01228	0.00614	0.00351	0.01228
28	0.09707	0.16028	0.02476	0.01590	0.02150	0.08053	0.01335	0.10064	0.09023	0.08392	0.01755	0.01879	0.01376	0.00897	0.00888	0.00225	0.07835	0.00617	0.00574	0.15137
29	0.02363	0.33469	0.03137	0.01617	0.02167	0.05267	0.01427	0.11329	0.10291	0.06929	0.05573	0.02109	0.01786	0.00971	0.00903	0.00233	0.08052	0.00676	0.00569	0.01133
30	0.01957	0.42060	0.10416	0.01473	0.02126	0.05487	0.01459	0.02332	0.01863	0.02359	0.14192	0.02399	0.02447	0.00921	0.00667	0.00203	0.00838	0.00685	0.00480	0.05636
31	0.02263	0.23972	0.21881	0.01719	0.02485	0.02164	0.01803	0.09300	0.02028	0.12717	0.01985	0.06268	0.01649	0.05163	0.00946	0.00271	0.00934	0.00755	0.00548	0.01150
32	0.06540	0.01640	0.02021	0.06092	0.10033	0.05463	0.01420	0.10847	0.02275	0.27077	0.02803	0.15255	0.02356	0.01252	0.00854	0.00269	0.00795	0.01058	0.00774	0.01177
33	0.02058	0.01933	0.03050	0.04364	0.51941	0.01994	0.02283	0.02952	0.15307	0.02878	0.01955	0.02281	0.01579	0.00824	0.00827	0.00254	0.00916	0.00783	0.00505	0.01316
34	0.01937	0.01852	0.03157	0.20684	0.50969	0.01942	0.02490	0.02445	0.01835	0.02569	0.01542	0.02095	0.01265	0.00762	0.00824	0.00254	0.01016	0.00740	0.00401	0.01220
35	0.01824	0.01113	0.01553	0.14950	0.02388	0.01131	0.01213	0.02244	0.05695	0.17097	0.06601	0.30510	0.06836	0.01720	0.00941	0.00297	0.00664	0.01520	0.00760	0.00942
36	0.01176	0.00849	0.01110	0.01045	0.01241	0.00784	0.00784	0.01568	0.02352	0.03331	0.65184	0.06206	0.07839	0.01698	0.00980	0.00261	0.00392	0.01502	0.00914	0.00784
37	0.01087	0.00776	0.01045	0.01211	0.01285	0.00754	0.00860	0.01270	0.01594	0.02128	0.04241	0.51833	0.04961	0.07121	0.06569	0.00453	0.00683	0.10719	0.00727	0.00683
38	0.01543	0.01324	0.02206	0.55085	0.04782	0.01618	0.01986	0.01912	0.01544	0.01985	0.01470	0.02278	0.01175	0.01247	0.01320	0.15585	0.01029	0.00735	0.00367	0.00809
39	0.01781	0.01693	0.02875	0.41062	0.31809	0.01902	0.02413	0.02309	0.01762	0.02380	0.01514	0.02146	0.01198	0.00791	0.00827	0.00264	0.01055	0.00739	0.00387	0.01094
40	0.08134	0.01425	0.01885	0.01455	0.02090	0.01260	0.01202	0.03952	0.02320	0.62424	0.03149	0.02738	0.01987	0.01013	0.00816	0.00257	0.00703	0.00812	0.00997	0.01383
41	0.01012	0.00723	0.00964	0.01157	0.01205	0.00675	0.00771	0.01157	0.01591	0.02121	0.04579	0.70262	0.05495	0.02603	0.01060	0.00337	0.00482	0.02362	0.00771	0.00675
42	0.01666	0.04297	0.66500	0.02368	0.03596	0.01929	0.03069	0.02631	0.01754	0.02631	0.01491	0.01754	0.01052	0.00789	0.00789	0.00263	0.01228	0.00614	0.00351	0.01228
43	0.01777	0.00951	0.01195	0.01103	0.01272	0.00920	0.00747	0.01894	0.01517	0.16626	0.02846	0.08582	0.02842	0.43055	0.10495	0.00710	0.00925	0.01157	0.00635	0.00752
44	0.01505	0.01553	0.01243	0.01202	0.01482	0.16164	0.00893	0.01737	0.02040	0.02346	0.14898	0.12067	0.36218	0.01801	0.00935	0.00268	0.00672	0.01491	0.00713	0.00772
45	0.01723	0.01477	0.01723	0.01230	0.01969	0.01107	0.00984	0.02092	0.01723	0.02707	0.01477	0.01723	0.01230	0.00615	0.00615	0.00123	0.00615	0.00492	0.00492	0.75883
46	0.10976	0.03086	0.02354	0.02158	0.05761	0.38959	0.04104	0.10543	0.09236	0.02832	0.01620	0.01780	0.01276	0.00881	0.00757	0.00235	0.01209	0.00626	0.00532	0.01075
47	0.03281	0.02130	0.02371	0.01818	0.02478	0.02284	0.01502	0.50175	0.03576	0.18378	0.02271	0.02174	0.01552	0.01004	0.00832	0.00251	0.00869	0.00767	0.00874	0.01413
48	0.01328	0.00933	0.01178	0.01093	0.01331	0.00881	0.00828	0.01834	0.06380	0.05870	0.55142	0.05970	0.10722	0.01658	0.00965	0.00264	0.00424	0.01453	0.00906	0.00840
49	0.02331	0.01547	0.02248	0.02700	0.24193	0.01528	0.01611	0.03047	0.12388	0.20553	0.11442	0.07502	0.02911	0.01141	0.00867	0.00263	0.00738	0.01013	0.00749	0.01226
