[name]
unknown

[dist]
# distance from previous block
# <min> <max>
0	128

[block]
# block no. 0 follows, 23 sequences, length 95
# corresponding to MSA columns:
# 131-225
name=unknown_A
#
# <colnr> <probs for GDERKNQSTAVLIFYWHMCP>
#	G	D	E	R	K	N	Q	S	T	A	V	L	I	F	Y	W	H	M	C	P
0	0.02123	0.02484	0.29215	0.01724	0.02511	0.01439	0.01871	0.02803	0.05531	0.21341	0.03217	0.03373	0.11234	0.01117	0.00827	0.00260	0.00860	0.03891	0.00649	0.03529
1	0.02842	0.06261	0.02651	0.02168	0.07527	0.13016	0.07537	0.22543	0.08145	0.16018	0.02089	0.02114	0.01503	0.00905	0.00797	0.00241	0.00976	0.00734	0.00688	0.01245
2	0.01648	0.01560	0.02643	0.53822	0.20394	0.01833	0.02311	0.02175	0.01677	0.02214	0.01463	0.02126	0.01131	0.00790	0.00809	0.00263	0.01053	0.00722	0.00371	0.00995
3	0.01683	0.01442	0.01683	0.01202	0.01923	0.01082	0.00961	0.02043	0.01683	0.02644	0.01442	0.01683	0.01202	0.00601	0.00601	0.00120	0.00601	0.00481	0.00481	0.76444
4	0.01139	0.00777	0.00973	0.01006	0.01154	0.00724	0.00723	0.01431	0.01937	0.02768	0.32892	0.27162	0.09405	0.01867	0.00925	0.00271	0.00413	0.01653	0.12055	0.00724
5	0.01409	0.00705	0.01057	0.01057	0.01057	0.00705	0.00705	0.01057	0.01057	0.01409	0.01409	0.02467	0.01409	0.02819	0.03171	0.76392	0.00705	0.00705	0.00352	0.00352
6	0.01497	0.01016	0.01268	0.01153	0.01423	0.00992	0.00881	0.02163	0.11765	0.08834	0.51046	0.05315	0.06381	0.01517	0.00925	0.00258	0.00449	0.01328	0.00893	0.00898
7	0.01483	0.00753	0.00767	0.00778	0.00959	0.00751	0.00578	0.01847	0.01693	0.02971	0.02751	0.06906	0.02268	0.01037	0.00594	0.00197	0.00383	0.00845	0.71690	0.00751
8	0.01683	0.01442	0.01683	0.01202	0.01923	0.01082	0.00961	0.02043	0.01683	0.02644	0.01442	0.01683	0.01202	0.00601	0.00601	0.00120	0.00601	0.00481	0.00481	0.76444
9	0.02735	0.27237	0.02969	0.01850	0.02362	0.45916	0.01506	0.02962	0.02076	0.01960	0.01211	0.01408	0.01044	0.00787	0.00659	0.00197	0.01259	0.00492	0.00394	0.00975
10	0.58709	0.01379	0.01118	0.01023	0.01403	0.01569	0.00785	0.02092	0.01332	0.03137	0.01477	0.02290	0.01383	0.17968	0.01385	0.00381	0.00666	0.00620	0.00500	0.00785
11	0.01966	0.01959	0.02394	0.35829	0.03951	0.11830	0.01939	0.07711	0.05071	0.02367	0.01473	0.02003	0.01170	0.00974	0.01195	0.00277	0.15794	0.00700	0.00431	0.00966
12	0.00959	0.00822	0.00822	0.00822	0.01096	0.00685	0.00617	0.01165	0.01850	0.02192	0.08220	0.07809	0.66092	0.02055	0.00959	0.00274	0.00411	0.01713	0.00754	0.00685
13	0.01174	0.00810	0.01004	0.01004	0.01045	0.00851	0.00640	0.01257	0.01215	0.01662	0.02448	0.04706	0.02688	0.52879	0.22376	0.00934	0.01181	0.01092	0.00475	0.00558
14	0.01004	0.00717	0.00960	0.01148	0.01202	0.00673	0.00781	0.01157	0.01569	0.02089	0.04464	0.67899	0.05332	0.02527	0.01040	0.00332	0.00484	0.05206	0.00753	0.00663
15	0.01759	0.20692	0.51939	0.02088	0.03164	0.02207	0.02606	0.02536	0.01697	0.02409	0.01376	0.01613	0.01031	0.00752	0.00710	0.00237	0.01119	0.00559	0.00344	0.01161
16	0.03102	0.01318	0.01747	0.01390	0.01932	0.01187	0.01129	0.03582	0.07211	0.51484	0.13587	0.03328	0.02979	0.01120	0.00840	0.00254	0.00636	0.00932	0.00972	0.01272
17	0.01783	0.01290	0.01486	0.07168	0.01786	0.01395	0.00961	0.20051	0.02010	0.02681	0.02277	0.04025	0.02315	0.44130	0.02843	0.00578	0.00844	0.01005	0.00576	0.00794
18	0.02824	0.02174	0.02445	0.01919	0.02440	0.02510	0.01589	0.51438	0.03304	0.04485	0.01773	0.01914	0.01317	0.01063	0.01180	0.00266	0.14630	0.00726	0.00721	0.01282
19	0.01951	0.15495	0.02461	0.12857	0.07604	0.01700	0.01399	0.02327	0.01735	0.08016	0.01540	0.01806	0.01227	0.00699	0.00654	0.00176	0.00770	0.00559	0.00474	0.36551
20	0.01015	0.00782	0.00977	0.01059	0.01206	0.00744	0.00761	0.01210	0.01605	0.02074	0.05302	0.34261	0.26045	0.03126	0.15345	0.00518	0.00813	0.01791	0.00685	0.00682
21	0.01159	0.00869	0.01304	0.01304	0.01449	0.01014	0.01014	0.01449	0.01304	0.01884	0.02173	0.03188	0.02029	0.06086	0.68268	0.01304	0.02173	0.00869	0.00435	0.00724
22	0.08482	0.02457	0.21435	0.03155	0.29016	0.01847	0.02244	0.02591	0.05006	0.05922	0.04875	0.02143	0.01581	0.00860	0.00883	0.00256	0.04888	0.00714	0.00467	0.01180
23	0.02057	0.02039	0.03977	0.03341	0.15418	0.01925	0.40464	0.05684	0.01998	0.05922	0.01695	0.02127	0.01285	0.00714	0.00883	0.00252	0.01168	0.00854	0.00465	0.07731
24	0.03641	0.01381	0.01883	0.01444	0.02071	0.01193	0.01193	0.03954	0.02322	0.66984	0.03201	0.02762	0.02009	0.01004	0.00816	0.00251	0.00690	0.00816	0.01004	0.01381
25	0.01368	0.01082	0.01433	0.01389	0.01610	0.01259	0.01080	0.02146	0.16796	0.02251	0.02448	0.03149	0.02138	0.04872	0.51853	0.01054	0.01801	0.00881	0.00530	0.00861
26	0.02169	0.71972	0.04252	0.01388	0.02083	0.03211	0.01388	0.02430	0.01649	0.01909	0.01128	0.01302	0.01041	0.00694	0.00521	0.00174	0.00868	0.00434	0.00347	0.01041
27	0.01180	0.00787	0.00885	0.00885	0.00885	0.00787	0.00492	0.01180	0.01180	0.01573	0.02557	0.05310	0.02950	0.71483	0.04130	0.00787	0.00787	0.01180	0.00492	0.00492
28	0.00989	0.00706	0.00942	0.01130	0.01177	0.00659	0.00753	0.01130	0.01554	0.02071	0.04472	0.70954	0.05367	0.02542	0.01036	0.00330	0.00471	0.02307	0.00753	0.00659
29	0.01360	0.01052	0.01267	0.01174	0.01431	0.01070	0.00892	0.02208	0.17547	0.03288	0.50736	0.05323	0.06396	0.01523	0.00925	0.00260	0.00446	0.01334	0.00877	0.00892
30	0.03641	0.01381	0.01883	0.01444	0.02071	0.01193	0.01193	0.03954	0.02322	0.66984	0.03201	0.02762	0.02009	0.01004	0.00816	0.00251	0.00690	0.00816	0.01004	0.01381
31	0.00959	0.00822	0.00822	0.00822	0.01096	0.00685	0.00617	0.01165	0.01850	0.02192	0.08220	0.07809	0.66092	0.02055	0.00959	0.00274	0.00411	0.01713	0.00754	0.00685
32	0.03485	0.01630	0.02038	0.01562	0.02196	0.01563	0.01290	0.20677	0.02740	0.49671	0.02851	0.02534	0.01833	0.00996	0.00815	0.00249	0.00747	0.00792	0.00950	0.01381
33	0.01627	0.04197	0.67279	0.02313	0.03512	0.01884	0.02998	0.02570	0.01713	0.02570	0.01456	0.01713	0.01028	0.00771	0.00771	0.00257	0.01199	0.00600	0.00343	0.01199
34	0.01683	0.01442	0.01683	0.01202	0.01923	0.01082	0.00961	0.02043	0.01683	0.02644	0.01442	0.01683	0.01202	0.00601	0.00601	0.00120	0.00601	0.00481	0.00481	0.76444
35	0.01110	0.00799	0.01050	0.01047	0.01204	0.00740	0.00763	0.01434	0.02116	0.02966	0.51020	0.21855	0.07099	0.01874	0.00976	0.00273	0.00404	0.01672	0.00859	0.00740
36	0.03244	0.02018	0.02277	0.01746	0.02389	0.02138	0.01442	0.46624	0.03388	0.22809	0.02307	0.02181	0.01560	0.00983	0.00813	0.00246	0.00835	0.00755	0.00867	0.01380
37	0.01532	0.01442	0.02434	0.69533	0.05589	0.01803	0.02253	0.02073	0.01622	0.02073	0.01442	0.02163	0.01082	0.00811	0.00811	0.00270	0.01082	0.00721	0.00361	0.00901
38	0.01683	0.01442	0.01683	0.01202	0.01923	0.01082	0.00961	0.02043	0.01683	0.02644	0.01442	0.01683	0.01202	0.00601	0.00601	0.00120	0.00601	0.00481	0.00481	0.76444
39	0.01698	0.03708	0.52070	0.02582	0.03689	0.01925	0.17717	0.02577	0.01762	0.02577	0.01501	0.01829	0.01077	0.00750	0.00816	0.00261	0.01240	0.00687	0.00359	0.01174
40	0.01231	0.00877	0.01046	0.01015	0.01022	0.00946	0.00630	0.01261	0.01192	0.01622	0.02407	0.04893	0.02738	0.62029	0.07281	0.00775	0.06894	0.01123	0.00477	0.00538
41	0.01020	0.00769	0.00944	0.01018	0.01164	0.00693	0.00719	0.01240	0.01821	0.02400	0.20900	0.37352	0.22635	0.02187	0.00995	0.00296	0.00432	0.01933	0.00788	0.00693
42	0.01775	0.01775	0.02485	0.02130	0.02130	0.02485	0.01775	0.01953	0.01243	0.01953	0.01065	0.01775	0.01065	0.01420	0.02663	0.00355	0.69998	0.00710	0.00355	0.00888
43	0.01670	0.03901	0.58052	0.02476	0.03620	0.01909	0.11928	0.02574	0.01743	0.02574	0.01484	0.01783	0.01058	0.00758	0.00798	0.00259	0.01224	0.00652	0.00353	0.01184
44	0.01159	0.00869	0.01304	0.01304	0.01449	0.01014	0.01014	0.01449	0.01304	0.01884	0.02173	0.03188	0.02029	0.06086	0.68268	0.01304	0.02173	0.00869	0.00435	0.00724
45	0.01806	0.01719	0.02883	0.20955	0.45959	0.01799	0.02284	0.02281	0.01791	0.02469	0.02028	0.02501	0.06296	0.00849	0.00817	0.00251	0.00950	0.00800	0.00419	0.01141
46	0.00981	0.00734	0.00912	0.01055	0.01157	0.00665	0.00720	0.01138	0.01626	0.02101	0.05384	0.55585	0.20146	0.02424	0.01017	0.00316	0.00456	0.02162	0.00753	0.00665
47	0.02018	0.01743	0.01835	0.01651	0.02110	0.02018	0.01284	0.04312	0.64956	0.03394	0.03303	0.03027	0.02477	0.01101	0.00826	0.00275	0.00642	0.00917	0.00826	0.01284
48	0.01801	0.18608	0.02308	0.01247	0.01962	0.01600	0.01065	0.02137	0.01674	0.02465	0.01366	0.01590	0.01163	0.00624	0.00581	0.00133	0.00666	0.00469	0.00448	0.58092
49	0.01628	0.01211	0.01579	0.01441	0.01709	0.01380	0.01143	0.16604	0.01915	0.02670	0.02119	0.02886	0.01871	0.04842	0.51850	0.01046	0.01862	0.00836	0.00526	0.00884
50	0.03085	0.02273	0.02435	0.01867	0.02516	0.02516	0.01542	0.63716	0.03815	0.05114	0.01948	0.01948	0.01380	0.00974	0.00812	0.00244	0.00893	0.00731	0.00812	0.01380
51	0.00989	0.00706	0.00942	0.01130	0.01177	0.00659	0.00753	0.01130	0.01554	0.02071	0.04472	0.70954	0.05367	0.02542	0.01036	0.00330	0.00471	0.02307	0.00753	0.00659
52	0.01159	0.00869	0.01304	0.01304	0.01449	0.01014	0.01014	0.01449	0.01304	0.01884	0.02173	0.03188	0.02029	0.06086	0.68268	0.01304	0.02173	0.00869	0.00435	0.00724
53	0.21547	0.01427	0.01715	0.01352	0.01949	0.01345	0.01116	0.03573	0.02093	0.51567	0.02697	0.02410	0.01734	0.00943	0.00740	0.00251	0.00675	0.00724	0.00882	0.01259
54	0.03641	0.01381	0.01883	0.01444	0.02071	0.01193	0.01193	0.03954	0.02322	0.66984	0.03201	0.02762	0.02009	0.01004	0.00816	0.00251	0.00690	0.00816	0.01004	0.01381
55	0.01148	0.00829	0.01085	0.01021	0.01212	0.00766	0.00766	0.01531	0.02297	0.03254	0.65994	0.06061	0.07656	0.01659	0.00957	0.00255	0.00383	0.01467	0.00893	0.00766
56	0.03227	0.02045	0.02294	0.01759	0.02402	0.02178	0.01453	0.48422	0.03433	0.20948	0.02269	0.02156	0.01541	0.00982	0.00813	0.00245	0.00841	0.00752	0.00861	0.01380
57	0.01307	0.01010	0.01213	0.01131	0.01382	0.01008	0.00857	0.02055	0.14718	0.03199	0.49018	0.05595	0.11192	0.01579	0.00931	0.00261	0.00437	0.01377	0.00869	0.00862
58	0.21129	0.08348	0.02172	0.01604	0.02172	0.15248	0.01314	0.21413	0.02482	0.14215	0.01749	0.01778	0.01267	0.00874	0.00696	0.00234	0.00906	0.00607	0.00650	0.01141
59	0.00966	0.00794	0.00851	0.00897	0.01116	0.00679	0.00650	0.01156	0.01777	0.02163	0.07308	0.23178	0.51313	0.02174	0.00978	0.00288	0.00426	0.01857	0.00753	0.00679
60	0.01876	0.13109	0.53059	0.02112	0.03193	0.02003	0.02623	0.02672	0.01758	0.08099	0.01564	0.01749	0.01115	0.00781	0.00741	0.00245	0.01110	0.00596	0.00401	0.01194
61	0.01989	0.01717	0.01822	0.01612	0.02094	0.01937	0.01256	0.04114	0.59437	0.03329	0.03140	0.02910	0.02366	0.01057	0.00806	0.00262	0.00639	0.00879	0.00796	0.07840
62	0.02017	0.21829	0.41652	0.01982	0.02958	0.05525	0.02343	0.02687	0.01779	0.07984	0.01512	0.01683	0.01118	0.00774	0.00707	0.00232	0.01081	0.00571	0.00405	0.01160
63	0.08781	0.01922	0.02110	0.01665	0.02246	0.02064	0.01359	0.42829	0.03162	0.15750	0.02328	0.08067	0.01801	0.01099	0.00808	0.00253	0.00799	0.00861	0.00817	0.01278
64	0.00966	0.00822	0.00831	0.00829	0.01100	0.00688	0.00622	0.01178	0.01865	0.02230	0.10276	0.07747	0.64013	0.02041	0.00959	0.00273	0.00410	0.01704	0.00758	0.00688
65	0.01056	0.00791	0.00902	0.00932	0.01127	0.00703	0.00677	0.01300	0.01866	0.02470	0.19572	0.21697	0.33527	0.01984	0.00942	0.00275	0.00416	0.01713	0.07346	0.00703
66	0.02145	0.08156	0.03001	0.14022	0.36279	0.07870	0.02124	0.08691	0.05043	0.02720	0.01582	0.01966	0.01278	0.00787	0.00776	0.00239	0.00995	0.00690	0.00453	0.01183
67	0.01316	0.01054	0.01547	0.07619	0.11773	0.01038	0.01165	0.01728	0.02168	0.03057	0.50296	0.05088	0.06088	0.01439	0.00920	0.00254	0.00535	0.01286	0.00770	0.00859
68	0.00989	0.00706	0.00942	0.01130	0.01177	0.00659	0.00753	0.01130	0.01554	0.02071	0.04472	0.70954	0.05367	0.02542	0.01036	0.00330	0.00471	0.02307	0.00753	0.00659
69	0.04137	0.17323	0.42906	0.02123	0.03099	0.09334	0.05350	0.02611	0.01764	0.02410	0.01369	0.01616	0.01038	0.00758	0.00718	0.00236	0.01154	0.00571	0.00360	0.01126
70	0.01850	0.01679	0.02714	0.47569	0.10297	0.01947	0.07507	0.11778	0.02010	0.02644	0.01546	0.02118	0.01159	0.00818	0.00823	0.00264	0.01067	0.00743	0.00439	0.01026
71	0.01026	0.00730	0.00971	0.01149	0.01206	0.00690	0.00788	0.01181	0.01562	0.02077	0.04359	0.62203	0.05182	0.06041	0.01201	0.00357	0.00511	0.07369	0.00739	0.00658
72	0.03085	0.02273	0.02435	0.01867	0.02516	0.02516	0.01542	0.63716	0.03815	0.05114	0.01948	0.01948	0.01380	0.00974	0.00812	0.00244	0.00893	0.00731	0.00812	0.01380
73	0.02008	0.01928	0.03294	0.04981	0.66422	0.01928	0.02490	0.02490	0.01848	0.02651	0.01526	0.02008	0.01285	0.00723	0.00803	0.00241	0.00964	0.00723	0.00402	0.01285
74	0.02351	0.02742	0.01871	0.01712	0.02057	0.42140	0.01286	0.02736	0.05878	0.02486	0.22775	0.03073	0.03313	0.01123	0.00812	0.00228	0.01059	0.00858	0.00598	0.00902
75	0.01742	0.01886	0.11187	0.18858	0.11943	0.01725	0.03848	0.02376	0.06683	0.05588	0.08903	0.02695	0.03925	0.01016	0.01053	0.00265	0.09624	0.00828	0.00508	0.05347
76	0.01005	0.00731	0.00948	0.01090	0.01174	0.00674	0.00743	0.01180	0.01667	0.02222	0.12075	0.57722	0.10985	0.02395	0.01020	0.00316	0.00455	0.02155	0.00770	0.00674
77	0.01764	0.01515	0.01720	0.01311	0.01968	0.01310	0.01040	0.02595	0.17082	0.02827	0.01895	0.02010	0.01512	0.00723	0.00656	0.00158	0.00611	0.00587	0.00565	0.58151
78	0.02155	0.11966	0.16978	0.02161	0.08779	0.02036	0.05473	0.06253	0.20181	0.10252	0.02278	0.04283	0.01745	0.00936	0.00782	0.00251	0.00884	0.00784	0.00605	0.01218
79	0.22656	0.12961	0.14179	0.07458	0.02464	0.01900	0.04635	0.05775	0.01807	0.02981	0.09581	0.02246	0.01926	0.00888	0.00684	0.00239	0.00816	0.00685	0.05135	0.00983
80	0.01092	0.00851	0.01007	0.01037	0.01268	0.00766	0.00823	0.01384	0.01968	0.02521	0.22051	0.07689	0.36188	0.01999	0.00998	0.00293	0.00486	0.16070	0.00788	0.00721
81	0.01457	0.01311	0.05240	0.07502	0.08177	0.01176	0.01229	0.02054	0.09714	0.05909	0.16827	0.10135	0.23008	0.01532	0.00902	0.00269	0.00610	0.01320	0.00711	0.00915
82	0.02584	0.08009	0.02780	0.07593	0.11175	0.07033	0.10518	0.05050	0.11224	0.22336	0.02263	0.02319	0.01619	0.00879	0.00803	0.00248	0.00930	0.00773	0.00654	0.01211
83	0.01323	0.01034	0.01311	0.01225	0.01237	0.01220	0.00850	0.01392	0.01206	0.01693	0.02160	0.04265	0.02411	0.48727	0.09367	0.00727	0.17753	0.01039	0.00453	0.00608
84	0.00985	0.00823	0.00857	0.00849	0.01112	0.00696	0.00637	0.01214	0.01910	0.02335	0.16016	0.07573	0.58207	0.02002	0.00959	0.00271	0.00407	0.01679	0.00772	0.00696
85	0.01677	0.01578	0.02691	0.40848	0.24422	0.01775	0.04425	0.02190	0.01725	0.02305	0.01725	0.02725	0.01464	0.00904	0.00841	0.00270	0.01025	0.05984	0.00409	0.01016
86	0.02114	0.37661	0.15928	0.12880	0.02974	0.02551	0.01845	0.07264	0.01864	0.06032	0.01426	0.01658	0.01127	0.00768	0.00657	0.00216	0.00959	0.00559	0.00422	0.01095
87	0.01633	0.01041	0.01374	0.01784	0.16881	0.01041	0.01035	0.02037	0.01737	0.02934	0.02374	0.02778	0.01886	0.00891	0.00625	0.00202	0.00521	0.00748	0.57591	0.00885
88	0.02018	0.01743	0.01835	0.01651	0.02110	0.02018	0.01284	0.04312	0.64956	0.03394	0.03303	0.03027	0.02477	0.01101	0.00826	0.00275	0.00642	0.00917	0.00826	0.01284
89	0.01990	0.01506	0.06987	0.02001	0.10865	0.01277	0.04519	0.05296	0.03992	0.17234	0.08937	0.22580	0.03390	0.01493	0.00909	0.00280	0.00722	0.04251	0.00730	0.01042
90	0.02582	0.02190	0.02404	0.05753	0.12010	0.08003	0.01658	0.31791	0.18161	0.03903	0.02129	0.02188	0.01589	0.00947	0.00807	0.00249	0.00902	0.00756	0.00697	0.01280
91	0.01164	0.00849	0.01202	0.01202	0.01312	0.00959	0.00887	0.01384	0.01274	0.01808	0.02267	0.03704	0.02253	0.21998	0.52662	0.01178	0.01836	0.00945	0.00449	0.00668
92	0.70617	0.01799	0.06961	0.01176	0.01739	0.01826	0.01064	0.02401	0.01410	0.03547	0.01158	0.01353	0.00892	0.00755	0.00526	0.00252	0.00678	0.00453	0.00488	0.00907
93	0.02109	0.01838	0.03095	0.10302	0.55499	0.01853	0.02356	0.02582	0.01869	0.08216	0.01665	0.02088	0.01331	0.00755	0.00805	0.00244	0.00950	0.00731	0.00451	0.01260
94	0.03198	0.01512	0.01795	0.01434	0.01975	0.06977	0.01159	0.03514	0.02316	0.51362	0.12833	0.03164	0.02806	0.01092	0.00831	0.00248	0.00710	0.00892	0.00936	0.01246

[dist]
# distance from previous block
# <min> <max>
0	14

[block]
# block no. 1 follows, 23 sequences, length 11
# corresponding to MSA columns:
# 240-250
name=unknown_B
#
# <colnr> <probs for GDERKNQSTAVLIFYWHMCP>
#	G	D	E	R	K	N	Q	S	T	A	V	L	I	F	Y	W	H	M	C	P
0	0.01803	0.07193	0.01992	0.01636	0.01825	0.16087	0.01287	0.02005	0.01513	0.01883	0.01662	0.02596	0.01618	0.12248	0.22842	0.00666	0.19163	0.00762	0.00412	0.00806
1	0.01848	0.01763	0.09288	0.01432	0.02089	0.01361	0.01268	0.02707	0.15954	0.07799	0.08482	0.02510	0.02177	0.00870	0.00723	0.00194	0.00665	0.00717	0.00623	0.37530
2	0.02348	0.04085	0.13709	0.02201	0.06212	0.04807	0.06014	0.15836	0.02200	0.11817	0.01883	0.02390	0.01492	0.01071	0.01236	0.00278	0.16430	0.04269	0.00573	0.01150
3	0.01493	0.01075	0.01257	0.01151	0.01454	0.01061	0.00882	0.02260	0.16221	0.07943	0.34638	0.05508	0.18721	0.01570	0.00917	0.00263	0.00471	0.01347	0.00856	0.00911
4	0.01338	0.01161	0.01710	0.08675	0.09408	0.01330	0.01334	0.01567	0.01525	0.02112	0.03063	0.40558	0.03500	0.01906	0.01350	0.00319	0.16145	0.01606	0.00584	0.00807
5	0.01905	0.01978	0.03016	0.32723	0.23394	0.09588	0.11044	0.02410	0.01811	0.02313	0.01474	0.02039	0.01160	0.00769	0.00821	0.00255	0.01132	0.00733	0.00387	0.01050
6	0.01808	0.02112	0.12311	0.15994	0.21542	0.02035	0.02186	0.02564	0.10747	0.02478	0.01652	0.02089	0.01330	0.00958	0.01219	0.00280	0.16421	0.00729	0.00436	0.01109
7	0.01219	0.00938	0.01141	0.01247	0.01386	0.00963	0.00872	0.01842	0.15739	0.02367	0.04211	0.55756	0.04720	0.02220	0.00989	0.00317	0.00509	0.01996	0.00769	0.00799
8	0.01537	0.01479	0.01309	0.01402	0.01540	0.15830	0.00973	0.01667	0.01770	0.02128	0.03792	0.54542	0.04420	0.02191	0.00998	0.00317	0.00723	0.01910	0.00702	0.00768
9	0.01838	0.02773	0.26946	0.11285	0.19808	0.01949	0.15816	0.05140	0.01871	0.02647	0.01534	0.01955	0.01159	0.00754	0.00826	0.00258	0.01149	0.00729	0.00395	0.01170
10	0.02074	0.10547	0.07359	0.01708	0.02139	0.09828	0.01497	0.15857	0.02159	0.02759	0.02873	0.03023	0.15212	0.01252	0.01249	0.00266	0.17780	0.00868	0.00549	0.01003

[dist]
# distance from previous block
# <min> <max>
0	1

[block]
# block no. 2 follows, 23 sequences, length 9
# corresponding to MSA columns:
# 252-260
name=unknown_C
#
# <colnr> <probs for GDERKNQSTAVLIFYWHMCP>
#	G	D	E	R	K	N	Q	S	T	A	V	L	I	F	Y	W	H	M	C	P
0	0.08658	0.09719	0.08468	0.01730	0.02330	0.01940	0.05664	0.05924	0.13483	0.02895	0.01947	0.04972	0.01634	0.00981	0.00929	0.00245	0.07324	0.00739	0.00561	0.19857
1	0.01209	0.01021	0.01272	0.15188	0.02120	0.00988	0.01024	0.01486	0.01928	0.02429	0.16732	0.06368	0.41648	0.01769	0.00962	0.00286	0.00579	0.01476	0.00722	0.00792
2	0.02134	0.16012	0.02748	0.26183	0.03401	0.02231	0.01773	0.08747	0.01863	0.10341	0.01569	0.01958	0.01215	0.00954	0.01137	0.00263	0.15279	0.00673	0.00483	0.01036
3	0.08580	0.09575	0.08899	0.18291	0.03387	0.01809	0.15700	0.02390	0.01747	0.09456	0.02011	0.10926	0.01744	0.01006	0.00811	0.00263	0.00972	0.00922	0.00502	0.01008
4	0.02622	0.01124	0.01509	0.01289	0.01703	0.01017	0.01015	0.02904	0.01998	0.40320	0.03307	0.16989	0.02716	0.01795	0.07172	0.00359	0.00750	0.01124	0.09186	0.01100
5	0.01844	0.01946	0.02406	0.55530	0.04949	0.15594	0.02111	0.02315	0.01763	0.02055	0.01403	0.02018	0.01074	0.00816	0.00795	0.00258	0.01161	0.00680	0.00372	0.00910
6	0.01696	0.07238	0.01464	0.01149	0.01459	0.01041	0.00903	0.01970	0.01990	0.15894	0.21385	0.19215	0.15585	0.01719	0.00913	0.00271	0.00528	0.03893	0.00807	0.00880
7	0.06862	0.01684	0.02372	0.20235	0.16906	0.01846	0.01816	0.14991	0.02219	0.11485	0.04533	0.02544	0.01713	0.00966	0.00886	0.00262	0.03731	0.03227	0.00592	0.01131
8	0.02177	0.20066	0.33049	0.02007	0.02875	0.16030	0.02189	0.08106	0.02006	0.02517	0.01380	0.01584	0.01066	0.00784	0.00707	0.00226	0.01148	0.00556	0.00401	0.01124

[dist]
# distance from previous block
# <min> <max>
10	62

[block]
# block no. 3 follows, 23 sequences, length 15
# corresponding to MSA columns:
# 323-337
name=unknown_D
#
# <colnr> <probs for GDERKNQSTAVLIFYWHMCP>
#	G	D	E	R	K	N	Q	S	T	A	V	L	I	F	Y	W	H	M	C	P
0	0.02129	0.15301	0.23819	0.01822	0.02638	0.02204	0.01889	0.16964	0.11821	0.03175	0.01791	0.01890	0.01352	0.00836	0.00725	0.00227	0.00919	0.00636	0.00541	0.09319
1	0.01753	0.01669	0.08927	0.06801	0.15254	0.01450	0.01576	0.02552	0.13418	0.08288	0.19901	0.03822	0.08777	0.01192	0.00860	0.00258	0.00712	0.01038	0.00683	0.01066
2	0.02656	0.01935	0.01931	0.01614	0.02109	0.13611	0.01287	0.14943	0.06496	0.20413	0.02305	0.02520	0.01740	0.01865	0.12674	0.00421	0.01122	0.02162	0.00698	0.07497
3	0.02327	0.02071	0.19013	0.01784	0.02477	0.01380	0.09960	0.02870	0.01995	0.25550	0.06746	0.02686	0.02049	0.00934	0.00788	0.00245	0.00837	0.00813	0.14336	0.01139
4	0.01610	0.03698	0.55525	0.14497	0.03888	0.01870	0.02863	0.02480	0.01697	0.02480	0.01454	0.01795	0.01038	0.00778	0.00778	0.00259	0.01178	0.00622	0.00346	0.01145
5	0.01774	0.21698	0.02514	0.18506	0.02827	0.09022	0.01557	0.02123	0.01769	0.02119	0.02361	0.08558	0.02392	0.01311	0.00824	0.00270	0.00923	0.18066	0.00501	0.00885
6	0.02018	0.08383	0.18699	0.02749	0.12132	0.02027	0.19670	0.02966	0.13290	0.07089	0.01946	0.02166	0.01453	0.00809	0.00821	0.00255	0.01051	0.00778	0.00504	0.01196
7	0.02362	0.06823	0.15537	0.14304	0.09852	0.01626	0.01869	0.02865	0.01972	0.25347	0.07503	0.02537	0.01973	0.00925	0.00796	0.00250	0.00881	0.00773	0.00634	0.01172
8	0.02848	0.03482	0.02215	0.02011	0.02436	0.56225	0.01516	0.03434	0.13657	0.02241	0.01626	0.01747	0.01305	0.00884	0.00749	0.00221	0.01314	0.00594	0.00492	0.01003
9	0.01116	0.00855	0.01228	0.06094	0.05946	0.00842	0.01010	0.01323	0.01599	0.02134	0.04053	0.57490	0.04750	0.02280	0.01010	0.00322	0.00564	0.05956	0.00702	0.00724
10	0.02261	0.17619	0.09056	0.02317	0.03004	0.02367	0.22234	0.13657	0.02136	0.07231	0.01610	0.01902	0.01234	0.00852	0.01003	0.00252	0.08894	0.00733	0.00498	0.01139
11	0.01229	0.05278	0.01351	0.01179	0.01350	0.01043	0.00908	0.01485	0.01557	0.02136	0.13904	0.04741	0.06345	0.16273	0.31074	0.00819	0.01308	0.06745	0.00565	0.00710
12	0.01423	0.05829	0.06720	0.02031	0.07572	0.01332	0.14788	0.01817	0.01809	0.02474	0.14344	0.29319	0.03970	0.01587	0.00935	0.00282	0.00767	0.01494	0.00621	0.00887
13	0.01764	0.02317	0.16402	0.18923	0.15142	0.08820	0.06225	0.02257	0.01696	0.02223	0.01656	0.02535	0.01453	0.13590	0.01404	0.00349	0.01092	0.00773	0.00398	0.00980
14	0.01175	0.01422	0.14420	0.01330	0.01627	0.00919	0.01190	0.01505	0.01602	0.02275	0.03662	0.49558	0.04130	0.02010	0.00931	0.00300	0.00609	0.01793	0.08762	0.00779

[dist]
# distance from previous block
# <min> <max>
5	49

[block]
# block no. 4 follows, 23 sequences, length 19
# corresponding to MSA columns:
# 387-405
name=unknown_E
#
# <colnr> <probs for GDERKNQSTAVLIFYWHMCP>
#	G	D	E	R	K	N	Q	S	T	A	V	L	I	F	Y	W	H	M	C	P
0	0.02410	0.15094	0.07019	0.02246	0.11321	0.02174	0.06793	0.15978	0.10873	0.10697	0.01981	0.02068	0.01482	0.00848	0.00755	0.00231	0.00881	0.00705	0.00610	0.05833
1	0.02107	0.01879	0.02248	0.03413	0.06075	0.11833	0.09882	0.06291	0.07493	0.08872	0.06115	0.11156	0.03795	0.01107	0.00824	0.00237	0.00869	0.00975	0.00619	0.14209
2	0.15465	0.01979	0.12045	0.02311	0.13918	0.01587	0.07828	0.02814	0.01864	0.21272	0.02107	0.06069	0.01611	0.00912	0.00768	0.00250	0.00855	0.00785	0.00609	0.04949
3	0.20276	0.01738	0.02478	0.02951	0.29028	0.01749	0.05278	0.04292	0.03532	0.13981	0.01778	0.01988	0.01338	0.00785	0.00731	0.00241	0.00828	0.00675	0.00556	0.05779
4	0.02205	0.01674	0.01999	0.05938	0.02330	0.01880	0.01386	0.07106	0.30936	0.12105	0.02519	0.02515	0.01885	0.01052	0.01082	0.00264	0.11486	0.00795	0.00707	0.10138
5	0.01527	0.01381	0.01875	0.16852	0.14165	0.05372	0.01482	0.02021	0.05595	0.02610	0.21789	0.15342	0.03953	0.01375	0.00889	0.00267	0.00738	0.01225	0.00630	0.00912
6	0.01785	0.01547	0.02382	0.19991	0.08496	0.01663	0.09757	0.11749	0.05882	0.03050	0.17513	0.03561	0.03070	0.01126	0.00886	0.00267	0.00864	0.04777	0.00622	0.01013
7	0.01753	0.02014	0.11808	0.01592	0.02077	0.07126	0.01406	0.03051	0.30611	0.02963	0.14494	0.07826	0.07290	0.01279	0.00855	0.00267	0.00725	0.01072	0.00719	0.01072
8	0.01537	0.00919	0.01229	0.01112	0.01368	0.00855	0.00855	0.01901	0.02210	0.13052	0.50400	0.05286	0.06264	0.01960	0.07069	0.00350	0.00594	0.01312	0.00869	0.00858
9	0.14674	0.02089	0.02196	0.01707	0.02332	0.02298	0.01410	0.49180	0.03312	0.10047	0.01925	0.01918	0.01354	0.00942	0.00764	0.00245	0.00835	0.00692	0.00780	0.01302
10	0.01178	0.00789	0.00895	0.00892	0.00901	0.00786	0.00505	0.01198	0.01236	0.01658	0.05743	0.05348	0.03186	0.67976	0.03971	0.00760	0.00766	0.01194	0.00512	0.00505
11	0.01771	0.01737	0.03036	0.23251	0.19143	0.01734	0.16585	0.02292	0.01760	0.02463	0.01510	0.02027	0.01193	0.00714	0.00798	0.00231	0.01016	0.00725	0.00409	0.17606
12	0.01094	0.00910	0.01143	0.11594	0.01829	0.00875	0.00917	0.01385	0.01888	0.02402	0.19844	0.12291	0.37265	0.01816	0.00943	0.00274	0.00515	0.01557	0.00724	0.00735
13	0.01980	0.05996	0.02846	0.32161	0.26315	0.02043	0.02174	0.11840	0.02045	0.02740	0.01532	0.02023	0.01197	0.00798	0.00791	0.00250	0.00998	0.00706	0.00444	0.01119
14	0.10968	0.10682	0.02450	0.02435	0.21583	0.07277	0.01519	0.02434	0.01838	0.06427	0.07361	0.02134	0.01791	0.00808	0.00697	0.00207	0.00806	0.00657	0.00505	0.17422
15	0.13600	0.02151	0.13288	0.01620	0.02164	0.05930	0.01470	0.12194	0.16802	0.03250	0.06263	0.13023	0.02474	0.01210	0.00798	0.00266	0.00787	0.00983	0.00655	0.01071
16	0.02151	0.02061	0.11695	0.02053	0.06255	0.01876	0.03209	0.19332	0.08089	0.07009	0.02501	0.03758	0.02201	0.01284	0.01084	0.00292	0.08355	0.15010	0.00657	0.01129
17	0.01789	0.01097	0.01477	0.01286	0.01542	0.01126	0.01016	0.02125	0.02138	0.16932	0.42208	0.04675	0.05400	0.01479	0.01192	0.00270	0.11289	0.01208	0.00834	0.00919
18	0.01788	0.14256	0.43481	0.02186	0.03178	0.02123	0.08042	0.02771	0.09732	0.02574	0.01656	0.01859	0.01232	0.00793	0.00756	0.00248	0.01092	0.00647	0.00411	0.01176

[dist]
# distance from previous block
# <min> <max>
1	4

[block]
# block no. 5 follows, 23 sequences, length 26
# corresponding to MSA columns:
# 410,412-436
name=unknown_F
#
# <colnr> <probs for GDERKNQSTAVLIFYWHMCP>
#	G	D	E	R	K	N	Q	S	T	A	V	L	I	F	Y	W	H	M	C	P
0	0.01588	0.01786	0.09340	0.46013	0.09463	0.01766	0.08118	0.02138	0.01643	0.02180	0.01555	0.02350	0.01250	0.06243	0.01077	0.00307	0.01090	0.00767	0.00377	0.00948
1	0.02213	0.01219	0.01761	0.03780	0.01999	0.01086	0.07494	0.02543	0.02091	0.29258	0.11210	0.04746	0.24348	0.01391	0.00894	0.00262	0.00648	0.01201	0.00823	0.01033
2	0.02465	0.01304	0.01750	0.17955	0.02655	0.01345	0.01308	0.08671	0.02118	0.26923	0.02492	0.02612	0.01741	0.00937	0.00744	0.00237	0.00717	0.00768	0.22172	0.01086
3	0.01503	0.01400	0.01560	0.01924	0.14337	0.09786	0.01125	0.01695	0.01660	0.02071	0.03515	0.23179	0.11863	0.18761	0.01696	0.00400	0.00768	0.01397	0.00575	0.00784
4	0.01852	0.33716	0.15979	0.01539	0.02289	0.02187	0.01599	0.02285	0.01693	0.02276	0.01600	0.02293	0.01455	0.00847	0.00653	0.00198	0.00857	0.06764	0.00420	0.19498
5	0.01443	0.01261	0.01876	0.02312	0.17411	0.01379	0.01461	0.01715	0.01628	0.02251	0.03244	0.27282	0.06674	0.01799	0.01314	0.00317	0.14558	0.10616	0.00586	0.00873
6	0.02049	0.37272	0.07035	0.18386	0.03270	0.09435	0.07694	0.02450	0.01739	0.02059	0.01285	0.01637	0.01069	0.00741	0.00669	0.00215	0.01048	0.00573	0.00364	0.01010
7	0.01122	0.00810	0.01117	0.01163	0.01250	0.00874	0.00828	0.01308	0.01336	0.01857	0.02826	0.20273	0.03062	0.20585	0.36741	0.00944	0.01431	0.01294	0.00526	0.00654
8	0.01641	0.01274	0.01456	0.01093	0.01684	0.01002	0.00865	0.02006	0.01687	0.02737	0.01737	0.02011	0.01417	0.00685	0.00593	0.00137	0.00546	0.00548	0.18962	0.57918
9	0.01186	0.00932	0.01380	0.17946	0.02358	0.00994	0.01231	0.01471	0.01633	0.02143	0.03695	0.41737	0.04178	0.02058	0.00998	0.00324	0.00676	0.13667	0.00656	0.00736
10	0.01423	0.00922	0.01202	0.01276	0.01460	0.00894	0.01032	0.01684	0.01733	0.07179	0.04164	0.07589	0.09968	0.19076	0.01818	0.00456	0.00720	0.35971	0.00705	0.00728
11	0.01604	0.03523	0.51407	0.18766	0.04020	0.01864	0.02816	0.02448	0.01691	0.02448	0.01453	0.01823	0.01041	0.00781	0.00781	0.00260	0.01170	0.00629	0.00347	0.01126
12	0.01641	0.03523	0.51223	0.02041	0.03123	0.01688	0.02500	0.02441	0.01706	0.02588	0.01453	0.01706	0.01070	0.00729	0.00729	0.00223	0.01053	0.00571	0.00376	0.19616
13	0.01117	0.00829	0.01215	0.01261	0.01382	0.00927	0.00950	0.01371	0.01365	0.01930	0.02736	0.19774	0.02846	0.05218	0.51812	0.01066	0.01757	0.01221	0.00513	0.00708
14	0.02132	0.54782	0.03660	0.01453	0.02089	0.02919	0.01363	0.02890	0.17144	0.02273	0.01660	0.01724	0.01393	0.00794	0.00595	0.00198	0.00813	0.00552	0.00464	0.01101
15	0.01918	0.01032	0.01228	0.01115	0.01282	0.00966	0.00727	0.01958	0.01544	0.17710	0.02817	0.04786	0.02803	0.52783	0.03299	0.00667	0.00803	0.01119	0.00660	0.00783
16	0.01640	0.01590	0.02457	0.39534	0.04049	0.02107	0.02041	0.02020	0.01453	0.02020	0.01274	0.01991	0.01074	0.01082	0.01635	0.00308	0.31754	0.00716	0.00358	0.00895
17	0.02809	0.03335	0.02346	0.02076	0.02441	0.49986	0.01603	0.08840	0.02254	0.02282	0.01287	0.01567	0.01081	0.00955	0.01089	0.00239	0.13816	0.00577	0.00445	0.00973
18	0.01873	0.54557	0.03412	0.01250	0.01841	0.02592	0.01199	0.02120	0.01698	0.01978	0.02864	0.02894	0.16964	0.01027	0.00628	0.00198	0.00756	0.00747	0.00447	0.00954
19	0.01909	0.01892	0.03055	0.03137	0.23185	0.04214	0.18899	0.02733	0.13499	0.02704	0.02095	0.07515	0.01788	0.00914	0.00845	0.00250	0.00959	0.00914	0.00518	0.08976
20	0.01687	0.06879	0.02157	0.31741	0.03511	0.01794	0.01645	0.05795	0.16399	0.02591	0.04871	0.06745	0.06539	0.01137	0.00830	0.00269	0.00838	0.03012	0.00572	0.00988
21	0.02441	0.03000	0.01879	0.01729	0.02106	0.49001	0.01297	0.02649	0.02171	0.02045	0.03237	0.03270	0.19561	0.01183	0.00796	0.00228	0.01164	0.00861	0.00514	0.00868
22	0.01767	0.01437	0.02032	0.31633	0.03566	0.01411	0.01554	0.02204	0.01705	0.07356	0.01578	0.01980	0.01211	0.00726	0.00711	0.00197	0.00822	0.00614	0.00468	0.37028
23	0.02296	0.24589	0.02697	0.01605	0.02144	0.15605	0.01344	0.09328	0.17552	0.02764	0.06795	0.02211	0.01948	0.00921	0.00706	0.00216	0.00883	0.00683	0.00576	0.05137
24	0.01018	0.00780	0.00906	0.00961	0.01118	0.00698	0.00671	0.01206	0.01742	0.02235	0.14421	0.28695	0.30814	0.09375	0.01314	0.00343	0.00466	0.01824	0.00746	0.00667
25	0.01679	0.09955	0.13612	0.32028	0.07302	0.01827	0.02015	0.02214	0.01666	0.02294	0.01413	0.01876	0.01105	0.00741	0.00725	0.00223	0.00967	0.00616	0.00384	0.17357

[dist]
# distance from previous block
# <min> <max>
0	1

[block]
# block no. 6 follows, 23 sequences, length 94
# corresponding to MSA columns:
# 438-455,485-560
name=unknown_G
#
# <colnr> <probs for GDERKNQSTAVLIFYWHMCP>
#	G	D	E	R	K	N	Q	S	T	A	V	L	I	F	Y	W	H	M	C	P
0	0.01168	0.00874	0.01092	0.01177	0.01375	0.00824	0.00959	0.01455	0.01842	0.02357	0.11481	0.08071	0.24541	0.08349	0.01323	0.00367	0.00607	0.30689	0.00741	0.00706
1	0.02042	0.53010	0.03771	0.07522	0.02400	0.02955	0.01535	0.02312	0.01573	0.01931	0.01144	0.01464	0.01049	0.00836	0.00935	0.00215	0.13446	0.00509	0.00350	0.01001
2	0.00989	0.00706	0.00942	0.01130	0.01177	0.00659	0.00753	0.01130	0.01554	0.02071	0.04472	0.70954	0.05367	0.02542	0.01036	0.00330	0.00471	0.02307	0.00753	0.00659
3	0.02167	0.01673	0.02745	0.10361	0.42992	0.01670	0.02078	0.02594	0.01885	0.14202	0.02082	0.08260	0.01757	0.00944	0.00827	0.00254	0.00882	0.00880	0.00538	0.01209
4	0.01784	0.01439	0.01693	0.01214	0.01931	0.01087	0.00973	0.02142	0.01716	0.05960	0.01533	0.01738	0.01243	0.00622	0.00612	0.00127	0.00606	0.00498	0.00508	0.72575
5	0.02381	0.02006	0.02109	0.01771	0.02233	0.05605	0.01421	0.25691	0.28348	0.03720	0.02668	0.02632	0.04957	0.01126	0.01046	0.00270	0.09211	0.00842	0.00739	0.01224
6	0.02018	0.01743	0.01835	0.01651	0.02110	0.02018	0.01284	0.04312	0.64956	0.03394	0.03303	0.03027	0.02477	0.01101	0.00826	0.00275	0.00642	0.00917	0.00826	0.01284
7	0.01645	0.01580	0.02532	0.44992	0.10651	0.01999	0.02148	0.02082	0.01542	0.02098	0.01349	0.02043	0.01097	0.00967	0.01310	0.00290	0.19657	0.00718	0.00363	0.00936
8	0.00979	0.00812	0.00856	0.00868	0.01114	0.00690	0.00642	0.01194	0.01862	0.02275	0.12982	0.13539	0.55263	0.02065	0.00966	0.00278	0.00414	0.01746	0.00766	0.00690
9	0.01532	0.01442	0.02434	0.69533	0.05589	0.01803	0.02253	0.02073	0.01622	0.02073	0.01442	0.02163	0.01082	0.00811	0.00811	0.00270	0.01082	0.00721	0.00361	0.00901
10	0.01873	0.02648	0.28740	0.13416	0.03266	0.01681	0.02085	0.08441	0.01928	0.06075	0.01588	0.01859	0.01169	0.00764	0.00738	0.00221	0.00961	0.00612	0.00463	0.21469
11	0.01159	0.00869	0.01304	0.01304	0.01449	0.01014	0.01014	0.01449	0.01304	0.01884	0.02173	0.03188	0.02029	0.06086	0.68268	0.01304	0.02173	0.00869	0.00435	0.00724
12	0.01915	0.02189	0.04788	0.03420	0.04241	0.02052	0.63475	0.02599	0.01915	0.02599	0.01642	0.02189	0.01231	0.00684	0.00958	0.00274	0.01368	0.00958	0.00410	0.01094
13	0.01627	0.04197	0.67279	0.02313	0.03512	0.01884	0.02998	0.02570	0.01713	0.02570	0.01456	0.01713	0.01028	0.00771	0.00771	0.00257	0.01199	0.00600	0.00343	0.01199
14	0.01799	0.01714	0.02915	0.33427	0.39615	0.01873	0.02386	0.02306	0.01748	0.02396	0.01489	0.02077	0.01196	0.00762	0.00807	0.00254	0.01016	0.00722	0.00384	0.01116
15	0.02661	0.01864	0.01982	0.01567	0.02093	0.02042	0.01279	0.47042	0.03245	0.04551	0.02137	0.02239	0.01569	0.00966	0.00746	0.00229	0.00754	0.00737	0.21087	0.01212
16	0.00989	0.00706	0.00942	0.01130	0.01177	0.00659	0.00753	0.01130	0.01554	0.02071	0.04472	0.70954	0.05367	0.02542	0.01036	0.00330	0.00471	0.02307	0.00753	0.00659
17	0.03143	0.02586	0.02326	0.01872	0.02456	0.20064	0.01503	0.39544	0.03210	0.12409	0.01926	0.01924	0.01372	0.00941	0.00791	0.00235	0.01020	0.00686	0.00731	0.01262
18	0.02008	0.01928	0.03294	0.04981	0.66422	0.01928	0.02490	0.02490	0.01848	0.02651	0.01526	0.02008	0.01285	0.00723	0.00803	0.00241	0.00964	0.00723	0.00402	0.01285
19	0.01308	0.00934	0.01308	0.01494	0.01681	0.00934	0.01308	0.01681	0.01868	0.02428	0.04296	0.09153	0.04670	0.02242	0.01121	0.00374	0.00747	0.60960	0.00747	0.00747
20	0.01180	0.00787	0.00885	0.00885	0.00885	0.00787	0.00492	0.01180	0.01180	0.01573	0.02557	0.05310	0.02950	0.71483	0.04130	0.00787	0.00787	0.01180	0.00492	0.00492
21	0.77215	0.01569	0.01193	0.01067	0.01569	0.01820	0.00879	0.02385	0.01381	0.03641	0.01130	0.01318	0.00879	0.00753	0.00502	0.00251	0.00628	0.00439	0.00502	0.00879
22	0.03031	0.03867	0.02299	0.02090	0.02508	0.68226	0.01568	0.03240	0.02299	0.01986	0.01254	0.01463	0.01045	0.00836	0.00732	0.00209	0.01463	0.00523	0.00418	0.00941
23	0.70306	0.01635	0.01308	0.01142	0.01657	0.01885	0.00941	0.08101	0.01608	0.03778	0.01206	0.01377	0.00925	0.00774	0.00531	0.00250	0.00652	0.00467	0.00531	0.00925
24	0.01532	0.01442	0.02434	0.69533	0.05589	0.01803	0.02253	0.02073	0.01622	0.02073	0.01442	0.02163	0.01082	0.00811	0.00811	0.00270	0.01082	0.00721	0.00361	0.00901
25	0.03641	0.01381	0.01883	0.01444	0.02071	0.01193	0.01193	0.03954	0.02322	0.66984	0.03201	0.02762	0.02009	0.01004	0.00816	0.00251	0.00690	0.00816	0.01004	0.01381
26	0.01532	0.01442	0.02434	0.69533	0.05589	0.01803	0.02253	0.02073	0.01622	0.02073	0.01442	0.02163	0.01082	0.00811	0.00811	0.00270	0.01082	0.00721	0.00361	0.00901
27	0.03085	0.02273	0.02435	0.01867	0.02516	0.02516	0.01542	0.63716	0.03815	0.05114	0.01948	0.01948	0.01380	0.00974	0.00812	0.00244	0.00893	0.00731	0.00812	0.01380
28	0.77215	0.01569	0.01193	0.01067	0.01569	0.01820	0.00879	0.02385	0.01381	0.03641	0.01130	0.01318	0.00879	0.00753	0.00502	0.00251	0.00628	0.00439	0.00502	0.00879
29	0.00967	0.00791	0.00854	0.00905	0.01118	0.00678	0.00653	0.01155	0.01770	0.02159	0.07209	0.24839	0.49714	0.02186	0.00980	0.00289	0.00427	0.01873	0.00753	0.00678
30	0.00959	0.00822	0.00822	0.00822	0.01096	0.00685	0.00617	0.01165	0.01850	0.02192	0.08220	0.07809	0.66092	0.02055	0.00959	0.00274	0.00411	0.01713	0.00754	0.00685
31	0.01148	0.00829	0.01085	0.01021	0.01212	0.00766	0.00766	0.01531	0.02297	0.03254	0.65994	0.06061	0.07656	0.01659	0.00957	0.00255	0.00383	0.01467	0.00893	0.00766
32	0.00989	0.00706	0.00942	0.01130	0.01177	0.00659	0.00753	0.01130	0.01554	0.02071	0.04472	0.70954	0.05367	0.02542	0.01036	0.00330	0.00471	0.02307	0.00753	0.00659
33	0.01683	0.01442	0.01683	0.01202	0.01923	0.01082	0.00961	0.02043	0.01683	0.02644	0.01442	0.01683	0.01202	0.00601	0.00601	0.00120	0.00601	0.00481	0.00481	0.76444
34	0.01513	0.00756	0.00756	0.00756	0.00945	0.00756	0.00567	0.01891	0.01702	0.03025	0.02647	0.03025	0.02080	0.00945	0.00567	0.00189	0.00378	0.00756	0.75988	0.00756
35	0.77215	0.01569	0.01193	0.01067	0.01569	0.01820	0.00879	0.02385	0.01381	0.03641	0.01130	0.01318	0.00879	0.00753	0.00502	0.00251	0.00628	0.00439	0.00502	0.00879
36	0.03641	0.01381	0.01883	0.01444	0.02071	0.01193	0.01193	0.03954	0.02322	0.66984	0.03201	0.02762	0.02009	0.01004	0.00816	0.00251	0.00690	0.00816	0.01004	0.01381
37	0.77215	0.01569	0.01193	0.01067	0.01569	0.01820	0.00879	0.02385	0.01381	0.03641	0.01130	0.01318	0.00879	0.00753	0.00502	0.00251	0.00628	0.00439	0.00502	0.00879
38	0.02008	0.01928	0.03294	0.04981	0.66422	0.01928	0.02490	0.02490	0.01848	0.02651	0.01526	0.02008	0.01285	0.00723	0.00803	0.00241	0.00964	0.00723	0.00402	0.01285
39	0.02018	0.01743	0.01835	0.01651	0.02110	0.02018	0.01284	0.04312	0.64956	0.03394	0.03303	0.03027	0.02477	0.01101	0.00826	0.00275	0.00642	0.00917	0.00826	0.01284
40	0.00986	0.00716	0.00931	0.01103	0.01170	0.00661	0.00741	0.01133	0.01580	0.02082	0.04802	0.65395	0.10712	0.02499	0.01029	0.00325	0.00466	0.02254	0.00753	0.00661
41	0.01784	0.01497	0.01632	0.01481	0.01868	0.01680	0.01144	0.03562	0.48056	0.03356	0.20211	0.03846	0.03874	0.01251	0.00861	0.00270	0.00572	0.01066	0.00844	0.01144
42	0.69964	0.01551	0.01261	0.01104	0.01619	0.01758	0.00910	0.02540	0.01474	0.09883	0.01334	0.01460	0.00990	0.00778	0.00533	0.00251	0.00634	0.00476	0.00552	0.00928
43	0.01079	0.00827	0.00988	0.00948	0.01169	0.00736	0.00711	0.01396	0.02132	0.02863	0.44718	0.06705	0.29176	0.01805	0.00958	0.00262	0.00393	0.01558	0.00842	0.00736
44	0.01933	0.01653	0.01761	0.01589	0.02022	0.01895	0.01233	0.04038	0.58780	0.03380	0.09481	0.03326	0.02987	0.01156	0.00839	0.00273	0.00617	0.00972	0.00832	0.01233
45	0.03641	0.01381	0.01883	0.01444	0.02071	0.01193	0.01193	0.03954	0.02322	0.66984	0.03201	0.02762	0.02009	0.01004	0.00816	0.00251	0.00690	0.00816	0.01004	0.01381
46	0.03452	0.01326	0.01783	0.01383	0.01972	0.01154	0.01137	0.03772	0.02268	0.61325	0.03152	0.02785	0.02015	0.00999	0.00794	0.00246	0.00663	0.00811	0.07639	0.01326
47	0.02719	0.01915	0.02559	0.01959	0.02575	0.01989	0.11972	0.31080	0.08776	0.15932	0.07894	0.02604	0.02127	0.01002	0.00852	0.00254	0.00868	0.00868	0.00788	0.01268
48	0.02018	0.01743	0.01835	0.01651	0.02110	0.02018	0.01284	0.04312	0.64956	0.03394	0.03303	0.03027	0.02477	0.01101	0.00826	0.00275	0.00642	0.00917	0.00826	0.01284
49	0.01010	0.00833	0.00893	0.00904	0.01162	0.00716	0.00696	0.01249	0.01895	0.02319	0.13548	0.07762	0.54609	0.02033	0.00974	0.00281	0.00440	0.07210	0.00767	0.00699
50	0.02008	0.01928	0.03294	0.04981	0.66422	0.01928	0.02490	0.02490	0.01848	0.02651	0.01526	0.02008	0.01285	0.00723	0.00803	0.00241	0.00964	0.00723	0.00402	0.01285
51	0.01961	0.01880	0.03209	0.11343	0.60426	0.01916	0.02467	0.02449	0.01825	0.02594	0.01518	0.02024	0.01265	0.00732	0.00804	0.00244	0.00976	0.00723	0.00398	0.01247
52	0.03085	0.02273	0.02435	0.01867	0.02516	0.02516	0.01542	0.63716	0.03815	0.05114	0.01948	0.01948	0.01380	0.00974	0.00812	0.00244	0.00893	0.00731	0.00812	0.01380
53	0.01518	0.00862	0.00903	0.00877	0.01093	0.00882	0.00662	0.02086	0.08008	0.03089	0.10425	0.03395	0.02798	0.01048	0.00640	0.00206	0.00405	0.00859	0.59436	0.00809
54	0.01008	0.00758	0.00934	0.01028	0.01161	0.00684	0.00718	0.01208	0.01760	0.02306	0.16001	0.42829	0.22136	0.02260	0.01002	0.00302	0.00440	0.02003	0.00777	0.00684
55	0.01360	0.00787	0.00894	0.00867	0.01057	0.00760	0.00651	0.01740	0.01952	0.03121	0.29240	0.04300	0.04421	0.01245	0.00731	0.00217	0.00380	0.01055	0.44463	0.00760
56	0.01032	0.00739	0.00980	0.01100	0.01186	0.00688	0.00757	0.01238	0.01754	0.02390	0.21065	0.53452	0.05984	0.02304	0.01014	0.00309	0.00447	0.02080	0.00791	0.00688
57	0.01617	0.00787	0.00812	0.00790	0.01001	0.00778	0.00598	0.01992	0.01732	0.06171	0.02674	0.03012	0.02076	0.00948	0.00579	0.00192	0.00394	0.00759	0.72299	0.00787
58	0.02291	0.02316	0.01960	0.01770	0.02217	0.19875	0.01361	0.04023	0.48057	0.03014	0.02750	0.02606	0.02091	0.01029	0.00800	0.00257	0.00864	0.00811	0.00716	0.01192
