[name]
unknown

[dist]
# distance from previous block
# <min> <max>
0	163

[block]
# block no. 0 follows, 24 sequences, length 42
# corresponding to MSA columns:
# 545-563,565-587
name=unknown_A
#
# <colnr> <probs for GDERKNQSTAVLIFYWHMCP>
#	G	D	E	R	K	N	Q	S	T	A	V	L	I	F	Y	W	H	M	C	P
0	0.01462	0.01252	0.01841	0.01767	0.01921	0.01476	0.04740	0.01779	0.01624	0.02227	0.03008	0.06180	0.03211	0.01843	0.01590	0.00354	0.24119	0.38229	0.00585	0.00794
1	0.01133	0.00850	0.01274	0.01274	0.01416	0.00991	0.00991	0.01416	0.01274	0.01841	0.02124	0.03115	0.01982	0.05947	0.68989	0.01274	0.02124	0.00850	0.00425	0.00708
2	0.01737	0.03394	0.46404	0.02345	0.03268	0.01986	0.10502	0.06357	0.01764	0.02586	0.01422	0.01757	0.01057	0.00846	0.01044	0.00266	0.11112	0.00654	0.00374	0.01127
3	0.01658	0.01463	0.02311	0.14541	0.31241	0.01514	0.01783	0.05313	0.02016	0.02818	0.23295	0.03308	0.03306	0.01040	0.00837	0.00245	0.00768	0.00950	0.00567	0.01027
4	0.03014	0.02221	0.02380	0.01825	0.02459	0.02459	0.01507	0.64541	0.03728	0.04998	0.01904	0.01904	0.01349	0.00952	0.00793	0.00238	0.00873	0.00714	0.00793	0.01349
5	0.01172	0.00809	0.01149	0.01149	0.01239	0.00898	0.00834	0.01303	0.01213	0.01707	0.02101	0.03476	0.02096	0.20223	0.45111	0.11978	0.01617	0.00894	0.00426	0.00605
6	0.01422	0.01076	0.01384	0.01492	0.01730	0.01132	0.01273	0.02175	0.15054	0.02568	0.03998	0.07706	0.04120	0.01960	0.01036	0.00345	0.00709	0.49235	0.00746	0.00839
7	0.01735	0.01735	0.02429	0.02082	0.02082	0.02429	0.01735	0.01908	0.01214	0.01908	0.01041	0.01735	0.01041	0.01388	0.02602	0.00347	0.70680	0.00694	0.00347	0.00867
8	0.01859	0.01438	0.02216	0.40950	0.09091	0.01540	0.01811	0.02315	0.01713	0.11580	0.01662	0.02089	0.01227	0.00770	0.00750	0.00229	0.00896	0.00670	0.00470	0.16724
9	0.02685	0.24308	0.03143	0.01817	0.02471	0.06454	0.10435	0.18680	0.02376	0.17430	0.01838	0.01886	0.01340	0.00823	0.00720	0.00220	0.00922	0.00660	0.00612	0.01178
10	0.01843	0.01589	0.01602	0.01442	0.01796	0.07664	0.01118	0.05026	0.29565	0.06092	0.13713	0.05775	0.12809	0.01328	0.00945	0.00263	0.04578	0.01079	0.00751	0.01024
11	0.01093	0.00800	0.01025	0.00988	0.01172	0.00733	0.00734	0.01432	0.02146	0.02992	0.56361	0.11387	0.12725	0.01726	0.00942	0.00257	0.00384	0.01522	0.00849	0.00733
12	0.02009	0.01619	0.01755	0.01545	0.01964	0.01815	0.01205	0.16961	0.38797	0.03527	0.08870	0.10931	0.02972	0.01261	0.00839	0.00266	0.00639	0.01062	0.00802	0.01159
13	0.01830	0.01598	0.02222	0.01901	0.02022	0.02071	0.03643	0.02208	0.07232	0.07363	0.01708	0.06274	0.01600	0.05352	0.02222	0.00351	0.48168	0.00847	0.00473	0.00914
14	0.01735	0.01154	0.01374	0.01205	0.01533	0.01157	0.00938	0.08977	0.11739	0.10802	0.37166	0.04683	0.08939	0.01395	0.00872	0.00250	0.00502	0.01194	0.03432	0.00952
15	0.01746	0.00969	0.01174	0.01080	0.01365	0.00923	0.00823	0.02228	0.07779	0.16207	0.19621	0.13894	0.08996	0.01435	0.00820	0.00248	0.00473	0.01232	0.18091	0.00895
16	0.01515	0.01106	0.01274	0.01149	0.01392	0.01147	0.00851	0.09885	0.11325	0.03079	0.32087	0.04647	0.04683	0.15955	0.01514	0.00354	0.00555	0.01164	0.05477	0.00842
17	0.02901	0.01876	0.02102	0.01669	0.02253	0.02015	0.01360	0.34659	0.18303	0.20461	0.02533	0.02359	0.01762	0.00989	0.00798	0.00247	0.00764	0.00779	0.00844	0.01326
18	0.01930	0.05357	0.01836	0.01517	0.06065	0.04812	0.01111	0.02400	0.06970	0.11106	0.06157	0.09993	0.02216	0.00980	0.00717	0.00193	0.00656	0.00822	0.00604	0.34558
19	0.02048	0.02372	0.15664	0.21510	0.16340	0.08028	0.02167	0.09749	0.01975	0.06164	0.01542	0.01918	0.01166	0.00834	0.00884	0.00251	0.05174	0.00669	0.00448	0.01097
20	0.01892	0.01620	0.01875	0.01660	0.01999	0.01940	0.01320	0.08876	0.38546	0.02989	0.02549	0.02674	0.02012	0.01896	0.11998	0.00440	0.13102	0.00837	0.00664	0.01109
21	0.27478	0.08509	0.02943	0.02098	0.02716	0.12069	0.24664	0.02619	0.01751	0.06152	0.01415	0.01699	0.01084	0.00731	0.00708	0.00241	0.01030	0.00649	0.00457	0.00987
22	0.01146	0.00796	0.01002	0.01002	0.01049	0.00843	0.00651	0.01241	0.01194	0.01639	0.02374	0.04497	0.02582	0.50032	0.25725	0.00938	0.01221	0.01052	0.00462	0.00556
23	0.01038	0.00771	0.00967	0.00995	0.01152	0.00700	0.00717	0.01305	0.01932	0.02618	0.35932	0.27133	0.17884	0.01968	0.00960	0.00276	0.00407	0.01740	0.00804	0.00700
24	0.01156	0.00836	0.00972	0.00936	0.01166	0.00758	0.00697	0.01391	0.01803	0.05716	0.19028	0.06266	0.37534	0.08733	0.09078	0.00425	0.00643	0.01434	0.00719	0.00709
25	0.02057	0.01745	0.01840	0.01631	0.02094	0.02012	0.01276	0.09088	0.60741	0.03453	0.03121	0.02873	0.02334	0.01066	0.00806	0.00266	0.00647	0.00882	0.00806	0.01263
26	0.11878	0.01370	0.01765	0.01370	0.01969	0.01234	0.01131	0.03693	0.02166	0.60535	0.02901	0.02541	0.01839	0.00954	0.00763	0.00245	0.00668	0.00756	0.00926	0.01294
27	0.07625	0.02061	0.02174	0.01690	0.02280	0.02281	0.01391	0.55663	0.03415	0.04746	0.01907	0.01948	0.01371	0.00936	0.00755	0.00234	0.00817	0.00698	0.06741	0.01270
28	0.01889	0.01915	0.16101	0.03661	0.04405	0.01380	0.10496	0.05737	0.02057	0.14545	0.17802	0.07445	0.06729	0.01172	0.00860	0.00256	0.00805	0.01049	0.00662	0.01034
29	0.02176	0.59256	0.08966	0.01507	0.02193	0.10642	0.01501	0.02477	0.01690	0.01925	0.01142	0.01322	0.01017	0.00700	0.00552	0.00180	0.00941	0.00447	0.00347	0.01018
30	0.77733	0.01534	0.01166	0.01043	0.01534	0.01779	0.00859	0.02331	0.01350	0.03558	0.01104	0.01288	0.00859	0.00736	0.00491	0.00245	0.00613	0.00429	0.00491	0.00859
31	0.01849	0.01598	0.02001	0.01701	0.01922	0.01967	0.01388	0.14922	0.07175	0.02902	0.13406	0.03063	0.07524	0.01362	0.01661	0.00295	0.32782	0.00921	0.00599	0.00962
32	0.01110	0.00810	0.01043	0.00985	0.01177	0.00743	0.00739	0.01473	0.02216	0.03113	0.62955	0.06034	0.11336	0.01646	0.00935	0.00251	0.00376	0.01450	0.00864	0.00743
33	0.01920	0.01841	0.03142	0.10837	0.61547	0.01873	0.02413	0.02396	0.01786	0.02539	0.01484	0.01976	0.01238	0.00714	0.00786	0.00238	0.00953	0.00706	0.00389	0.01222
34	0.01140	0.00786	0.00895	0.00912	0.00960	0.00770	0.00567	0.01196	0.01290	0.01684	0.03294	0.05815	0.10432	0.57638	0.03409	0.00674	0.00723	0.06757	0.00533	0.00525
35	0.01377	0.00689	0.01033	0.01033	0.01033	0.00689	0.00689	0.01033	0.01033	0.01377	0.01377	0.02410	0.01377	0.02755	0.03099	0.76928	0.00689	0.00689	0.00344	0.00344
36	0.01883	0.01802	0.03074	0.16123	0.56555	0.01863	0.02394	0.02363	0.01768	0.02493	0.01477	0.01989	0.01222	0.00721	0.00786	0.00240	0.00962	0.00706	0.00386	0.01191
37	0.01807	0.01726	0.02938	0.26691	0.46575	0.01843	0.02356	0.02298	0.01732	0.02402	0.01464	0.02013	0.01190	0.00735	0.00788	0.00245	0.00980	0.00706	0.00379	0.01131
38	0.01331	0.01010	0.01342	0.01562	0.06609	0.01033	0.01110	0.01801	0.08803	0.02264	0.03554	0.17561	0.03830	0.16471	0.01633	0.00420	0.00698	0.27541	0.00662	0.00764
39	0.02027	0.01895	0.12489	0.06046	0.02483	0.01442	0.04751	0.10964	0.02097	0.12285	0.08841	0.04465	0.02079	0.00907	0.00754	0.00212	0.00776	0.00766	0.00607	0.24114
40	0.01806	0.01829	0.07886	0.02251	0.13271	0.01741	0.06487	0.06811	0.25545	0.03037	0.11867	0.03210	0.06437	0.01088	0.00888	0.00259	0.02865	0.00946	0.00654	0.01121
41	0.45941	0.11712	0.01826	0.01224	0.01778	0.01902	0.01043	0.07550	0.01762	0.16490	0.01579	0.01622	0.01145	0.00795	0.00580	0.00234	0.00680	0.00526	0.00593	0.01020

[dist]
# distance from previous block
# <min> <max>
0	28

[block]
# block no. 1 follows, 24 sequences, length 20
# corresponding to MSA columns:
# 616-635
name=unknown_B
#
# <colnr> <probs for GDERKNQSTAVLIFYWHMCP>
#	G	D	E	R	K	N	Q	S	T	A	V	L	I	F	Y	W	H	M	C	P
0	0.00955	0.00767	0.00853	0.00909	0.01102	0.00665	0.00652	0.01143	0.01734	0.02151	0.09514	0.28260	0.44227	0.02145	0.00961	0.00285	0.00419	0.01851	0.00742	0.00665
1	0.01590	0.04102	0.68023	0.02260	0.03432	0.01842	0.02930	0.02511	0.01674	0.02511	0.01423	0.01674	0.01005	0.00753	0.00753	0.00251	0.01172	0.00586	0.00335	0.01172
2	0.01153	0.00769	0.00865	0.00865	0.00865	0.00769	0.00480	0.01153	0.01153	0.01538	0.02499	0.05189	0.02883	0.72131	0.04036	0.00769	0.00769	0.01153	0.00480	0.00480
3	0.01448	0.00883	0.01164	0.01053	0.01297	0.00804	0.00804	0.01813	0.02248	0.11799	0.58270	0.05493	0.06745	0.01536	0.00917	0.00249	0.00414	0.01349	0.00887	0.00829
4	0.01963	0.01884	0.03219	0.04867	0.67185	0.01884	0.02434	0.02434	0.01806	0.02591	0.01492	0.01963	0.01256	0.00707	0.00785	0.00236	0.00942	0.00707	0.00393	0.01256
5	0.02121	0.01908	0.02585	0.02102	0.02349	0.02406	0.06416	0.20348	0.02003	0.02863	0.01337	0.01815	0.01144	0.01205	0.01945	0.00309	0.44919	0.00718	0.00482	0.01024
6	0.01141	0.00818	0.01115	0.01115	0.01202	0.00905	0.00793	0.01314	0.01227	0.01723	0.02270	0.03922	0.02333	0.31695	0.43720	0.01078	0.01597	0.00968	0.00446	0.00620
7	0.01887	0.01657	0.02362	0.02904	0.28347	0.01821	0.01716	0.08977	0.13934	0.02738	0.01972	0.02510	0.01678	0.06940	0.09670	0.00423	0.08052	0.00794	0.00519	0.01100
8	0.03501	0.01441	0.01897	0.01454	0.02070	0.01301	0.01201	0.10198	0.02422	0.61185	0.03001	0.02616	0.01899	0.00978	0.00797	0.00245	0.00695	0.00789	0.00962	0.01349
9	0.01735	0.01735	0.02429	0.02082	0.02082	0.02429	0.01735	0.01908	0.01214	0.01908	0.01041	0.01735	0.01041	0.01388	0.02602	0.00347	0.70680	0.00694	0.00347	0.00867
10	0.01490	0.01062	0.01625	0.01748	0.09678	0.00991	0.05833	0.01784	0.01828	0.09810	0.14879	0.30934	0.09112	0.01756	0.00938	0.00283	0.00602	0.04069	0.00720	0.00856
11	0.40851	0.01802	0.02124	0.02064	0.12149	0.06418	0.09837	0.02633	0.01673	0.11505	0.01504	0.01702	0.01122	0.00760	0.00652	0.00244	0.00828	0.00595	0.00521	0.01017
12	0.01960	0.04379	0.15007	0.11490	0.02739	0.01405	0.01571	0.02440	0.01749	0.13755	0.01700	0.01889	0.01255	0.00722	0.00684	0.00189	0.00795	0.00582	0.00510	0.35180
13	0.01032	0.00798	0.00940	0.00923	0.01134	0.00707	0.00685	0.01314	0.02003	0.02650	0.36986	0.11637	0.32634	0.01852	0.00942	0.00263	0.00392	0.01598	0.00804	0.00707
14	0.01465	0.01185	0.01564	0.10946	0.02053	0.01355	0.01178	0.06271	0.07107	0.02690	0.21585	0.15098	0.03923	0.04401	0.01277	0.00298	0.11444	0.01217	0.04103	0.00840
15	0.32370	0.01751	0.06324	0.01377	0.01954	0.01682	0.01206	0.15105	0.02154	0.20366	0.06794	0.02156	0.01756	0.00911	0.00683	0.00245	0.00703	0.00669	0.00696	0.01098
16	0.00988	0.00706	0.00946	0.01129	0.01185	0.00663	0.00775	0.01142	0.01540	0.02049	0.04358	0.67162	0.05196	0.02463	0.01018	0.00325	0.00479	0.06487	0.00736	0.00650
17	0.02735	0.01174	0.01528	0.01220	0.01708	0.01027	0.00986	0.03064	0.02114	0.43172	0.11189	0.03091	0.02638	0.01027	0.00757	0.00226	0.00575	0.00847	0.14489	0.06433
18	0.01668	0.01059	0.01262	0.01139	0.01456	0.01024	0.00894	0.05504	0.08801	0.12497	0.26766	0.05259	0.17415	0.01501	0.00878	0.00257	0.00500	0.05101	0.06114	0.00904
19	0.02845	0.15543	0.02716	0.01736	0.02379	0.02588	0.01479	0.52775	0.03328	0.04405	0.01752	0.01784	0.01286	0.00900	0.00739	0.00225	0.00868	0.00659	0.00707	0.01286

[dist]
# distance from previous block
# <min> <max>
0	1

[block]
# block no. 2 follows, 24 sequences, length 10
# corresponding to MSA columns:
# 637-646
name=unknown_C
#
# <colnr> <probs for GDERKNQSTAVLIFYWHMCP>
#	G	D	E	R	K	N	Q	S	T	A	V	L	I	F	Y	W	H	M	C	P
0	0.04501	0.05448	0.14726	0.01425	0.02084	0.01365	0.01362	0.04218	0.01756	0.14903	0.01897	0.02251	0.01495	0.06950	0.05258	0.00307	0.00847	0.00647	0.02787	0.25774
1	0.02482	0.46765	0.03435	0.01537	0.02159	0.14351	0.01392	0.10242	0.02030	0.07115	0.01371	0.01482	0.01129	0.00758	0.00601	0.00190	0.00939	0.00502	0.00454	0.01066
2	0.60254	0.10522	0.08741	0.01213	0.01800	0.01952	0.01143	0.02356	0.01417	0.03238	0.01138	0.01328	0.00894	0.00731	0.00521	0.00237	0.00702	0.00446	0.00455	0.00912
3	0.09824	0.24511	0.02170	0.06055	0.01840	0.01697	0.01083	0.01893	0.01583	0.06284	0.02658	0.31681	0.02881	0.01489	0.00762	0.00255	0.00660	0.01255	0.00568	0.00851
4	0.01679	0.01401	0.02015	0.25416	0.03105	0.01571	0.06050	0.10361	0.09728	0.02628	0.08949	0.03152	0.02299	0.13477	0.01482	0.03480	0.00862	0.00903	0.00548	0.00896
5	0.01400	0.00827	0.01043	0.01042	0.01240	0.00752	0.00760	0.01652	0.01849	0.11129	0.19964	0.30921	0.12572	0.01844	0.00906	0.00272	0.00450	0.01623	0.08976	0.00777
6	0.02863	0.01169	0.01540	0.01236	0.01716	0.01034	0.01001	0.03190	0.02158	0.47595	0.11459	0.03172	0.02706	0.01056	0.00772	0.00235	0.00580	0.00871	0.14485	0.01161
7	0.02796	0.02113	0.02257	0.01780	0.02376	0.02357	0.01454	0.51884	0.16741	0.04645	0.02182	0.02125	0.01573	0.00978	0.00796	0.00244	0.00821	0.00752	0.00796	0.01329
8	0.01577	0.01194	0.01335	0.01217	0.01556	0.01233	0.00938	0.02628	0.26823	0.07505	0.22742	0.04976	0.20146	0.01462	0.00876	0.00261	0.00501	0.01241	0.00820	0.00968
9	0.51115	0.01779	0.01598	0.01321	0.01863	0.02021	0.01090	0.24492	0.02197	0.04071	0.01389	0.01508	0.01033	0.00813	0.00599	0.00243	0.00706	0.00531	0.00599	0.01033

[dist]
# distance from previous block
# <min> <max>
1	2

[block]
# block no. 3 follows, 24 sequences, length 20
# corresponding to MSA columns:
# 649-668
name=unknown_D
#
# <colnr> <probs for GDERKNQSTAVLIFYWHMCP>
#	G	D	E	R	K	N	Q	S	T	A	V	L	I	F	Y	W	H	M	C	P
0	0.02120	0.72609	0.04155	0.01357	0.02035	0.03138	0.01357	0.02374	0.01611	0.01866	0.01102	0.01272	0.01018	0.00678	0.00509	0.00170	0.00848	0.00424	0.00339	0.01018
1	0.27959	0.01826	0.02547	0.12815	0.23344	0.05251	0.10567	0.02391	0.01648	0.02800	0.01349	0.01751	0.01071	0.00730	0.00703	0.00246	0.00927	0.00634	0.00422	0.01021
2	0.02118	0.01618	0.01810	0.09727	0.02360	0.06144	0.01325	0.12023	0.20832	0.11007	0.10633	0.07051	0.02887	0.01222	0.00844	0.00264	0.00743	0.05571	0.00744	0.01078
3	0.01163	0.00847	0.00914	0.00874	0.01159	0.00717	0.00664	0.01392	0.01896	0.07355	0.14665	0.07045	0.54737	0.01882	0.00926	0.00264	0.00420	0.01577	0.00772	0.00732
4	0.01862	0.01756	0.02961	0.04405	0.59304	0.01748	0.02232	0.02322	0.01858	0.02661	0.09285	0.02436	0.01999	0.00816	0.00803	0.00237	0.00874	0.00793	0.00450	0.01195
5	0.01101	0.00772	0.00874	0.00884	0.00946	0.00741	0.00541	0.01174	0.01374	0.01802	0.08538	0.10801	0.13917	0.49755	0.03053	0.00612	0.00654	0.01346	0.00573	0.00545
6	0.01137	0.00832	0.01187	0.01187	0.01298	0.00944	0.00882	0.01360	0.01248	0.01776	0.02204	0.03559	0.02175	0.20108	0.55092	0.01166	0.01834	0.00915	0.00437	0.00659
7	0.02120	0.72609	0.04155	0.01357	0.02035	0.03138	0.01357	0.02374	0.01611	0.01866	0.01102	0.01272	0.01018	0.00678	0.00509	0.00170	0.00848	0.00424	0.00339	0.01018
8	0.01192	0.00916	0.01104	0.01038	0.01270	0.00881	0.00784	0.01760	0.09753	0.03021	0.49234	0.05859	0.16933	0.01622	0.00920	0.00255	0.00409	0.01410	0.00842	0.00795
9	0.01822	0.01504	0.09537	0.01394	0.01798	0.01212	0.01204	0.13167	0.02165	0.12654	0.12679	0.28125	0.06180	0.01627	0.00895	0.00274	0.00639	0.01412	0.00754	0.00957
10	0.20698	0.01605	0.01753	0.01432	0.01983	0.01688	0.01165	0.12889	0.16295	0.28677	0.02483	0.02300	0.01708	0.00940	0.00726	0.00249	0.00680	0.00719	0.00798	0.01212
11	0.01136	0.00771	0.00860	0.00860	0.00881	0.00761	0.00490	0.01152	0.01204	0.01584	0.02928	0.05379	0.07847	0.66691	0.03796	0.00730	0.00740	0.01194	0.00500	0.00495
12	0.02120	0.72609	0.04155	0.01357	0.02035	0.03138	0.01357	0.02374	0.01611	0.01866	0.01102	0.01272	0.01018	0.00678	0.00509	0.00170	0.00848	0.00424	0.00339	0.01018
13	0.01422	0.00894	0.01219	0.01272	0.01478	0.00850	0.01034	0.01745	0.01933	0.09337	0.20868	0.17916	0.05188	0.01961	0.01008	0.00314	0.00584	0.29397	0.00796	0.00785
14	0.01761	0.01272	0.01527	0.01442	0.05099	0.01297	0.01053	0.11508	0.13350	0.08327	0.30746	0.04558	0.12028	0.01376	0.00874	0.00252	0.00549	0.01175	0.00816	0.00989
15	0.07649	0.02091	0.02230	0.10207	0.02620	0.19817	0.08900	0.05718	0.01838	0.05670	0.01553	0.01980	0.01251	0.01253	0.04147	0.06108	0.09044	0.00672	0.06352	0.00900
16	0.01158	0.00873	0.01126	0.01237	0.01443	0.00841	0.01041	0.01465	0.01778	0.02259	0.05265	0.08083	0.24253	0.02417	0.06195	0.00403	0.00731	0.38013	0.00709	0.00709
17	0.00990	0.00753	0.00860	0.00930	0.01061	0.00679	0.00630	0.01128	0.01569	0.01979	0.05553	0.31606	0.30823	0.15882	0.01571	0.00386	0.00496	0.01794	0.00686	0.00623
18	0.02177	0.04985	0.02629	0.15897	0.09006	0.02062	0.08392	0.22265	0.12859	0.03320	0.01879	0.02102	0.01414	0.00848	0.00782	0.00239	0.00903	0.00734	0.00584	0.06923
19	0.01339	0.01056	0.01244	0.01245	0.01460	0.01109	0.00911	0.02232	0.22907	0.02750	0.20154	0.31940	0.04892	0.01796	0.00924	0.00286	0.00493	0.01594	0.00795	0.00873

[dist]
# distance from previous block
# <min> <max>
0	15

[block]
# block no. 4 follows, 24 sequences, length 10
# corresponding to MSA columns:
# 684-693
name=unknown_E
#
# <colnr> <probs for GDERKNQSTAVLIFYWHMCP>
#	G	D	E	R	K	N	Q	S	T	A	V	L	I	F	Y	W	H	M	C	P
0	0.08763	0.18036	0.02146	0.05635	0.01984	0.01714	0.01142	0.02532	0.08365	0.15163	0.02199	0.07183	0.01884	0.07112	0.07426	0.00367	0.00853	0.00794	0.00585	0.06119
1	0.01350	0.06289	0.08587	0.13317	0.02274	0.01315	0.01306	0.01678	0.01388	0.01919	0.01899	0.03065	0.01816	0.19651	0.25302	0.00720	0.01328	0.00816	0.00413	0.05566
2	0.01311	0.01001	0.01160	0.01146	0.01348	0.01012	0.00827	0.06363	0.11400	0.02602	0.14993	0.28633	0.13712	0.09242	0.01258	0.00334	0.00525	0.01597	0.00747	0.00792
3	0.32988	0.01461	0.01447	0.01120	0.01737	0.01354	0.00906	0.02134	0.01523	0.02985	0.01284	0.01498	0.01044	0.00649	0.00548	0.00170	0.00598	0.00453	0.00478	0.45622
4	0.20404	0.01704	0.01938	0.20674	0.02968	0.04195	0.01470	0.14300	0.10544	0.11500	0.01882	0.02040	0.01359	0.00871	0.00720	0.00251	0.00824	0.00671	0.00610	0.01073
5	0.02119	0.01979	0.14321	0.01715	0.02252	0.01649	0.03577	0.06776	0.01842	0.16612	0.02197	0.02370	0.05170	0.01034	0.01204	0.00253	0.17998	0.00737	0.05699	0.10497
6	0.02400	0.01075	0.01321	0.01114	0.01498	0.01000	0.00884	0.05619	0.02055	0.30952	0.07204	0.06068	0.02482	0.01067	0.00717	0.00224	0.00529	0.00878	0.31885	0.01027
7	0.04967	0.01110	0.01265	0.01104	0.01468	0.01107	0.00869	0.02826	0.12545	0.21793	0.06008	0.02969	0.02307	0.00994	0.00684	0.00222	0.00510	0.00806	0.35441	0.01007
8	0.08559	0.00777	0.01019	0.01022	0.01072	0.00797	0.00687	0.01174	0.01114	0.01652	0.01708	0.08117	0.01795	0.09812	0.02784	0.55566	0.00672	0.00838	0.00404	0.00431
9	0.01496	0.00979	0.01159	0.01085	0.01360	0.00910	0.00818	0.07544	0.02069	0.10522	0.18288	0.21200	0.25883	0.01815	0.00924	0.00271	0.00487	0.01563	0.00800	0.00826

[dist]
# distance from previous block
# <min> <max>
7	70

[block]
# block no. 5 follows, 24 sequences, length 12
# corresponding to MSA columns:
# 764-775
name=unknown_F
#
# <colnr> <probs for GDERKNQSTAVLIFYWHMCP>
#	G	D	E	R	K	N	Q	S	T	A	V	L	I	F	Y	W	H	M	C	P
0	0.08514	0.07939	0.02167	0.01604	0.02165	0.08100	0.01310	0.22612	0.18550	0.12254	0.02188	0.02120	0.01597	0.00918	0.00733	0.00233	0.00799	0.00695	0.00710	0.04793
1	0.32655	0.01680	0.01682	0.01377	0.01868	0.04710	0.01125	0.08458	0.01776	0.11451	0.01497	0.01664	0.01141	0.00852	0.00874	0.00232	0.10183	0.00551	0.00556	0.15668
2	0.02506	0.10810	0.02023	0.01431	0.01897	0.07266	0.01161	0.11360	0.08811	0.22452	0.05966	0.08717	0.02294	0.01181	0.00871	0.03701	0.00732	0.00881	0.04854	0.01086
3	0.00962	0.00765	0.00864	0.00923	0.01108	0.00667	0.00660	0.01155	0.01743	0.02185	0.11509	0.29622	0.40758	0.02142	0.00963	0.00285	0.00420	0.01855	0.00747	0.00667
4	0.04837	0.01483	0.01917	0.33880	0.03468	0.07190	0.01611	0.07153	0.01746	0.02300	0.01958	0.11720	0.01812	0.01968	0.13105	0.00446	0.01165	0.00916	0.00466	0.00859
5	0.01047	0.00806	0.00963	0.00970	0.01177	0.00722	0.00736	0.01329	0.01964	0.02581	0.31645	0.12812	0.31148	0.01908	0.00957	0.00274	0.00425	0.07041	0.00792	0.00705
6	0.01172	0.00915	0.01286	0.01254	0.01377	0.01064	0.00960	0.01403	0.01302	0.01837	0.02606	0.03653	0.07862	0.13313	0.48882	0.01038	0.07983	0.00947	0.00453	0.00691
7	0.08444	0.07779	0.02384	0.05478	0.02401	0.02187	0.04281	0.19144	0.14421	0.09092	0.01931	0.02064	0.01461	0.00999	0.01099	0.00263	0.14101	0.00715	0.00624	0.01134
8	0.09350	0.01336	0.01590	0.01286	0.01803	0.01256	0.01038	0.06342	0.07877	0.33135	0.08704	0.03353	0.10481	0.01115	0.00781	0.00239	0.00608	0.00904	0.00825	0.07979
9	0.01891	0.20779	0.25398	0.01647	0.02426	0.01970	0.01774	0.02659	0.10526	0.07910	0.02325	0.02366	0.07222	0.00897	0.00704	0.00223	0.00855	0.00693	0.00502	0.07234
10	0.06346	0.02336	0.13884	0.13401	0.07395	0.07924	0.06749	0.11959	0.07461	0.10040	0.01804	0.02016	0.01316	0.00856	0.00829	0.00251	0.03070	0.00697	0.00541	0.01126
11	0.02227	0.03426	0.02021	0.01589	0.02050	0.01566	0.06809	0.20799	0.05670	0.13827	0.02687	0.17766	0.02458	0.06992	0.01096	0.00295	0.00750	0.01109	0.00718	0.06144

[dist]
# distance from previous block
# <min> <max>
10	14

[block]
# block no. 6 follows, 24 sequences, length 30
# corresponding to MSA columns:
# 790-819
name=unknown_G
#
# <colnr> <probs for GDERKNQSTAVLIFYWHMCP>
#	G	D	E	R	K	N	Q	S	T	A	V	L	I	F	Y	W	H	M	C	P
0	0.03123	0.01882	0.02247	0.01879	0.05679	0.09456	0.05732	0.14007	0.05369	0.38439	0.02510	0.02349	0.01679	0.00925	0.00797	0.00241	0.00855	0.00759	0.00803	0.01270
1	0.01563	0.01331	0.01553	0.01151	0.01790	0.01010	0.00909	0.01894	0.01645	0.02525	0.01946	0.06516	0.04849	0.00785	0.00633	0.00139	0.00569	0.00649	0.00501	0.68043
2	0.01081	0.00809	0.01003	0.00955	0.01160	0.00731	0.00716	0.01417	0.02148	0.02950	0.53744	0.06302	0.20648	0.01707	0.00936	0.00253	0.00380	0.01487	0.00843	0.00731
3	0.01708	0.01419	0.01548	0.01410	0.01776	0.01573	0.01086	0.05408	0.42382	0.03215	0.17878	0.07119	0.07467	0.01316	0.00853	0.00266	0.00558	0.01122	0.00814	0.01080
4	0.16936	0.01125	0.01300	0.01125	0.01515	0.01085	0.00890	0.02500	0.01934	0.26175	0.16217	0.09027	0.05744	0.01225	0.00761	0.00246	0.00536	0.01007	0.09679	0.00972
5	0.00989	0.00712	0.00937	0.01079	0.01153	0.00661	0.00734	0.01164	0.01636	0.02201	0.13837	0.59723	0.07552	0.02340	0.00998	0.00309	0.00445	0.02113	0.00757	0.00661
6	0.15496	0.01170	0.01403	0.01194	0.01617	0.01110	0.00947	0.02750	0.01952	0.33890	0.10863	0.12172	0.02912	0.01217	0.00769	0.00251	0.00570	0.01005	0.07672	0.01040
7	0.01139	0.00825	0.01150	0.01150	0.01249	0.00924	0.00837	0.01336	0.01238	0.01749	0.02237	0.03743	0.02255	0.25988	0.49321	0.01121	0.01714	0.00942	0.00442	0.00639
8	0.02475	0.02903	0.02180	0.01957	0.02241	0.42506	0.01510	0.05859	0.01998	0.02099	0.01498	0.07869	0.01425	0.01119	0.01223	0.00253	0.18814	0.00725	0.00443	0.00904
9	0.02278	0.08137	0.06416	0.01414	0.02119	0.01546	0.01245	0.12614	0.02104	0.15531	0.01796	0.01859	0.01330	0.00742	0.00665	0.00175	0.00713	0.00577	0.00601	0.38136
10	0.01889	0.01338	0.01825	0.09217	0.05212	0.01386	0.04491	0.05857	0.15700	0.13129	0.21737	0.06436	0.05903	0.01235	0.00859	0.00258	0.00657	0.01083	0.00757	0.01029
11	0.01946	0.09206	0.02112	0.01958	0.12006	0.01560	0.01342	0.02195	0.01651	0.15619	0.02497	0.17372	0.02425	0.06202	0.04566	0.00355	0.12687	0.02749	0.00591	0.00961
12	0.02366	0.23886	0.03257	0.02157	0.05882	0.23439	0.11371	0.02674	0.01849	0.05469	0.01338	0.01624	0.01112	0.00824	0.00924	0.00225	0.09589	0.00598	0.00408	0.01006
13	0.01326	0.00814	0.00969	0.00977	0.01125	0.00836	0.00708	0.01683	0.05738	0.02487	0.09329	0.13164	0.03070	0.06981	0.09716	0.07421	0.00676	0.01075	0.31203	0.00702
14	0.01335	0.00866	0.01089	0.01037	0.01249	0.00826	0.00787	0.01777	0.05104	0.06405	0.44499	0.09885	0.05909	0.01545	0.00880	0.00251	0.00421	0.03723	0.11618	0.00794
15	0.01031	0.00810	0.00936	0.00930	0.01154	0.00715	0.00707	0.01307	0.01967	0.02551	0.30170	0.09141	0.38047	0.01887	0.00949	0.00269	0.00414	0.05523	0.00788	0.00703
16	0.03014	0.02221	0.02380	0.01825	0.02459	0.02459	0.01507	0.64541	0.03728	0.04998	0.01904	0.01904	0.01349	0.00952	0.00793	0.00238	0.00873	0.00714	0.00793	0.01349
17	0.29658	0.01300	0.01359	0.01210	0.01628	0.01361	0.00952	0.02716	0.09194	0.21060	0.02623	0.15653	0.02259	0.01194	0.00718	0.00260	0.00591	0.00957	0.04314	0.00994
18	0.02120	0.72609	0.04155	0.01357	0.02035	0.03138	0.01357	0.02374	0.01611	0.01866	0.01102	0.01272	0.01018	0.00678	0.00509	0.00170	0.00848	0.00424	0.00339	0.01018
19	0.02187	0.01765	0.06140	0.08509	0.07235	0.01627	0.19141	0.08513	0.04400	0.16907	0.10218	0.02970	0.02320	0.00975	0.00862	0.00258	0.00921	0.03301	0.00641	0.01110
20	0.02171	0.01946	0.02773	0.11538	0.37971	0.05030	0.02082	0.17316	0.02263	0.03062	0.01709	0.02304	0.01416	0.00858	0.00801	0.00245	0.00950	0.03871	0.00502	0.01191
21	0.77733	0.01534	0.01166	0.01043	0.01534	0.01779	0.00859	0.02331	0.01350	0.03558	0.01104	0.01288	0.00859	0.00736	0.00491	0.00245	0.00613	0.00429	0.00491	0.00859
22	0.01213	0.01164	0.05589	0.01261	0.01536	0.01021	0.01096	0.01621	0.04732	0.02390	0.12379	0.08324	0.27434	0.01858	0.01093	0.00301	0.05832	0.19687	0.00698	0.00771
23	0.01074	0.00879	0.01205	0.01147	0.01335	0.00801	0.06377	0.01256	0.01587	0.02020	0.05125	0.28487	0.27452	0.15708	0.01566	0.00384	0.00578	0.01704	0.00656	0.00660
24	0.01853	0.06189	0.53075	0.02219	0.03262	0.06285	0.06285	0.02646	0.01763	0.06992	0.01528	0.01743	0.01085	0.00766	0.00756	0.00246	0.01153	0.00611	0.00389	0.01156
25	0.01170	0.00897	0.01196	0.01198	0.01362	0.00982	0.00902	0.01591	0.07216	0.02068	0.06071	0.11527	0.09432	0.08826	0.40787	0.00892	0.01455	0.01144	0.00551	0.00733
26	0.01574	0.00748	0.01106	0.01067	0.01123	0.00732	0.00732	0.01289	0.01145	0.07369	0.01536	0.02437	0.01430	0.02595	0.02891	0.70004	0.00687	0.00699	0.00402	0.00435
27	0.02516	0.23873	0.07487	0.01765	0.02392	0.13420	0.05642	0.15603	0.02242	0.10889	0.01660	0.01803	0.01274	0.01112	0.04729	0.00277	0.01059	0.00616	0.00535	0.01108
28	0.02491	0.07817	0.01942	0.01326	0.01927	0.01380	0.01096	0.06091	0.05393	0.28709	0.08172	0.02505	0.02126	0.00892	0.00718	0.00199	0.00643	0.00719	0.00733	0.25121
29	0.01878	0.15958	0.13099	0.01780	0.02395	0.04034	0.09558	0.10422	0.05240	0.02611	0.01991	0.12718	0.01850	0.01132	0.00883	0.04213	0.00880	0.00885	0.00507	0.07964

[dist]
# distance from previous block
# <min> <max>
3	34

[block]
# block no. 7 follows, 24 sequences, length 8
# corresponding to MSA columns:
# 854-861
name=unknown_H
#
# <colnr> <probs for GDERKNQSTAVLIFYWHMCP>
#	G	D	E	R	K	N	Q	S	T	A	V	L	I	F	Y	W	H	M	C	P
0	0.19814	0.03370	0.01960	0.01733	0.06176	0.01687	0.05540	0.09716	0.01915	0.05034	0.12413	0.06519	0.02549	0.01156	0.01015	0.00262	0.10389	0.03833	0.00593	0.04325
1	0.01138	0.00794	0.00969	0.00997	0.01181	0.00708	0.00720	0.01367	0.01842	0.05916	0.21904	0.30166	0.25328	0.02024	0.00956	0.00281	0.00430	0.01774	0.00785	0.00718
2	0.05221	0.02022	0.12112	0.05653	0.21497	0.01696	0.06913	0.07622	0.05765	0.05723	0.06050	0.02378	0.01777	0.04033	0.00920	0.00259	0.00883	0.00758	0.00515	0.08204
3	0.01148	0.00789	0.00965	0.00965	0.01000	0.00823	0.00606	0.01218	0.01183	0.01612	0.02407	0.04680	0.02662	0.55884	0.19981	0.00893	0.01101	0.01079	0.00467	0.00536
4	0.06839	0.01983	0.09286	0.15756	0.35155	0.01805	0.07956	0.02341	0.01718	0.02540	0.01449	0.01912	0.01159	0.00717	0.00764	0.00238	0.00976	0.00681	0.00392	0.06335
5	0.01878	0.01369	0.01582	0.05443	0.01815	0.01498	0.01038	0.25302	0.02172	0.02919	0.02160	0.03497	0.02078	0.32509	0.10776	0.00601	0.00996	0.00921	0.00585	0.00863
6	0.01820	0.01734	0.03009	0.04161	0.51142	0.01718	0.07657	0.02273	0.01790	0.02523	0.01947	0.08184	0.01834	0.00964	0.00841	0.00255	0.00921	0.05631	0.00448	0.01149
7	0.21939	0.01109	0.01163	0.01125	0.01394	0.01167	0.00874	0.06287	0.01794	0.02872	0.14771	0.11079	0.08569	0.11022	0.01256	0.00345	0.00598	0.11207	0.00664	0.00767

[dist]
# distance from previous block
# <min> <max>
0	1

[block]
# block no. 8 follows, 24 sequences, length 15
# corresponding to MSA columns:
# 863-877
name=unknown_I
#
# <colnr> <probs for GDERKNQSTAVLIFYWHMCP>
#	G	D	E	R	K	N	Q	S	T	A	V	L	I	F	Y	W	H	M	C	P
0	0.02015	0.32144	0.21107	0.01617	0.02358	0.02264	0.01716	0.05218	0.07093	0.07654	0.07989	0.02117	0.01851	0.00860	0.00678	0.00217	0.00861	0.00648	0.00499	0.01094
1	0.02076	0.01755	0.01852	0.01635	0.02102	0.02021	0.01280	0.10233	0.59564	0.03485	0.03095	0.02853	0.02314	0.01063	0.00806	0.00266	0.00652	0.00878	0.00806	0.01264
2	0.02097	0.66148	0.04203	0.01539	0.02229	0.03034	0.07128	0.02390	0.01635	0.01928	0.01148	0.01352	0.01035	0.00678	0.00548	0.00179	0.00893	0.00471	0.00345	0.01022
3	0.00966	0.00690	0.00920	0.01104	0.01150	0.00644	0.00736	0.01104	0.01518	0.02024	0.04371	0.71614	0.05245	0.02484	0.01012	0.00322	0.00460	0.02254	0.00736	0.00644
4	0.01135	0.00837	0.01160	0.01178	0.01308	0.00916	0.00893	0.01367	0.01350	0.01861	0.02881	0.04441	0.07724	0.17542	0.44704	0.01009	0.01595	0.06945	0.00491	0.00665
5	0.01747	0.02783	0.37682	0.01803	0.02604	0.01550	0.02045	0.06646	0.04940	0.08306	0.18624	0.02935	0.02852	0.01026	0.00809	0.00250	0.00879	0.00846	0.00581	0.01093
6	0.01012	0.00719	0.00951	0.01121	0.01177	0.00681	0.00770	0.01162	0.01520	0.02020	0.04205	0.60088	0.04989	0.07984	0.01261	0.00362	0.00512	0.08113	0.00715	0.00640
7	0.02159	0.01232	0.01817	0.07386	0.13727	0.01175	0.01351	0.02490	0.01947	0.25953	0.09009	0.15548	0.05394	0.01369	0.00873	0.00269	0.00682	0.05828	0.00744	0.01044
8	0.01920	0.01841	0.03142	0.10859	0.61526	0.01873	0.02412	0.02396	0.01785	0.02539	0.01484	0.01977	0.01238	0.00714	0.00786	0.00238	0.00953	0.00706	0.00389	0.01222
9	0.02262	0.02291	0.02351	0.09361	0.18143	0.23406	0.01728	0.04606	0.01906	0.05391	0.01533	0.01907	0.01245	0.00899	0.01018	0.00241	0.11709	0.00649	0.08349	0.01004
10	0.02050	0.01829	0.03185	0.09363	0.51014	0.01828	0.08369	0.02531	0.01834	0.07887	0.01631	0.02052	0.01294	0.00732	0.00801	0.00242	0.00967	0.00736	0.00439	0.01217
11	0.01823	0.01390	0.01559	0.01419	0.01787	0.01523	0.01092	0.03316	0.41185	0.08288	0.16565	0.10277	0.03715	0.01320	0.00853	0.00268	0.00562	0.01134	0.00828	0.01097
12	0.01631	0.01118	0.01537	0.01606	0.07880	0.01206	0.01085	0.02011	0.06556	0.10463	0.02487	0.03501	0.04135	0.20326	0.25713	0.00745	0.05693	0.00923	0.00542	0.00841
13	0.02389	0.01275	0.01602	0.01229	0.01809	0.01043	0.00992	0.02708	0.01988	0.31749	0.07987	0.03051	0.08578	0.00987	0.00744	0.00200	0.00591	0.00813	0.00757	0.29509
14	0.01529	0.01235	0.01403	0.03847	0.01774	0.01350	0.01077	0.02716	0.31566	0.02752	0.03998	0.16615	0.10443	0.01564	0.00879	0.00285	0.00583	0.09407	0.06017	0.00959

[dist]
# distance from previous block
# <min> <max>
7	16

[block]
# block no. 9 follows, 24 sequences, length 10
# corresponding to MSA columns:
# 894-903
name=unknown_J
#
# <colnr> <probs for GDERKNQSTAVLIFYWHMCP>
#	G	D	E	R	K	N	Q	S	T	A	V	L	I	F	Y	W	H	M	C	P
0	0.02000	0.15877	0.02532	0.05908	0.12200	0.07344	0.01503	0.12338	0.01990	0.02590	0.06726	0.05946	0.01921	0.01369	0.04174	0.05557	0.07770	0.00781	0.00497	0.00977
1	0.01154	0.00793	0.00977	0.01029	0.01078	0.00799	0.00691	0.01257	0.01322	0.01763	0.02972	0.12711	0.03363	0.47022	0.08300	0.00689	0.00836	0.12136	0.00548	0.00560
2	0.11699	0.01152	0.01438	0.01196	0.01620	0.01070	0.00957	0.02706	0.02146	0.33408	0.28924	0.03845	0.04086	0.01213	0.00816	0.00247	0.00544	0.01013	0.00877	0.01043
3	0.01183	0.00890	0.01106	0.01064	0.01267	0.00861	0.00792	0.01716	0.08837	0.02998	0.49293	0.13467	0.10119	0.01688	0.00931	0.00261	0.00413	0.01488	0.00842	0.00785
4	0.01591	0.01248	0.01423	0.01308	0.01570	0.01387	0.00971	0.06936	0.26091	0.02692	0.09449	0.03801	0.02917	0.20361	0.14183	0.00578	0.00930	0.00998	0.00658	0.00908
5	0.22996	0.01391	0.01563	0.01260	0.01788	0.01379	0.01033	0.08094	0.02065	0.37308	0.02421	0.02292	0.01628	0.00906	0.00684	0.00237	0.00635	0.00685	0.10491	0.01141
6	0.07815	0.01831	0.06072	0.02512	0.21041	0.01711	0.01665	0.16466	0.02316	0.23145	0.02216	0.06030	0.01676	0.00950	0.00781	0.00246	0.00808	0.00797	0.00684	0.01239
7	0.02120	0.72609	0.04155	0.01357	0.02035	0.03138	0.01357	0.02374	0.01611	0.01866	0.01102	0.01272	0.01018	0.00678	0.00509	0.00170	0.00848	0.00424	0.00339	0.01018
8	0.08444	0.01568	0.01914	0.18322	0.04550	0.04715	0.01429	0.16330	0.02040	0.08591	0.01688	0.02098	0.01304	0.01226	0.01246	0.14006	0.04002	0.00682	0.04909	0.00934
9	0.01845	0.01709	0.02925	0.03319	0.31090	0.01755	0.14576	0.02374	0.04908	0.04585	0.05289	0.02571	0.03653	0.02974	0.01103	0.00270	0.08277	0.00845	0.04851	0.01084

[dist]
# distance from previous block
# <min> <max>
2	4

[block]
# block no. 10 follows, 24 sequences, length 22
# corresponding to MSA columns:
# 908-929
name=unknown_K
#
# <colnr> <probs for GDERKNQSTAVLIFYWHMCP>
#	G	D	E	R	K	N	Q	S	T	A	V	L	I	F	Y	W	H	M	C	P
0	0.01020	0.00766	0.00945	0.00985	0.01143	0.00691	0.00706	0.01266	0.01877	0.02507	0.29713	0.29389	0.22049	0.02024	0.00963	0.00280	0.00411	0.01783	0.00790	0.00691
1	0.01138	0.00763	0.00869	0.00884	0.00887	0.00759	0.00501	0.01149	0.01182	0.01576	0.02646	0.10423	0.03069	0.66644	0.03798	0.00734	0.00744	0.01240	0.00501	0.00493
2	0.11029	0.17985	0.06342	0.25385	0.03317	0.12549	0.01704	0.06952	0.01817	0.02391	0.01312	0.01687	0.01045	0.00819	0.00732	0.02001	0.01000	0.00572	0.00406	0.00954
3	0.01319	0.01021	0.01238	0.01188	0.01288	0.01137	0.00838	0.01735	0.10303	0.02174	0.11507	0.15298	0.03562	0.29843	0.02388	0.00483	0.10146	0.01263	0.02556	0.00710
4	0.02589	0.01538	0.02151	0.15897	0.11437	0.01583	0.01571	0.11617	0.06176	0.28687	0.04996	0.04257	0.01933	0.00972	0.00806	0.00250	0.00795	0.00823	0.00727	0.01194
5	0.02092	0.06096	0.02057	0.07182	0.02393	0.07020	0.01377	0.08249	0.47528	0.03147	0.02709	0.02600	0.02045	0.01001	0.00780	0.00256	0.00753	0.00811	0.00712	0.01193
6	0.61419	0.01412	0.01164	0.01033	0.01493	0.01589	0.00843	0.02393	0.01467	0.08776	0.01469	0.01628	0.01107	0.00781	0.00525	0.00237	0.00586	0.00501	0.10693	0.00883
7	0.01944	0.01865	0.03185	0.07476	0.64721	0.01879	0.02424	0.02417	0.01797	0.02568	0.01488	0.01969	0.01248	0.00710	0.00785	0.00237	0.00947	0.00706	0.00391	0.01241
8	0.01030	0.00754	0.00957	0.01084	0.01190	0.00703	0.00775	0.01214	0.01624	0.02124	0.08371	0.43457	0.15040	0.07473	0.01232	0.00348	0.00508	0.10735	0.00724	0.00655
9	0.01241	0.01267	0.07019	0.26597	0.02949	0.01179	0.01480	0.01623	0.01649	0.02180	0.07916	0.27032	0.07973	0.01604	0.00904	0.00288	0.00744	0.04995	0.00572	0.00789
10	0.01462	0.01249	0.02088	0.32842	0.03485	0.01378	0.09937	0.01946	0.01783	0.02525	0.15948	0.03111	0.02667	0.00982	0.00798	0.00246	0.00814	0.00902	0.14987	0.00850
11	0.01920	0.01426	0.02039	0.08051	0.22267	0.01461	0.01517	0.02658	0.13683	0.11766	0.11576	0.03298	0.07324	0.01058	0.00807	0.00246	0.00697	0.00928	0.06190	0.01087
12	0.01237	0.00847	0.01196	0.01197	0.01349	0.00916	0.00902	0.01474	0.01388	0.05610	0.02886	0.12992	0.06513	0.10157	0.46400	0.00982	0.01599	0.01115	0.00523	0.00715
13	0.02188	0.67054	0.04001	0.01412	0.02069	0.08448	0.01371	0.02438	0.01663	0.01872	0.01112	0.01285	0.01018	0.00690	0.00525	0.00172	0.00895	0.00431	0.00345	0.01010
14	0.01590	0.04102	0.68023	0.02260	0.03432	0.01842	0.02930	0.02511	0.01674	0.02511	0.01423	0.01674	0.01005	0.00753	0.00753	0.00251	0.01172	0.00586	0.00335	0.01172
15	0.10264	0.01810	0.02251	0.30293	0.03615	0.02096	0.01729	0.31884	0.02583	0.03605	0.01613	0.01927	0.01175	0.00863	0.00761	0.00250	0.00922	0.00680	0.00577	0.01102
16	0.01255	0.05512	0.06137	0.01254	0.01477	0.01035	0.00996	0.06309	0.01757	0.02360	0.07826	0.52394	0.04513	0.02070	0.00940	0.00296	0.00563	0.01845	0.00696	0.00768
17	0.02271	0.15668	0.07976	0.02413	0.19680	0.01936	0.01684	0.07882	0.07334	0.14828	0.07232	0.02336	0.01932	0.00879	0.00741	0.00227	0.00807	0.00729	0.00595	0.02849
18	0.01594	0.01093	0.01566	0.01310	0.01642	0.01024	0.06901	0.05961	0.02277	0.10849	0.44497	0.05040	0.10121	0.01438	0.00910	0.00251	0.00536	0.01281	0.00826	0.00884
19	0.01324	0.00856	0.01177	0.01155	0.01287	0.00918	0.00839	0.01516	0.01335	0.07081	0.02461	0.08152	0.02457	0.24660	0.40077	0.00982	0.01503	0.01026	0.00506	0.00689
20	0.01934	0.26598	0.32805	0.02260	0.11159	0.02332	0.02221	0.07576	0.01840	0.02511	0.01364	0.01596	0.01070	0.00739	0.00679	0.00221	0.01009	0.00558	0.00382	0.01146
21	0.02533	0.23970	0.06660	0.05989	0.11969	0.06181	0.01642	0.11727	0.02133	0.17272	0.01774	0.01866	0.01315	0.00809	0.00698	0.00218	0.00892	0.00622	0.00562	0.01170

[dist]
# distance from previous block
# <min> <max>
3	10

[block]
# block no. 11 follows, 24 sequences, length 22
# corresponding to MSA columns:
# 940-961
name=unknown_L
#
# <colnr> <probs for GDERKNQSTAVLIFYWHMCP>
#	G	D	E	R	K	N	Q	S	T	A	V	L	I	F	Y	W	H	M	C	P
0	0.08832	0.02051	0.08288	0.01850	0.02456	0.05544	0.10516	0.14203	0.14463	0.10373	0.02248	0.07177	0.01782	0.00982	0.00786	0.00248	0.00859	0.00839	0.00646	0.05858
1	0.01034	0.00740	0.00997	0.01131	0.01206	0.00721	0.00796	0.01216	0.01547	0.02087	0.08524	0.49772	0.04841	0.07111	0.08743	0.00454	0.00681	0.07049	0.00695	0.00656
2	0.15739	0.05566	0.05744	0.01698	0.02189	0.01709	0.08976	0.02441	0.01647	0.15217	0.01883	0.07923	0.01585	0.01034	0.01083	0.00256	0.14239	0.00785	0.00550	0.09736
3	0.01006	0.00745	0.00944	0.01050	0.01169	0.00682	0.00744	0.01211	0.01718	0.02272	0.16173	0.44563	0.16989	0.02226	0.00989	0.00301	0.00449	0.05337	0.00760	0.00672
4	0.02120	0.72609	0.04155	0.01357	0.02035	0.03138	0.01357	0.02374	0.01611	0.01866	0.01102	0.01272	0.01018	0.00678	0.00509	0.00170	0.00848	0.00424	0.00339	0.01018
5	0.03052	0.06749	0.02095	0.01519	0.02109	0.01693	0.01257	0.14538	0.14717	0.39452	0.02784	0.02505	0.01874	0.00972	0.00778	0.00243	0.00713	0.00775	0.00868	0.01307
6	0.01021	0.00771	0.00876	0.00934	0.01068	0.00703	0.00641	0.01161	0.01558	0.01962	0.05390	0.23580	0.30333	0.20976	0.01798	0.00422	0.00533	0.04991	0.00667	0.00615
7	0.01974	0.34526	0.16551	0.01769	0.02363	0.02634	0.01789	0.06794	0.01671	0.02236	0.01209	0.01524	0.01045	0.00904	0.01142	0.00239	0.19672	0.00551	0.00373	0.01033
8	0.01148	0.00791	0.00978	0.00978	0.01016	0.00830	0.00621	0.01225	0.01187	0.01621	0.02396	0.04619	0.02635	0.53931	0.21898	0.00908	0.01141	0.01070	0.00465	0.00543
9	0.57702	0.01926	0.01421	0.01257	0.01743	0.13931	0.01008	0.02616	0.01593	0.08839	0.01302	0.01437	0.00984	0.00772	0.00558	0.00238	0.00767	0.00476	0.00518	0.00912
10	0.01733	0.01711	0.02778	0.42570	0.24498	0.04877	0.06105	0.02237	0.01702	0.02230	0.01439	0.02037	0.01127	0.00759	0.00796	0.00253	0.01056	0.00711	0.00370	0.01011
11	0.01582	0.01496	0.02531	0.58349	0.16678	0.01784	0.02244	0.02100	0.01626	0.02129	0.01424	0.02087	0.01093	0.00777	0.00791	0.00259	0.01036	0.00705	0.00360	0.00949
12	0.02411	0.01245	0.01624	0.03993	0.01934	0.01201	0.01157	0.11064	0.02243	0.30127	0.08530	0.15950	0.03263	0.01467	0.00890	0.00277	0.00662	0.10053	0.00843	0.01066
13	0.03129	0.01493	0.02211	0.02339	0.19526	0.01359	0.01506	0.03480	0.02145	0.50237	0.02689	0.02501	0.01773	0.00908	0.00794	0.00243	0.00747	0.00773	0.00823	0.01324
14	0.01449	0.01012	0.01252	0.01219	0.01457	0.01017	0.00926	0.02140	0.14900	0.07555	0.29019	0.20750	0.05269	0.01718	0.00932	0.00281	0.00500	0.06917	0.00823	0.00869
15	0.01590	0.04102	0.68023	0.02260	0.03432	0.01842	0.02930	0.02511	0.01674	0.02511	0.01423	0.01674	0.01005	0.00753	0.00753	0.00251	0.01172	0.00586	0.00335	0.01172
16	0.01916	0.01441	0.02320	0.35954	0.16699	0.01604	0.01913	0.02344	0.01730	0.13766	0.01987	0.08537	0.01640	0.00987	0.00883	0.00264	0.03628	0.00863	0.00507	0.01017
17	0.01695	0.03411	0.50207	0.02059	0.03016	0.01799	0.02455	0.08121	0.07412	0.02761	0.01893	0.08212	0.01547	0.00958	0.00785	0.00258	0.01032	0.00777	0.00454	0.01147
18	0.01071	0.00808	0.01006	0.01082	0.01261	0.00743	0.00838	0.01336	0.01839	0.02394	0.18590	0.21992	0.24399	0.02081	0.00995	0.00301	0.00494	0.17311	0.00763	0.00696
19	0.01967	0.06418	0.14599	0.14184	0.03310	0.01688	0.17384	0.02551	0.03753	0.14106	0.02270	0.08631	0.03585	0.00980	0.00829	0.00259	0.00979	0.00916	0.00534	0.01057
20	0.05220	0.15361	0.22683	0.01816	0.02525	0.03796	0.01865	0.12245	0.03642	0.12065	0.01663	0.01803	0.01232	0.00892	0.00945	0.00245	0.09721	0.00620	0.00520	0.01142
21	0.02404	0.02137	0.10345	0.02908	0.24640	0.01913	0.05425	0.19886	0.04828	0.12442	0.03883	0.02184	0.01582	0.00858	0.00799	0.00243	0.00905	0.00749	0.00610	0.01259

[dist]
# distance from previous block
# <min> <max>
4	32

[block]
# block no. 12 follows, 24 sequences, length 38
# corresponding to MSA columns:
# 994-1031
name=unknown_M
#
# <colnr> <probs for GDERKNQSTAVLIFYWHMCP>
#	G	D	E	R	K	N	Q	S	T	A	V	L	I	F	Y	W	H	M	C	P
0	0.06544	0.02995	0.02052	0.01823	0.02254	0.46358	0.01389	0.07880	0.02268	0.11027	0.01760	0.06842	0.01478	0.00969	0.00743	0.00223	0.01174	0.00690	0.00543	0.00987
1	0.01477	0.00821	0.00918	0.00887	0.01102	0.00782	0.00664	0.01800	0.01693	0.05398	0.07508	0.08902	0.02808	0.05806	0.00885	0.00245	0.00448	0.03901	0.48058	0.05895
2	0.01657	0.01308	0.02019	0.01615	0.02036	0.01253	0.14721	0.06337	0.06968	0.08559	0.28276	0.04605	0.14577	0.01335	0.00905	0.00257	0.00667	0.01221	0.00747	0.00936
3	0.01162	0.00779	0.00896	0.00909	0.00923	0.00779	0.00540	0.01190	0.01203	0.01600	0.02625	0.05468	0.03008	0.66937	0.03818	0.00739	0.00766	0.05661	0.00499	0.00499
