[name]
unknown

[dist]
# distance from previous block
# <min> <max>
0	425

[block]
# block no. 0 follows, 25 sequences, length 9
# corresponding to MSA columns:
# 425-433
name=unknown_A
#
# <colnr> <probs for GDERKNQSTAVLIFYWHMCP>
#	G	D	E	R	K	N	Q	S	T	A	V	L	I	F	Y	W	H	M	C	P
0	0.05234	0.01294	0.01516	0.01494	0.01813	0.01409	0.01250	0.09720	0.20857	0.02940	0.03428	0.05896	0.03320	0.01618	0.00927	0.00310	0.00695	0.34610	0.00732	0.00939
1	0.02734	0.01347	0.01733	0.01466	0.01946	0.01293	0.01231	0.14118	0.02347	0.37831	0.03151	0.04282	0.02554	0.01299	0.00864	0.00273	0.00710	0.18824	0.00855	0.01143
2	0.01735	0.01812	0.03017	0.02395	0.02624	0.02254	0.20189	0.02046	0.01375	0.02046	0.01178	0.01812	0.01064	0.01152	0.02069	0.00317	0.50908	0.00748	0.00355	0.00906
3	0.01113	0.00865	0.00946	0.00918	0.01106	0.00824	0.00645	0.01482	0.08109	0.02227	0.16999	0.05997	0.30898	0.22448	0.01787	0.00401	0.00514	0.01368	0.00679	0.00672
4	0.01218	0.01056	0.01513	0.02045	0.20576	0.00993	0.01156	0.01471	0.01670	0.02183	0.04769	0.27915	0.26959	0.01751	0.00898	0.00271	0.00566	0.01554	0.00622	0.00813
5	0.02068	0.01709	0.02260	0.21967	0.03152	0.02022	0.03861	0.17879	0.16669	0.05921	0.01919	0.02170	0.01445	0.00973	0.01069	0.00266	0.12251	0.00744	0.00577	0.01079
6	0.02889	0.22350	0.02615	0.01754	0.09587	0.01783	0.01337	0.03192	0.01979	0.41416	0.02297	0.02149	0.01570	0.00842	0.00696	0.00217	0.00739	0.00663	0.00710	0.01214
7	0.01072	0.00803	0.01059	0.01025	0.01207	0.00789	0.00779	0.01386	0.01852	0.02570	0.39176	0.05250	0.15091	0.02878	0.20971	0.00539	0.00869	0.01272	0.00705	0.00708
8	0.10977	0.02137	0.12770	0.02704	0.21639	0.01828	0.08152	0.12879	0.04300	0.10014	0.01707	0.01906	0.01265	0.00774	0.00741	0.00235	0.00895	0.00673	0.00529	0.03873

[dist]
# distance from previous block
# <min> <max>
0	3

[block]
# block no. 1 follows, 25 sequences, length 31
# corresponding to MSA columns:
# 437-467
name=unknown_B
#
# <colnr> <probs for GDERKNQSTAVLIFYWHMCP>
#	G	D	E	R	K	N	Q	S	T	A	V	L	I	F	Y	W	H	M	C	P
0	0.56245	0.01696	0.01486	0.01243	0.01764	0.01934	0.01025	0.20690	0.01999	0.03890	0.01308	0.01435	0.00980	0.00781	0.00566	0.00238	0.00674	0.00501	0.00566	0.00980
1	0.02572	0.06488	0.02406	0.01958	0.06944	0.06133	0.06039	0.21307	0.19033	0.15572	0.02276	0.02224	0.01642	0.00905	0.00767	0.00237	0.00825	0.00744	0.00706	0.01223
2	0.02003	0.01773	0.05281	0.01977	0.02540	0.01731	0.18804	0.09147	0.24648	0.09170	0.09509	0.02974	0.04802	0.00999	0.00837	0.00255	0.00820	0.00932	0.00679	0.01117
3	0.02166	0.01391	0.02050	0.01871	0.08663	0.01328	0.09110	0.02834	0.12797	0.23534	0.10211	0.07633	0.07238	0.01127	0.00826	0.00247	0.00690	0.01010	0.00736	0.04538
4	0.02381	0.48183	0.03451	0.01488	0.02136	0.02834	0.01379	0.24524	0.02305	0.02903	0.01354	0.01461	0.01109	0.00758	0.00596	0.00189	0.00838	0.00514	0.00488	0.01109
5	0.01068	0.00821	0.00997	0.01018	0.01204	0.00750	0.00732	0.01390	0.04863	0.02406	0.22056	0.32908	0.18410	0.01922	0.00919	0.00270	0.00430	0.01696	0.00744	0.05396
6	0.01098	0.00777	0.00979	0.00938	0.01094	0.00720	0.00677	0.01342	0.01916	0.02645	0.46768	0.05642	0.13832	0.10567	0.01457	0.06359	0.00441	0.01340	0.00749	0.00658
7	0.01709	0.01542	0.02196	0.06694	0.25427	0.01362	0.01511	0.02105	0.01660	0.02495	0.01407	0.01746	0.01170	0.00628	0.00655	0.00164	0.00725	0.00555	0.00426	0.45822
8	0.00961	0.00787	0.00848	0.00833	0.01075	0.00674	0.00625	0.01200	0.01874	0.02347	0.22712	0.07046	0.52584	0.01869	0.00916	0.00257	0.00386	0.01578	0.00753	0.00674
9	0.01775	0.01891	0.07662	0.27225	0.22166	0.04895	0.02028	0.02683	0.16837	0.02468	0.01810	0.02154	0.01395	0.00814	0.00770	0.00248	0.00929	0.00716	0.00461	0.01076
10	0.01464	0.01378	0.02326	0.70887	0.05340	0.01723	0.02153	0.01981	0.01550	0.01981	0.01378	0.02067	0.01034	0.00775	0.00775	0.00258	0.01034	0.00689	0.00345	0.00861
11	0.03335	0.01277	0.01723	0.01333	0.01903	0.01110	0.01097	0.03639	0.02177	0.63822	0.03022	0.02657	0.01924	0.00956	0.00763	0.00236	0.00639	0.00776	0.06332	0.01277
12	0.00942	0.00685	0.00889	0.01053	0.01118	0.00632	0.00708	0.01083	0.01510	0.01990	0.04594	0.66452	0.10715	0.02388	0.00983	0.00310	0.00445	0.02153	0.00720	0.00632
13	0.00937	0.00703	0.00870	0.01004	0.01105	0.00636	0.00686	0.01088	0.01557	0.02009	0.05192	0.55630	0.21150	0.02310	0.00971	0.00301	0.00435	0.02059	0.00720	0.00636
14	0.02947	0.02172	0.02327	0.01784	0.02404	0.02404	0.01474	0.65329	0.03646	0.04887	0.01862	0.01862	0.01319	0.00931	0.00776	0.00233	0.00853	0.00698	0.00776	0.01319
15	0.01097	0.00793	0.01036	0.00975	0.01158	0.00732	0.00732	0.01463	0.02195	0.03109	0.67505	0.05792	0.07316	0.01585	0.00914	0.00244	0.00366	0.01402	0.00854	0.00732
16	0.02947	0.02172	0.02327	0.01784	0.02404	0.02404	0.01474	0.65329	0.03646	0.04887	0.01862	0.01862	0.01319	0.00931	0.00776	0.00233	0.00853	0.00698	0.00776	0.01319
17	0.02073	0.73217	0.04063	0.01327	0.01990	0.03068	0.01327	0.02322	0.01575	0.01824	0.01078	0.01244	0.00995	0.00663	0.00498	0.00166	0.00829	0.00415	0.00332	0.00995
18	0.01919	0.01842	0.03147	0.04759	0.67914	0.01842	0.02380	0.02380	0.01765	0.02533	0.01458	0.01919	0.01228	0.00691	0.00768	0.00230	0.00921	0.00691	0.00384	0.01228
19	0.02034	0.08071	0.01963	0.01544	0.02012	0.01984	0.01231	0.03938	0.56842	0.07010	0.02963	0.02730	0.02217	0.01012	0.00762	0.00253	0.00636	0.00829	0.00758	0.01212
20	0.73729	0.01631	0.01203	0.01078	0.01553	0.05794	0.00879	0.02328	0.01372	0.03384	0.01087	0.01268	0.00849	0.00724	0.00493	0.00238	0.00647	0.00425	0.00475	0.00843
21	0.00963	0.00723	0.00893	0.00987	0.01110	0.00653	0.00688	0.01152	0.01676	0.02197	0.15741	0.44543	0.21515	0.02169	0.00958	0.00289	0.00421	0.01925	0.00742	0.00653
22	0.01075	0.00776	0.01017	0.00990	0.01154	0.00717	0.00730	0.01408	0.02093	0.02947	0.58425	0.15334	0.07002	0.01706	0.00925	0.00254	0.00378	0.01517	0.00834	0.00717
23	0.01722	0.26260	0.47942	0.01926	0.02917	0.02208	0.02370	0.02412	0.01617	0.02253	0.01291	0.01511	0.00986	0.00713	0.00660	0.00220	0.01044	0.00522	0.00329	0.01097
24	0.00960	0.00681	0.00895	0.01060	0.01101	0.00640	0.00699	0.01084	0.01454	0.01939	0.04119	0.66583	0.04934	0.08356	0.01239	0.00352	0.00475	0.02113	0.00699	0.00616
25	0.07906	0.01228	0.01572	0.01243	0.01763	0.01106	0.01018	0.03343	0.02060	0.53011	0.02841	0.02594	0.01862	0.00935	0.00720	0.00230	0.00605	0.00747	0.14031	0.01186
26	0.02038	0.01658	0.02131	0.02442	0.20582	0.01793	0.01529	0.07156	0.35549	0.07812	0.02662	0.06969	0.02125	0.01024	0.00794	0.00254	0.00708	0.00891	0.00682	0.01202
27	0.01257	0.00918	0.01207	0.01280	0.05404	0.00970	0.00821	0.04393	0.01403	0.01941	0.06827	0.04110	0.02677	0.37937	0.24727	0.00818	0.01171	0.01002	0.00488	0.00650
28	0.00945	0.00675	0.00900	0.01080	0.01125	0.00630	0.00720	0.01080	0.01484	0.01979	0.04274	0.72245	0.05128	0.02429	0.00990	0.00315	0.00450	0.02204	0.00720	0.00630
29	0.02710	0.01911	0.10555	0.01797	0.02462	0.01589	0.10001	0.17295	0.02418	0.31756	0.07428	0.02511	0.01989	0.00933	0.00802	0.00242	0.00828	0.00802	0.00754	0.01215
30	0.08142	0.02193	0.07727	0.01974	0.02596	0.06773	0.12112	0.27013	0.02531	0.14158	0.01816	0.01922	0.01291	0.00875	0.00878	0.00244	0.05254	0.00702	0.00632	0.01166

[dist]
# distance from previous block
# <min> <max>
0	1

[block]
# block no. 2 follows, 25 sequences, length 87
# corresponding to MSA columns:
# 469-555
name=unknown_C
#
# <colnr> <probs for GDERKNQSTAVLIFYWHMCP>
#	G	D	E	R	K	N	Q	S	T	A	V	L	I	F	Y	W	H	M	C	P
0	0.01710	0.01769	0.02879	0.02462	0.07251	0.04686	0.19624	0.02055	0.01460	0.02081	0.01371	0.02014	0.01214	0.01752	0.11888	0.00439	0.33301	0.00762	0.00371	0.00910
1	0.57867	0.02093	0.01425	0.01284	0.01742	0.20091	0.01018	0.02500	0.01557	0.03051	0.01112	0.01297	0.00883	0.00741	0.00539	0.00229	0.00816	0.00441	0.00458	0.00856
2	0.01071	0.00792	0.01000	0.00948	0.01142	0.00721	0.00711	0.01413	0.02133	0.02964	0.58952	0.06031	0.15960	0.01639	0.00915	0.00246	0.00370	0.01436	0.00834	0.00721
3	0.01563	0.03874	0.64810	0.02200	0.03278	0.01835	0.02796	0.02421	0.01610	0.02421	0.01369	0.01641	0.00984	0.00773	0.00844	0.00251	0.05295	0.00579	0.00328	0.01128
4	0.00942	0.00683	0.00891	0.01057	0.01119	0.00632	0.00710	0.01082	0.01506	0.01988	0.04552	0.67209	0.09984	0.02393	0.00984	0.00311	0.00445	0.02160	0.00720	0.00632
5	0.00945	0.00675	0.00900	0.01080	0.01125	0.00630	0.00720	0.01080	0.01484	0.01979	0.04274	0.72245	0.05128	0.02429	0.00990	0.00315	0.00450	0.02204	0.00720	0.00630
6	0.02947	0.02172	0.02327	0.01784	0.02404	0.02404	0.01474	0.65329	0.03646	0.04887	0.01862	0.01862	0.01319	0.00931	0.00776	0.00233	0.00853	0.00698	0.00776	0.01319
7	0.01929	0.01666	0.01753	0.01578	0.02016	0.01929	0.01227	0.04120	0.66513	0.03243	0.03156	0.02893	0.02367	0.01052	0.00789	0.00263	0.00614	0.00877	0.00789	0.01227
8	0.78228	0.01499	0.01140	0.01020	0.01499	0.01739	0.00840	0.02279	0.01320	0.03479	0.01080	0.01260	0.00840	0.00720	0.00480	0.00240	0.00600	0.00420	0.00480	0.00840
9	0.78228	0.01499	0.01140	0.01020	0.01499	0.01739	0.00840	0.02279	0.01320	0.03479	0.01080	0.01260	0.00840	0.00720	0.00480	0.00240	0.00600	0.00420	0.00480	0.00840
10	0.01929	0.01666	0.01753	0.01578	0.02016	0.01929	0.01227	0.04120	0.66513	0.03243	0.03156	0.02893	0.02367	0.01052	0.00789	0.00263	0.00614	0.00877	0.00789	0.01227
11	0.03479	0.01320	0.01799	0.01380	0.01979	0.01140	0.01140	0.03779	0.02219	0.68451	0.03059	0.02639	0.01919	0.00960	0.00780	0.00240	0.00660	0.00780	0.00960	0.01320
12	0.01992	0.01791	0.02966	0.04210	0.55637	0.01862	0.02217	0.02407	0.01724	0.06686	0.01507	0.01938	0.01247	0.00789	0.00985	0.00244	0.09499	0.00695	0.00415	0.01188
13	0.03026	0.01384	0.02056	0.01839	0.09419	0.01236	0.05029	0.03370	0.02144	0.52211	0.07686	0.02766	0.02208	0.00959	0.00797	0.00240	0.00705	0.00825	0.00854	0.01248
14	0.01039	0.00756	0.00999	0.01160	0.01271	0.00716	0.00875	0.01252	0.01611	0.02101	0.04604	0.44980	0.11611	0.02287	0.01008	0.00323	0.00528	0.21502	0.00718	0.00659
15	0.01464	0.01378	0.02326	0.70887	0.05340	0.01723	0.02153	0.01981	0.01550	0.01981	0.01378	0.02067	0.01034	0.00775	0.00775	0.00258	0.01034	0.00689	0.00345	0.00861
16	0.06948	0.42004	0.18944	0.01634	0.02401	0.02455	0.05412	0.02484	0.01643	0.07773	0.01349	0.01506	0.01071	0.00709	0.00601	0.00201	0.00903	0.00513	0.00397	0.01051
17	0.03438	0.01385	0.01840	0.01410	0.02012	0.01236	0.01165	0.08486	0.02328	0.63590	0.02967	0.02580	0.01873	0.00957	0.00779	0.00239	0.00675	0.00773	0.00946	0.01319
18	0.59131	0.01620	0.01749	0.01714	0.09883	0.01796	0.07090	0.04483	0.01502	0.03318	0.01199	0.01439	0.00935	0.00717	0.00566	0.00241	0.00714	0.00509	0.00470	0.00923
19	0.00953	0.00695	0.00898	0.01041	0.01119	0.00640	0.00707	0.01111	0.01565	0.02073	0.09235	0.60683	0.11785	0.02319	0.00977	0.00304	0.00438	0.02087	0.00729	0.00640
20	0.01824	0.01624	0.02109	0.01993	0.11533	0.01601	0.05203	0.04951	0.23713	0.02827	0.02009	0.02129	0.01576	0.00796	0.00768	0.00202	0.03042	0.00677	0.00563	0.30859
21	0.01097	0.00793	0.01036	0.00975	0.01158	0.00732	0.00732	0.01463	0.02195	0.03109	0.67505	0.05792	0.07316	0.01585	0.00914	0.00244	0.00366	0.01402	0.00854	0.00732
22	0.01297	0.01090	0.01362	0.01559	0.09787	0.01075	0.01057	0.01919	0.12955	0.02512	0.12959	0.05991	0.29612	0.01630	0.00902	0.00272	0.00550	0.11921	0.00705	0.00845
23	0.02073	0.73217	0.04063	0.01327	0.01990	0.03068	0.01327	0.02322	0.01575	0.01824	0.01078	0.01244	0.00995	0.00663	0.00498	0.00166	0.00829	0.00415	0.00332	0.00995
24	0.01097	0.00793	0.01036	0.00975	0.01158	0.00732	0.00732	0.01463	0.02195	0.03109	0.67505	0.05792	0.07316	0.01585	0.00914	0.00244	0.00366	0.01402	0.00854	0.00732
25	0.03013	0.02067	0.02262	0.01734	0.02352	0.02248	0.01433	0.57736	0.03470	0.12728	0.02009	0.01957	0.01393	0.00934	0.00776	0.00234	0.00829	0.00708	0.00798	0.01319
26	0.01924	0.18136	0.38247	0.01864	0.02752	0.02080	0.02137	0.06675	0.09713	0.06894	0.01679	0.01787	0.01237	0.00786	0.00698	0.00230	0.00963	0.00598	0.00454	0.01146
27	0.01109	0.00825	0.01215	0.01215	0.01343	0.00953	0.00931	0.01365	0.01237	0.01777	0.02105	0.03201	0.02006	0.10934	0.64651	0.01208	0.01975	0.00853	0.00420	0.00675
28	0.01929	0.01666	0.01753	0.01578	0.02016	0.01929	0.01227	0.04120	0.66513	0.03243	0.03156	0.02893	0.02367	0.01052	0.00789	0.00263	0.00614	0.00877	0.00789	0.01227
29	0.63670	0.01741	0.06086	0.01377	0.01939	0.01771	0.08905	0.02316	0.01404	0.03288	0.01161	0.01387	0.00891	0.00713	0.00551	0.00243	0.00724	0.00491	0.00459	0.00886
30	0.08543	0.01617	0.01819	0.01440	0.01935	0.01686	0.01149	0.30878	0.02600	0.23130	0.02261	0.02612	0.01725	0.13546	0.01312	0.00327	0.00758	0.00777	0.00754	0.01133
31	0.01815	0.01336	0.01598	0.01168	0.01815	0.01029	0.00936	0.02156	0.01720	0.10939	0.05501	0.01986	0.01611	0.00683	0.00620	0.00138	0.00573	0.00556	0.00546	0.63272
32	0.01555	0.04011	0.68733	0.02210	0.03356	0.01801	0.02865	0.02455	0.01637	0.02455	0.01391	0.01637	0.00982	0.00737	0.00737	0.00246	0.01146	0.00573	0.00327	0.01146
33	0.01203	0.00814	0.00978	0.01048	0.01249	0.00776	0.00860	0.01519	0.01765	0.02458	0.08678	0.06711	0.20647	0.01740	0.00884	0.00279	0.00516	0.26755	0.20417	0.00702
34	0.01109	0.00792	0.01088	0.01267	0.01384	0.00771	0.01005	0.01364	0.01646	0.02163	0.04183	0.38024	0.04769	0.02274	0.01033	0.00338	0.00592	0.34804	0.00717	0.00675
35	0.06965	0.68610	0.03875	0.01307	0.01959	0.02983	0.01295	0.02319	0.01559	0.01930	0.01078	0.01245	0.00985	0.00667	0.00496	0.00171	0.00814	0.00415	0.00341	0.00985
36	0.78228	0.01499	0.01140	0.01020	0.01499	0.01739	0.00840	0.02279	0.01320	0.03479	0.01080	0.01260	0.00840	0.00720	0.00480	0.00240	0.00600	0.00420	0.00480	0.00840
37	0.01464	0.01378	0.02326	0.70887	0.05340	0.01723	0.02153	0.01981	0.01550	0.01981	0.01378	0.02067	0.01034	0.00775	0.00775	0.00258	0.01034	0.00689	0.00345	0.00861
38	0.01097	0.00793	0.01036	0.00975	0.01158	0.00732	0.00732	0.01463	0.02195	0.03109	0.67505	0.05792	0.07316	0.01585	0.00914	0.00244	0.00366	0.01402	0.00854	0.00732
39	0.01919	0.01842	0.03147	0.04759	0.67914	0.01842	0.02380	0.02380	0.01765	0.02533	0.01458	0.01919	0.01228	0.00691	0.00768	0.00230	0.00921	0.00691	0.00384	0.01228
40	0.01929	0.01666	0.01753	0.01578	0.02016	0.01929	0.01227	0.04120	0.66513	0.03243	0.03156	0.02893	0.02367	0.01052	0.00789	0.00263	0.00614	0.00877	0.00789	0.01227
41	0.00945	0.00675	0.00900	0.01080	0.01125	0.00630	0.00720	0.01080	0.01484	0.01979	0.04274	0.72245	0.05128	0.02429	0.00990	0.00315	0.00450	0.02204	0.00720	0.00630
42	0.01696	0.01696	0.02375	0.02036	0.02036	0.02375	0.01696	0.01866	0.01187	0.01866	0.01018	0.01696	0.01018	0.01357	0.02545	0.00339	0.71332	0.00679	0.00339	0.00848
43	0.01608	0.01378	0.01608	0.01148	0.01837	0.01034	0.00919	0.01952	0.01608	0.02527	0.01378	0.01608	0.01148	0.00574	0.00574	0.00115	0.00574	0.00459	0.00459	0.77491
44	0.02048	0.01832	0.03039	0.04444	0.61395	0.01834	0.02273	0.05508	0.01880	0.05984	0.01559	0.01953	0.01268	0.00716	0.00769	0.00231	0.00905	0.00696	0.00432	0.01237
45	0.01004	0.00789	0.00907	0.00877	0.01101	0.00692	0.00658	0.01282	0.01974	0.02584	0.36642	0.06656	0.38506	0.01781	0.00915	0.00253	0.00380	0.01523	0.00784	0.00692
46	0.01696	0.01696	0.02375	0.02036	0.02036	0.02375	0.01696	0.01866	0.01187	0.01866	0.01018	0.01696	0.01018	0.01357	0.02545	0.00339	0.71332	0.00679	0.00339	0.00848
47	0.78228	0.01499	0.01140	0.01020	0.01499	0.01739	0.00840	0.02279	0.01320	0.03479	0.01080	0.01260	0.00840	0.00720	0.00480	0.00240	0.00600	0.00420	0.00480	0.00840
48	0.73489	0.01542	0.01214	0.01068	0.01556	0.01781	0.00880	0.06248	0.01466	0.03567	0.01129	0.01297	0.00870	0.00733	0.00498	0.00239	0.00616	0.00437	0.00498	0.00870
49	0.00938	0.00702	0.00871	0.01007	0.01105	0.00636	0.00687	0.01088	0.01555	0.02008	0.05163	0.56156	0.20642	0.02314	0.00971	0.00302	0.00436	0.02063	0.00720	0.00636
50	0.00979	0.00699	0.00939	0.01119	0.01179	0.00659	0.00780	0.01139	0.01518	0.02018	0.04255	0.65081	0.05053	0.02397	0.00999	0.00320	0.00480	0.09029	0.00719	0.00639
51	0.51657	0.01423	0.01364	0.01170	0.01633	0.01577	0.00961	0.02561	0.01524	0.18851	0.01615	0.01726	0.01177	0.01135	0.05097	0.00309	0.04145	0.00545	0.00584	0.00946
52	0.01097	0.00793	0.01036	0.00975	0.01158	0.00732	0.00732	0.01463	0.02195	0.03109	0.67505	0.05792	0.07316	0.01585	0.00914	0.00244	0.00366	0.01402	0.00854	0.00732
53	0.01464	0.01378	0.02326	0.70887	0.05340	0.01723	0.02153	0.01981	0.01550	0.01981	0.01378	0.02067	0.01034	0.00775	0.00775	0.00258	0.01034	0.00689	0.00345	0.00861
54	0.73486	0.01638	0.01206	0.01081	0.01556	0.06013	0.00881	0.02331	0.01375	0.03379	0.01087	0.01268	0.00850	0.00725	0.00494	0.00237	0.00650	0.00425	0.00475	0.00843
55	0.02896	0.03695	0.02197	0.01998	0.02397	0.69638	0.01498	0.03096	0.02197	0.01898	0.01199	0.01398	0.00999	0.00799	0.00699	0.00200	0.01398	0.00499	0.00400	0.00899
56	0.02281	0.02149	0.18554	0.02204	0.14864	0.01494	0.01776	0.06676	0.01951	0.21767	0.01914	0.01989	0.01357	0.00771	0.00723	0.00213	0.00824	0.00639	0.00577	0.17278
57	0.01906	0.02123	0.11047	0.02927	0.10690	0.01802	0.38030	0.02640	0.06762	0.07620	0.05108	0.02311	0.01618	0.00768	0.00858	0.00254	0.01096	0.00863	0.00481	0.01096
58	0.01696	0.01696	0.02375	0.02036	0.02036	0.02375	0.01696	0.01866	0.01187	0.01866	0.01018	0.01696	0.01018	0.01357	0.02545	0.00339	0.71332	0.00679	0.00339	0.00848
59	0.01688	0.07373	0.60382	0.02133	0.03214	0.01911	0.02681	0.07257	0.01787	0.02609	0.01412	0.01634	0.01009	0.00748	0.00728	0.00241	0.01107	0.00575	0.00362	0.01151
60	0.02353	0.08390	0.07995	0.09676	0.07505	0.01703	0.13560	0.07503	0.01996	0.23615	0.02150	0.06536	0.01629	0.00908	0.00787	0.00243	0.00897	0.00822	0.00607	0.01124
61	0.02103	0.47711	0.11800	0.01712	0.02444	0.02637	0.09586	0.06477	0.01779	0.05418	0.01325	0.01507	0.01082	0.00703	0.00611	0.00196	0.00922	0.00533	0.00398	0.01056
62	0.01228	0.00886	0.01220	0.01387	0.01571	0.00877	0.01207	0.01575	0.01784	0.02306	0.04346	0.08664	0.08518	0.02130	0.01061	0.00351	0.00693	0.58773	0.00714	0.00710
63	0.02484	0.01682	0.09219	0.06466	0.13677	0.01359	0.05317	0.02898	0.01962	0.34321	0.02971	0.02901	0.09237	0.00977	0.00797	0.00244	0.00787	0.00844	0.00693	0.01163
64	0.02431	0.14446	0.17610	0.02036	0.10481	0.01909	0.01760	0.09946	0.06997	0.21828	0.02017	0.02016	0.01430	0.00829	0.00720	0.00228	0.00850	0.00657	0.00604	0.01206
65	0.02443	0.02755	0.02634	0.02191	0.02569	0.36314	0.12698	0.02721	0.01878	0.06268	0.01337	0.01675	0.01094	0.00925	0.01210	0.00249	0.19046	0.00636	0.00419	0.00939
66	0.66804	0.06927	0.06522	0.01133	0.01677	0.01841	0.01030	0.02296	0.01362	0.03280	0.01103	0.01287	0.00862	0.00717	0.00501	0.00235	0.00658	0.00431	0.00457	0.00874
67	0.00990	0.00804	0.00876	0.00909	0.01142	0.00704	0.00707	0.01206	0.01738	0.02107	0.06876	0.07583	0.52451	0.05580	0.01099	0.00305	0.00471	0.13090	0.00706	0.00656
68	0.07389	0.01827	0.03133	0.03685	0.39065	0.01829	0.16734	0.07096	0.01874	0.02733	0.01665	0.06334	0.01441	0.00812	0.00796	0.00244	0.00953	0.00820	0.00444	0.01127
69	0.07275	0.02579	0.02073	0.02133	0.11724	0.36389	0.01452	0.02655	0.01924	0.05405	0.01517	0.01954	0.01287	0.01195	0.05974	0.00285	0.01174	0.02917	0.00450	0.09639
70	0.00916	0.00785	0.00785	0.00785	0.01047	0.00655	0.00589	0.01113	0.01767	0.02095	0.07855	0.07462	0.67599	0.01964	0.00916	0.00262	0.00393	0.01636	0.00720	0.00655
71	0.02073	0.73217	0.04063	0.01327	0.01990	0.03068	0.01327	0.02322	0.01575	0.01824	0.01078	0.01244	0.00995	0.00663	0.00498	0.00166	0.00829	0.00415	0.00332	0.00995
72	0.01035	0.00740	0.01000	0.01162	0.01251	0.00705	0.00857	0.01245	0.01616	0.02153	0.09033	0.50818	0.05123	0.02291	0.01005	0.00320	0.00512	0.17747	0.00728	0.00659
73	0.01341	0.01037	0.01262	0.01217	0.01465	0.01071	0.00958	0.02176	0.18708	0.02994	0.38840	0.05606	0.05496	0.01554	0.00912	0.00270	0.00496	0.12931	0.00810	0.00856
74	0.01046	0.00791	0.00965	0.00921	0.01127	0.00710	0.00691	0.01363	0.02073	0.02820	0.50520	0.06267	0.24481	0.01693	0.00915	0.00249	0.00373	0.01469	0.00816	0.00710
75	0.00945	0.00675	0.00900	0.01080	0.01125	0.00630	0.00720	0.01080	0.01484	0.01979	0.04274	0.72245	0.05128	0.02429	0.00990	0.00315	0.00450	0.02204	0.00720	0.00630
76	0.02896	0.03695	0.02197	0.01998	0.02397	0.69638	0.01498	0.03096	0.02197	0.01898	0.01199	0.01398	0.00999	0.00799	0.00699	0.00200	0.01398	0.00499	0.00400	0.00899
77	0.00945	0.00675	0.00900	0.01080	0.01125	0.00630	0.00720	0.01080	0.01484	0.01979	0.04274	0.72245	0.05128	0.02429	0.00990	0.00315	0.00450	0.02204	0.00720	0.00630
78	0.01108	0.00831	0.01246	0.01246	0.01385	0.00969	0.00969	0.01385	0.01246	0.01800	0.02077	0.03046	0.01938	0.05815	0.69678	0.01246	0.02077	0.00831	0.00415	0.00692
79	0.02788	0.01341	0.01729	0.01294	0.01927	0.01100	0.01058	0.03104	0.01993	0.44094	0.02438	0.02258	0.01635	0.00817	0.00704	0.00194	0.00628	0.00661	0.00775	0.29463
80	0.01128	0.00752	0.00846	0.00846	0.00846	0.00752	0.00470	0.01128	0.01128	0.01503	0.02443	0.05074	0.02819	0.72751	0.03946	0.00752	0.00752	0.01128	0.00470	0.00470
81	0.01555	0.04011	0.68733	0.02210	0.03356	0.01801	0.02865	0.02455	0.01637	0.02455	0.01391	0.01637	0.00982	0.00737	0.00737	0.00246	0.01146	0.00573	0.00327	0.01146
82	0.02907	0.09732	0.07414	0.01624	0.02239	0.01629	0.05137	0.07166	0.02091	0.42959	0.02390	0.02253	0.01594	0.00920	0.00887	0.00240	0.06134	0.00718	0.00748	0.01218
83	0.02317	0.01579	0.01765	0.01528	0.02007	0.01731	0.01205	0.04035	0.50401	0.19585	0.03132	0.02829	0.02255	0.01029	0.00787	0.00257	0.00625	0.00852	0.00832	0.01250
84	0.01109	0.00800	0.01053	0.01010	0.01193	0.00744	0.00771	0.01474	0.02163	0.03049	0.62656	0.06018	0.07098	0.01628	0.00926	0.00253	0.00392	0.06090	0.00843	0.00730
85	0.03012	0.01633	0.02367	0.02140	0.11720	0.05394	0.09433	0.03374	0.02104	0.46716	0.02531	0.02393	0.01672	0.00873	0.00790	0.00239	0.00823	0.00768	0.00772	0.01247
86	0.02343	0.02183	0.02645	0.08391	0.31165	0.12391	0.01916	0.21406	0.04611	0.03124	0.01592	0.01867	0.01245	0.00798	0.00761	0.00230	0.00972	0.00670	0.00515	0.01177

[dist]
# distance from previous block
# <min> <max>
0	1

[block]
# block no. 3 follows, 25 sequences, length 48
# corresponding to MSA columns:
# 557-604
name=unknown_D
#
# <colnr> <probs for GDERKNQSTAVLIFYWHMCP>
#	G	D	E	R	K	N	Q	S	T	A	V	L	I	F	Y	W	H	M	C	P
0	0.69003	0.01768	0.01269	0.01139	0.01609	0.10054	0.00920	0.02379	0.01427	0.03285	0.01094	0.01277	0.00859	0.00729	0.00507	0.00235	0.00698	0.00430	0.00470	0.00847
1	0.38219	0.01408	0.01435	0.01211	0.01681	0.01509	0.00987	0.09169	0.01849	0.19886	0.06553	0.02175	0.01739	0.01365	0.07411	0.00338	0.00770	0.00652	0.00653	0.00989
2	0.08042	0.26900	0.06024	0.01585	0.02157	0.23313	0.01386	0.05197	0.06553	0.05673	0.01431	0.01549	0.01152	0.00762	0.00622	0.00196	0.00967	0.00515	0.00454	0.05522
3	0.01135	0.00760	0.00869	0.00880	0.00891	0.00760	0.00516	0.01156	0.01166	0.01552	0.02541	0.05291	0.02916	0.68583	0.03777	0.00728	0.00749	0.04762	0.00484	0.00484
4	0.02248	0.19411	0.33689	0.01756	0.02627	0.01901	0.01992	0.02818	0.01796	0.21934	0.01814	0.01843	0.01264	0.00786	0.00693	0.00225	0.00927	0.00597	0.00516	0.01162
5	0.01900	0.01788	0.02567	0.02065	0.02603	0.01938	0.19649	0.03648	0.47857	0.03024	0.02698	0.02662	0.02024	0.00937	0.00825	0.00263	0.00814	0.00888	0.00675	0.01175
6	0.01445	0.00723	0.00723	0.00723	0.00903	0.00723	0.00542	0.01807	0.01626	0.02891	0.02529	0.02891	0.01987	0.00903	0.00542	0.00181	0.00361	0.00723	0.77055	0.00723
7	0.00929	0.00786	0.00803	0.00798	0.01055	0.00660	0.00599	0.01137	0.01797	0.02164	0.11933	0.07348	0.63478	0.01938	0.00916	0.00261	0.00391	0.01620	0.00729	0.00660
8	0.01555	0.04011	0.68733	0.02210	0.03356	0.01801	0.02865	0.02455	0.01637	0.02455	0.01391	0.01637	0.00982	0.00737	0.00737	0.00246	0.01146	0.00573	0.00327	0.01146
9	0.02896	0.03695	0.02197	0.01998	0.02397	0.69638	0.01498	0.03096	0.02197	0.01898	0.01199	0.01398	0.00999	0.00799	0.00699	0.00200	0.01398	0.00499	0.00400	0.00899
10	0.00929	0.00786	0.00803	0.00798	0.01055	0.00660	0.00599	0.01137	0.01797	0.02164	0.11933	0.07348	0.63478	0.01938	0.00916	0.00261	0.00391	0.01620	0.00729	0.00660
11	0.02073	0.73217	0.04063	0.01327	0.01990	0.03068	0.01327	0.02322	0.01575	0.01824	0.01078	0.01244	0.00995	0.00663	0.00498	0.00166	0.00829	0.00415	0.00332	0.00995
12	0.00916	0.00785	0.00785	0.00785	0.01047	0.00655	0.00589	0.01113	0.01767	0.02095	0.07855	0.07462	0.67599	0.01964	0.00916	0.00262	0.00393	0.01636	0.00720	0.00655
13	0.78228	0.01499	0.01140	0.01020	0.01499	0.01739	0.00840	0.02279	0.01320	0.03479	0.01080	0.01260	0.00840	0.00720	0.00480	0.00240	0.00600	0.00420	0.00480	0.00840
14	0.78228	0.01499	0.01140	0.01020	0.01499	0.01739	0.00840	0.02279	0.01320	0.03479	0.01080	0.01260	0.00840	0.00720	0.00480	0.00240	0.00600	0.00420	0.00480	0.00840
15	0.01608	0.01378	0.01608	0.01148	0.01837	0.01034	0.00919	0.01952	0.01608	0.02527	0.01378	0.01608	0.01148	0.00574	0.00574	0.00115	0.00574	0.00459	0.00459	0.77491
16	0.02947	0.02172	0.02327	0.01784	0.02404	0.02404	0.01474	0.65329	0.03646	0.04887	0.01862	0.01862	0.01319	0.00931	0.00776	0.00233	0.00853	0.00698	0.00776	0.01319
17	0.01249	0.00892	0.01249	0.01428	0.01606	0.00892	0.01249	0.01606	0.01785	0.02320	0.04105	0.08746	0.04462	0.02142	0.01071	0.00357	0.00714	0.62695	0.00714	0.00714
18	0.00984	0.00703	0.00944	0.01124	0.01186	0.00663	0.00788	0.01147	0.01523	0.02023	0.04252	0.64123	0.05043	0.02392	0.01000	0.00320	0.00484	0.09942	0.00719	0.00641
19	0.01464	0.01378	0.02326	0.70887	0.05340	0.01723	0.02153	0.01981	0.01550	0.01981	0.01378	0.02067	0.01034	0.00775	0.00775	0.00258	0.01034	0.00689	0.00345	0.00861
20	0.02947	0.02172	0.02327	0.01784	0.02404	0.02404	0.01474	0.65329	0.03646	0.04887	0.01862	0.01862	0.01319	0.00931	0.00776	0.00233	0.00853	0.00698	0.00776	0.01319
21	0.02680	0.01983	0.02135	0.01704	0.02271	0.02204	0.01386	0.44578	0.21706	0.07611	0.02295	0.02198	0.01651	0.00967	0.00780	0.00242	0.00774	0.00754	0.00789	0.01292
22	0.03479	0.01320	0.01799	0.01380	0.01979	0.01140	0.01140	0.03779	0.02219	0.68451	0.03059	0.02639	0.01919	0.00960	0.00780	0.00240	0.00660	0.00780	0.00960	0.01320
23	0.01919	0.01842	0.03147	0.04759	0.67914	0.01842	0.02380	0.02380	0.01765	0.02533	0.01458	0.01919	0.01228	0.00691	0.00768	0.00230	0.00921	0.00691	0.00384	0.01228
24	0.02896	0.03695	0.02197	0.01998	0.02397	0.69638	0.01498	0.03096	0.02197	0.01898	0.01199	0.01398	0.00999	0.00799	0.00699	0.00200	0.01398	0.00499	0.00400	0.00899
25	0.01696	0.01696	0.02375	0.02036	0.02036	0.02375	0.01696	0.01866	0.01187	0.01866	0.01018	0.01696	0.01018	0.01357	0.02545	0.00339	0.71332	0.00679	0.00339	0.00848
26	0.02759	0.01476	0.02286	0.02453	0.21675	0.01361	0.04697	0.03130	0.02063	0.40773	0.07156	0.02624	0.02065	0.00909	0.00793	0.00238	0.00749	0.00805	0.00752	0.01236
27	0.02379	0.01417	0.01687	0.01385	0.01785	0.01477	0.01085	0.24716	0.02326	0.20039	0.02333	0.02958	0.01903	0.17299	0.13142	0.00519	0.00989	0.00835	0.00696	0.01029
28	0.01337	0.01044	0.01243	0.01149	0.01406	0.01077	0.00875	0.02229	0.20746	0.03148	0.48945	0.04956	0.05889	0.01431	0.00878	0.00249	0.00437	0.01251	0.00835	0.00875
29	0.01544	0.01110	0.01310	0.01190	0.01484	0.01149	0.00914	0.02499	0.23120	0.07612	0.39724	0.04524	0.05137	0.01343	0.00851	0.00247	0.00466	0.01163	0.03678	0.00933
30	0.00916	0.00785	0.00785	0.00785	0.01047	0.00655	0.00589	0.01113	0.01767	0.02095	0.07855	0.07462	0.67599	0.01964	0.00916	0.00262	0.00393	0.01636	0.00720	0.00655
31	0.01607	0.00828	0.00975	0.00909	0.01145	0.00787	0.00702	0.01961	0.01874	0.11606	0.21398	0.03910	0.03607	0.01153	0.00700	0.00213	0.00415	0.03214	0.42192	0.00804
32	0.02192	0.01796	0.01901	0.01631	0.02116	0.02051	0.01291	0.19920	0.50285	0.03668	0.02822	0.02627	0.02096	0.01021	0.00786	0.00255	0.00675	0.00831	0.00786	0.01251
33	0.02902	0.02233	0.02423	0.01865	0.02479	0.06673	0.05010	0.55413	0.03395	0.07029	0.01849	0.01875	0.01313	0.00908	0.00779	0.00232	0.00906	0.00701	0.00737	0.01276
34	0.01608	0.01378	0.01608	0.01148	0.01837	0.01034	0.00919	0.01952	0.01608	0.02527	0.01378	0.01608	0.01148	0.00574	0.00574	0.00115	0.00574	0.00459	0.00459	0.77491
35	0.02585	0.23540	0.05147	0.01567	0.02174	0.07112	0.01387	0.26779	0.04636	0.11358	0.01785	0.01816	0.01328	0.00840	0.00674	0.00210	0.00839	0.00611	0.04459	0.01152
36	0.01830	0.02092	0.04575	0.03268	0.04052	0.01961	0.65098	0.02484	0.01830	0.02484	0.01569	0.02092	0.01176	0.00654	0.00915	0.00261	0.01307	0.00915	0.00392	0.01046
37	0.01108	0.00831	0.01246	0.01246	0.01385	0.00969	0.00969	0.01385	0.01246	0.01800	0.02077	0.03046	0.01938	0.05815	0.69678	0.01246	0.02077	0.00831	0.00415	0.00692
38	0.12503	0.01589	0.05110	0.01512	0.04538	0.01405	0.01241	0.11260	0.02068	0.24082	0.02202	0.02606	0.01682	0.00925	0.00717	0.00221	0.00698	0.06409	0.00680	0.18551
39	0.02351	0.11372	0.13217	0.01772	0.06096	0.01750	0.01562	0.05261	0.16691	0.23075	0.02484	0.02719	0.01867	0.00973	0.00758	0.00244	0.00778	0.05178	0.00675	0.01178
40	0.00983	0.00705	0.00934	0.01053	0.01133	0.00656	0.00723	0.01177	0.01665	0.02266	0.20303	0.55399	0.05683	0.02215	0.00971	0.00297	0.00429	0.02001	0.00754	0.00656
41	0.01307	0.01127	0.01721	0.08642	0.05415	0.01127	0.08476	0.01800	0.06233	0.02441	0.14562	0.10407	0.16021	0.01579	0.00927	0.00283	0.00680	0.15784	0.00653	0.00813
42	0.02464	0.02461	0.21361	0.02232	0.06497	0.06512	0.14325	0.05113	0.02000	0.26199	0.02031	0.02092	0.01383	0.00809	0.00788	0.00242	0.00999	0.00720	0.00591	0.01181
43	0.01776	0.03149	0.49508	0.01868	0.02791	0.01546	0.02278	0.02516	0.01708	0.10717	0.01781	0.01963	0.01260	0.00791	0.00711	0.00234	0.00960	0.00623	0.12721	0.01100
44	0.01118	0.00812	0.01091	0.01252	0.01396	0.00784	0.01013	0.01388	0.01687	0.02189	0.04540	0.28893	0.11082	0.02216	0.01029	0.00334	0.00597	0.37182	0.00716	0.00681
45	0.02036	0.07548	0.27246	0.02808	0.20141	0.01946	0.08294	0.10832	0.01993	0.07518	0.01587	0.01830	0.01179	0.00753	0.00754	0.00235	0.01007	0.00658	0.00454	0.01183
46	0.06345	0.01824	0.09027	0.01645	0.02239	0.01641	0.05123	0.07967	0.24519	0.24822	0.04788	0.02567	0.02013	0.00956	0.00775	0.00249	0.00735	0.00796	0.00758	0.01209
47	0.02257	0.02402	0.02267	0.02073	0.05548	0.24914	0.01580	0.09984	0.06564	0.02366	0.01391	0.01758	0.01186	0.01211	0.03730	0.00299	0.28419	0.00641	0.00449	0.00963

[dist]
# distance from previous block
# <min> <max>
1	4

[block]
# block no. 4 follows, 25 sequences, length 36
# corresponding to MSA columns:
# 609-644
name=unknown_E
#
# <colnr> <probs for GDERKNQSTAVLIFYWHMCP>
#	G	D	E	R	K	N	Q	S	T	A	V	L	I	F	Y	W	H	M	C	P
0	0.33197	0.01568	0.01557	0.01283	0.01762	0.01732	0.01052	0.20463	0.02146	0.12612	0.01770	0.01859	0.01288	0.00861	0.00688	0.00233	0.03188	0.00599	0.11115	0.01027
1	0.01929	0.01666	0.01753	0.01578	0.02016	0.01929	0.01227	0.04120	0.66513	0.03243	0.03156	0.02893	0.02367	0.01052	0.00789	0.00263	0.00614	0.00877	0.00789	0.01227
2	0.02060	0.01717	0.01885	0.06139	0.02292	0.01933	0.01310	0.14999	0.45776	0.03406	0.02666	0.02552	0.01994	0.00975	0.00769	0.00246	0.00682	0.00800	0.00732	0.07069
3	0.00998	0.00768	0.00995	0.01098	0.01186	0.00766	0.00775	0.01156	0.01498	0.01979	0.04539	0.51244	0.15650	0.02542	0.06339	0.00378	0.04856	0.01906	0.00673	0.00652
4	0.05988	0.07361	0.20173	0.01837	0.07229	0.01607	0.01695	0.07771	0.02048	0.27772	0.07100	0.02329	0.01863	0.00892	0.00743	0.00235	0.00813	0.00715	0.00655	0.01175
5	0.01279	0.00933	0.01087	0.01103	0.01221	0.00962	0.00742	0.06147	0.09390	0.02165	0.03273	0.33409	0.03646	0.28642	0.02063	0.00467	0.00613	0.01528	0.00638	0.00692
6	0.01464	0.01378	0.02326	0.70887	0.05340	0.01723	0.02153	0.01981	0.01550	0.01981	0.01378	0.02067	0.01034	0.00775	0.00775	0.00258	0.01034	0.00689	0.00345	0.00861
7	0.01719	0.01660	0.02890	0.32949	0.36948	0.01799	0.06406	0.02216	0.01678	0.02294	0.01431	0.01994	0.01142	0.00724	0.00781	0.00244	0.00995	0.00705	0.00368	0.01059
8	0.01870	0.01560	0.02508	0.35817	0.09036	0.01738	0.10213	0.09506	0.04912	0.06919	0.01744	0.02173	0.01292	0.00805	0.00777	0.00247	0.00946	0.00737	0.06197	0.01003
9	0.01233	0.00744	0.00844	0.00856	0.00941	0.00755	0.00565	0.01407	0.01351	0.02088	0.02558	0.08458	0.02566	0.34140	0.09269	0.00559	0.00722	0.01015	0.29329	0.00599
10	0.03479	0.01320	0.01799	0.01380	0.01979	0.01140	0.01140	0.03779	0.02219	0.68451	0.03059	0.02639	0.01919	0.00960	0.00780	0.00240	0.00660	0.00780	0.00960	0.01320
11	0.07909	0.01394	0.01799	0.01388	0.01982	0.01270	0.01147	0.08289	0.02272	0.59815	0.02851	0.02498	0.01810	0.00943	0.00761	0.00239	0.00671	0.00752	0.00917	0.01291
12	0.02664	0.01887	0.08424	0.11453	0.06824	0.06554	0.10400	0.03099	0.01993	0.35345	0.02237	0.02259	0.01501	0.00844	0.00787	0.00242	0.00915	0.00741	0.00664	0.01166
13	0.03479	0.01320	0.01799	0.01380	0.01979	0.01140	0.01140	0.03779	0.02219	0.68451	0.03059	0.02639	0.01919	0.00960	0.00780	0.00240	0.00660	0.00780	0.00960	0.01320
14	0.01126	0.00758	0.00879	0.00879	0.00891	0.00770	0.00512	0.01149	0.01137	0.01528	0.02412	0.04904	0.02745	0.67150	0.09446	0.00793	0.00863	0.01103	0.00465	0.00488
15	0.08604	0.01600	0.01810	0.01457	0.01991	0.01670	0.01184	0.21153	0.15111	0.27647	0.02545	0.02380	0.01758	0.00947	0.00740	0.00238	0.00679	0.00744	0.06524	0.01220
16	0.01070	0.00821	0.01071	0.01187	0.01256	0.00853	0.00830	0.01349	0.05932	0.02058	0.03947	0.62067	0.04623	0.02252	0.01095	0.00313	0.05897	0.01996	0.00695	0.00688
17	0.03024	0.02048	0.02251	0.01725	0.02343	0.02221	0.01425	0.56414	0.03439	0.14093	0.02035	0.01974	0.01406	0.00935	0.00776	0.00234	0.00825	0.00710	0.00802	0.01319
18	0.03452	0.01363	0.01826	0.01400	0.02001	0.01204	0.01157	0.06909	0.02292	0.65218	0.02998	0.02600	0.01889	0.00958	0.00780	0.00240	0.00670	0.00776	0.00950	0.01319
19	0.02533	0.01744	0.02592	0.02553	0.17989	0.01811	0.08644	0.16424	0.02231	0.21942	0.01987	0.02141	0.01438	0.01045	0.03040	0.00280	0.09033	0.00746	0.00632	0.01194
20	0.01108	0.00831	0.01246	0.01246	0.01385	0.00969	0.00969	0.01385	0.01246	0.01800	0.02077	0.03046	0.01938	0.05815	0.69678	0.01246	0.02077	0.00831	0.00415	0.00692
21	0.02073	0.73217	0.04063	0.01327	0.01990	0.03068	0.01327	0.02322	0.01575	0.01824	0.01078	0.01244	0.00995	0.00663	0.00498	0.00166	0.00829	0.00415	0.00332	0.00995
22	0.08638	0.01897	0.02054	0.01625	0.02201	0.02068	0.01330	0.40262	0.13686	0.14889	0.02212	0.02114	0.01554	0.00939	0.00756	0.00239	0.00762	0.00720	0.00785	0.01267
23	0.02652	0.01433	0.02260	0.01785	0.02333	0.01326	0.13715	0.06866	0.02139	0.37633	0.02914	0.03774	0.02274	0.01148	0.00868	0.00268	0.00810	0.13879	0.00785	0.01138
24	0.00916	0.00785	0.00785	0.00785	0.01047	0.00655	0.00589	0.01113	0.01767	0.02095	0.07855	0.07462	0.67599	0.01964	0.00916	0.00262	0.00393	0.01636	0.00720	0.00655
25	0.03167	0.01819	0.02109	0.01617	0.02229	0.01881	0.01336	0.39879	0.03056	0.31169	0.02357	0.02183	0.01567	0.00943	0.00777	0.00236	0.00773	0.00732	0.00852	0.01319
26	0.07863	0.02158	0.02294	0.02160	0.11806	0.08062	0.01538	0.40162	0.09559	0.04020	0.01825	0.01894	0.01353	0.00882	0.00749	0.00233	0.00868	0.00679	0.00667	0.01227
27	0.01315	0.00695	0.01042	0.01042	0.01060	0.00713	0.00713	0.01060	0.01042	0.01408	0.01445	0.02450	0.01426	0.03114	0.11997	0.67190	0.00862	0.00695	0.00347	0.00385
28	0.01095	0.00763	0.00901	0.00950	0.01008	0.00743	0.00622	0.01183	0.01333	0.01743	0.03495	0.15539	0.10150	0.45792	0.02820	0.00585	0.00665	0.09504	0.00565	0.00545
29	0.02721	0.02687	0.07163	0.01864	0.02400	0.31876	0.06088	0.07260	0.06561	0.17423	0.01900	0.01949	0.01379	0.00851	0.00740	0.00222	0.01068	0.00648	0.04135	0.01065
30	0.30649	0.02123	0.12236	0.04180	0.12321	0.06677	0.01570	0.07293	0.01808	0.12147	0.01538	0.01692	0.01125	0.00775	0.00653	0.00236	0.00833	0.00570	0.00520	0.01054
31	0.01900	0.02383	0.15984	0.02939	0.03775	0.01872	0.49175	0.02573	0.01823	0.07285	0.01645	0.02049	0.01195	0.00691	0.00873	0.00257	0.01231	0.00843	0.00422	0.01084
32	0.00954	0.00692	0.00902	0.01050	0.01122	0.00639	0.00711	0.01111	0.01560	0.02074	0.09384	0.62428	0.09847	0.02331	0.00979	0.00306	0.00439	0.02101	0.00730	0.00639
33	0.44986	0.01817	0.01623	0.01510	0.05757	0.07958	0.01134	0.12021	0.06127	0.08330	0.01514	0.01612	0.01130	0.00797	0.00604	0.00236	0.00735	0.00542	0.00567	0.01001
34	0.05679	0.12252	0.15510	0.01749	0.02417	0.01833	0.11100	0.07268	0.11197	0.02732	0.02214	0.02354	0.06299	0.00862	0.00712	0.00223	0.00833	0.00728	0.06078	0.07961
35	0.02186	0.14939	0.26072	0.01788	0.02556	0.06479	0.01870	0.11787	0.05931	0.10296	0.01678	0.01778	0.01236	0.00815	0.00764	0.00224	0.03469	0.00599	0.00506	0.05026

[dist]
# distance from previous block
# <min> <max>
0	11

[block]
# block no. 5 follows, 25 sequences, length 16
# corresponding to MSA columns:
# 656-671
name=unknown_F
#
# <colnr> <probs for GDERKNQSTAVLIFYWHMCP>
#	G	D	E	R	K	N	Q	S	T	A	V	L	I	F	Y	W	H	M	C	P
0	0.02762	0.11606	0.05802	0.01837	0.06520	0.01873	0.04741	0.17288	0.07404	0.28861	0.02260	0.02167	0.01562	0.00875	0.00745	0.00231	0.00798	0.00710	0.00720	0.01239
1	0.01813	0.05899	0.04466	0.01330	0.01897	0.08599	0.01108	0.08597	0.04406	0.02740	0.10704	0.02522	0.05643	0.00876	0.00683	0.00175	0.00692	0.00697	0.00552	0.36599
2	0.01432	0.05417	0.08157	0.01331	0.01728	0.01235	0.04281	0.02133	0.13077	0.05208	0.28162	0.08849	0.13096	0.01394	0.00852	0.00251	0.00579	0.01210	0.00715	0.00893
3	0.01550	0.00962	0.01202	0.01078	0.01363	0.00904	0.00830	0.02059	0.08266	0.13835	0.43742	0.05188	0.12985	0.01475	0.00880	0.00247	0.00441	0.01276	0.00849	0.00867
4	0.02064	0.01606	0.01747	0.01519	0.01982	0.01780	0.01193	0.07802	0.50077	0.08837	0.06501	0.02897	0.02469	0.01041	0.00783	0.00250	0.00617	0.00864	0.00789	0.05181
5	0.01503	0.01454	0.02565	0.63689	0.05203	0.01748	0.08854	0.02035	0.01580	0.02035	0.01398	0.02070	0.01049	0.00762	0.00790	0.00259	0.01063	0.00713	0.00350	0.00881
6	0.05597	0.01018	0.01195	0.01065	0.01369	0.00971	0.00816	0.01880	0.09826	0.03016	0.43934	0.04696	0.08520	0.01352	0.00828	0.00229	0.00439	0.01166	0.00764	0.11318
7	0.01108	0.00831	0.01246	0.01246	0.01385	0.00969	0.00969	0.01385	0.01246	0.01800	0.02077	0.03046	0.01938	0.05815	0.69678	0.01246	0.02077	0.00831	0.00415	0.00692
8	0.01766	0.02019	0.12535	0.02882	0.25073	0.01761	0.07596	0.06001	0.11854	0.02647	0.02298	0.08126	0.05305	0.01020	0.00922	0.00256	0.05437	0.00898	0.00504	0.01099
9	0.01711	0.01613	0.01755	0.05857	0.02107	0.08094	0.01134	0.02094	0.04086	0.02359	0.01555	0.05647	0.01383	0.00810	0.00826	0.00172	0.07678	0.00614	0.00461	0.50043
10	0.02201	0.02365	0.27221	0.01898	0.02671	0.01446	0.10595	0.02785	0.01943	0.25562	0.11062	0.02619	0.02204	0.00919	0.00801	0.00246	0.00892	0.00806	0.00629	0.01136
11	0.01212	0.00927	0.01261	0.14581	0.01971	0.00997	0.01025	0.01524	0.04990	0.01940	0.02992	0.21261	0.03278	0.26288	0.01972	0.00459	0.00719	0.11372	0.00564	0.00666
12	0.11601	0.01999	0.14477	0.01565	0.02270	0.01514	0.05772	0.02563	0.14666	0.02778	0.01713	0.01861	0.01324	0.00726	0.00660	0.00196	0.00744	0.00591	0.00499	0.32480
13	0.00945	0.00675	0.00900	0.01080	0.01125	0.00630	0.00720	0.01080	0.01484	0.01979	0.04274	0.72245	0.05128	0.02429	0.00990	0.00315	0.00450	0.02204	0.00720	0.00630
14	0.01919	0.01842	0.03147	0.04759	0.67914	0.01842	0.02380	0.02380	0.01765	0.02533	0.01458	0.01919	0.01228	0.00691	0.00768	0.00230	0.00921	0.00691	0.00384	0.01228
15	0.01108	0.00831	0.01246	0.01246	0.01385	0.00969	0.00969	0.01385	0.01246	0.01800	0.02077	0.03046	0.01938	0.05815	0.69678	0.01246	0.02077	0.00831	0.00415	0.00692

[dist]
# distance from previous block
# <min> <max>
0	44

[block]
# block no. 6 follows, 25 sequences, length 85
# corresponding to MSA columns:
# 716-800
name=unknown_G
#
# <colnr> <probs for GDERKNQSTAVLIFYWHMCP>
#	G	D	E	R	K	N	Q	S	T	A	V	L	I	F	Y	W	H	M	C	P
0	0.78228	0.01499	0.01140	0.01020	0.01499	0.01739	0.00840	0.02279	0.01320	0.03479	0.01080	0.01260	0.00840	0.00720	0.00480	0.00240	0.00600	0.00420	0.00480	0.00840
1	0.01391	0.00734	0.00772	0.00762	0.00943	0.00724	0.00572	0.01753	0.01715	0.02925	0.12711	0.03345	0.02822	0.01010	0.00600	0.00191	0.00362	0.00829	0.65115	0.00724
2	0.02896	0.03695	0.02197	0.01998	0.02397	0.69638	0.01498	0.03096	0.02197	0.01898	0.01199	0.01398	0.00999	0.00799	0.00699	0.00200	0.01398	0.00499	0.00400	0.00899
3	0.01608	0.01378	0.01608	0.01148	0.01837	0.01034	0.00919	0.01952	0.01608	0.02527	0.01378	0.01608	0.01148	0.00574	0.00574	0.00115	0.00574	0.00459	0.00459	0.77491
4	0.01710	0.01736	0.02598	0.02160	0.02240	0.02333	0.08111	0.01928	0.01252	0.01928	0.01074	0.01736	0.01034	0.01286	0.02380	0.00331	0.64247	0.00702	0.00345	0.00868
5	0.01830	0.02092	0.04575	0.03268	0.04052	0.01961	0.65098	0.02484	0.01830	0.02484	0.01569	0.02092	0.01176	0.00654	0.00915	0.00261	0.01307	0.00915	0.00392	0.01046
6	0.02405	0.02418	0.02621	0.03288	0.34826	0.24075	0.01893	0.05843	0.05517	0.07356	0.01602	0.01851	0.01270	0.00777	0.00748	0.00223	0.01039	0.00645	0.00472	0.01131
