[name]
unknown

[dist]
# distance from previous block
# <min> <max>
0	456

[block]
# block no. 0 follows, 22 sequences, length 46
# corresponding to MSA columns:
# 456-501
name=unknown_A
#
# <colnr> <probs for GDERKNQSTAVLIFYWHMCP>
#	G	D	E	R	K	N	Q	S	T	A	V	L	I	F	Y	W	H	M	C	P
0	0.01676	0.01462	0.02300	0.42840	0.09641	0.01705	0.02049	0.06605	0.01907	0.02490	0.02199	0.03840	0.01998	0.01174	0.00903	0.00297	0.01004	0.14456	0.00499	0.00956
1	0.02183	0.01820	0.01880	0.01540	0.02054	0.06602	0.01220	0.20534	0.14000	0.03699	0.17316	0.03119	0.03104	0.01101	0.00819	0.00230	0.00724	0.00897	0.00755	0.16403
2	0.01953	0.37746	0.06382	0.06899	0.07049	0.02427	0.01524	0.02439	0.05830	0.02283	0.02000	0.02180	0.06369	0.00852	0.00658	0.00202	0.00839	0.00641	0.00445	0.11280
3	0.01330	0.00990	0.01213	0.01118	0.01373	0.00922	0.00835	0.06089	0.02233	0.03103	0.39910	0.14578	0.11205	0.04118	0.01064	0.00280	0.00478	0.01496	0.00828	0.06837
4	0.13445	0.01271	0.01335	0.01242	0.01626	0.01302	0.00968	0.02469	0.17530	0.06769	0.04510	0.12515	0.20152	0.01554	0.00860	0.00279	0.00575	0.04978	0.00747	0.05876
5	0.17185	0.01431	0.01414	0.01347	0.01678	0.06583	0.01014	0.02528	0.11198	0.12201	0.05346	0.28301	0.03326	0.01601	0.00855	0.00288	0.00653	0.01354	0.00745	0.00954
6	0.02094	0.18013	0.03599	0.04248	0.50934	0.02278	0.02289	0.02535	0.01844	0.02538	0.01468	0.01889	0.01258	0.00733	0.00755	0.00231	0.00964	0.00672	0.00398	0.01258
7	0.01012	0.00723	0.00964	0.01157	0.01205	0.00675	0.00771	0.01157	0.01591	0.02121	0.04579	0.70262	0.05495	0.02603	0.01060	0.00337	0.00482	0.02362	0.00771	0.00675
8	0.02094	0.01591	0.01848	0.01347	0.02067	0.01323	0.01088	0.10794	0.02085	0.08447	0.01702	0.01855	0.01326	0.00704	0.00664	0.00152	0.00665	0.00557	0.00585	0.59104
9	0.13334	0.02152	0.04153	0.03010	0.03787	0.02103	0.48385	0.07467	0.02035	0.03029	0.01627	0.02087	0.01218	0.00735	0.00898	0.00274	0.01247	0.00882	0.00467	0.01111
10	0.01012	0.00723	0.00964	0.01157	0.01205	0.00675	0.00771	0.01157	0.01591	0.02121	0.04579	0.70262	0.05495	0.02603	0.01060	0.00337	0.00482	0.02362	0.00771	0.00675
11	0.01961	0.02241	0.04902	0.03501	0.04342	0.02101	0.62605	0.02661	0.01961	0.02661	0.01681	0.02241	0.01261	0.00700	0.00980	0.00280	0.01401	0.00980	0.00420	0.01120
12	0.03103	0.03959	0.02354	0.02140	0.02568	0.67469	0.01605	0.03317	0.02354	0.02033	0.01284	0.01498	0.01070	0.00856	0.00749	0.00214	0.01498	0.00535	0.00428	0.00963
13	0.01193	0.00875	0.01219	0.06341	0.01723	0.00880	0.01088	0.01451	0.01695	0.02229	0.04148	0.37336	0.04728	0.06835	0.01285	0.00381	0.00660	0.24494	0.00721	0.00717
14	0.01200	0.00829	0.00944	0.00915	0.01138	0.00755	0.00686	0.01532	0.02059	0.02922	0.31996	0.06059	0.25232	0.01659	0.00887	0.00252	0.00400	0.01413	0.18368	0.00755
15	0.02020	0.01937	0.03307	0.09784	0.61217	0.01964	0.02532	0.02518	0.01875	0.02671	0.01556	0.02068	0.01301	0.00747	0.00823	0.00249	0.00996	0.00740	0.00408	0.01287
16	0.01569	0.01477	0.02492	0.68808	0.05722	0.01846	0.02307	0.02123	0.01661	0.02123	0.01477	0.02215	0.01107	0.00831	0.00831	0.00277	0.01107	0.00738	0.00369	0.00923
17	0.02221	0.71304	0.04353	0.01421	0.02132	0.03287	0.01421	0.02488	0.01688	0.01955	0.01155	0.01333	0.01066	0.00711	0.00533	0.00178	0.00888	0.00444	0.00355	0.01066
18	0.01743	0.01507	0.01824	0.01469	0.05899	0.01161	0.01081	0.02120	0.01733	0.02707	0.01482	0.01743	0.01236	0.00623	0.00628	0.00131	0.00638	0.00507	0.00487	0.71279
19	0.02040	0.10598	0.13525	0.01880	0.02537	0.01860	0.10940	0.14243	0.02359	0.07156	0.14178	0.05215	0.07586	0.01146	0.00857	0.00255	0.00878	0.00995	0.00649	0.01100
20	0.35779	0.01377	0.01418	0.01227	0.01715	0.01414	0.01007	0.02737	0.01869	0.23544	0.07381	0.03336	0.07259	0.01147	0.00738	0.00269	0.00636	0.05368	0.00749	0.01030
21	0.01187	0.00890	0.01335	0.01335	0.01483	0.01038	0.01038	0.01483	0.01335	0.01928	0.02225	0.03264	0.02077	0.06231	0.67512	0.01335	0.02225	0.00890	0.00445	0.00742
22	0.01791	0.01723	0.02922	0.36578	0.28751	0.01958	0.04430	0.02298	0.01731	0.02362	0.01487	0.02123	0.01193	0.00839	0.00979	0.00272	0.06347	0.00746	0.00387	0.01082
23	0.01973	0.20076	0.33528	0.02096	0.03026	0.02334	0.06774	0.06579	0.10750	0.02749	0.01723	0.01893	0.01304	0.00824	0.00751	0.00245	0.01057	0.00654	0.00457	0.01204
24	0.01888	0.31107	0.41635	0.01989	0.03010	0.02473	0.02410	0.02574	0.01728	0.02360	0.01356	0.01585	0.01058	0.00758	0.00687	0.00229	0.01092	0.00546	0.00353	0.01163
25	0.01202	0.00828	0.01022	0.01022	0.01062	0.00868	0.00648	0.01283	0.01242	0.01697	0.02511	0.04848	0.02765	0.53328	0.21355	0.00949	0.01190	0.01122	0.00488	0.00568
26	0.01441	0.14423	0.10557	0.05640	0.02107	0.01472	0.01438	0.01804	0.01716	0.02251	0.03292	0.28660	0.03625	0.01821	0.00934	0.00305	0.00768	0.16275	0.00611	0.00860
27	0.02285	0.01479	0.02571	0.02091	0.02617	0.01376	0.19257	0.02741	0.02075	0.22906	0.03244	0.05189	0.02878	0.01423	0.00999	0.00312	0.00933	0.23799	0.00748	0.01077
28	0.01961	0.02241	0.04902	0.03501	0.04342	0.02101	0.62605	0.02661	0.01961	0.02661	0.01681	0.02241	0.01261	0.00700	0.00980	0.00280	0.01401	0.00980	0.00420	0.01120
29	0.01486	0.01134	0.01405	0.01335	0.01533	0.01239	0.01001	0.10140	0.04681	0.02571	0.06393	0.19628	0.08508	0.11265	0.18938	0.00634	0.05286	0.01351	0.00647	0.00827
30	0.01710	0.12509	0.07937	0.47753	0.04888	0.02096	0.07344	0.02264	0.01698	0.02182	0.01445	0.02046	0.01110	0.00798	0.00794	0.00261	0.01108	0.00704	0.00370	0.00985
31	0.01817	0.01841	0.02516	0.23480	0.03337	0.06330	0.01961	0.02120	0.01463	0.02041	0.01226	0.01925	0.01095	0.01218	0.01998	0.00327	0.43302	0.00719	0.00369	0.00917
32	0.01139	0.00805	0.01057	0.01118	0.01180	0.00835	0.00754	0.01277	0.01369	0.01872	0.03124	0.25492	0.03521	0.29103	0.22715	0.00819	0.01139	0.01479	0.00571	0.00632
33	0.01671	0.02731	0.28013	0.02689	0.08610	0.01744	0.21765	0.02365	0.01872	0.02633	0.06454	0.06926	0.06664	0.01026	0.00897	0.00273	0.01102	0.00994	0.00473	0.01098
34	0.02905	0.02201	0.02351	0.01860	0.02480	0.02458	0.01518	0.49333	0.17836	0.04828	0.02315	0.02250	0.01673	0.01027	0.00834	0.00257	0.00855	0.00792	0.00834	0.01390
35	0.01574	0.03795	0.57292	0.02198	0.03260	0.01753	0.02746	0.02424	0.01731	0.02559	0.01925	0.11379	0.01676	0.01044	0.00827	0.00274	0.01123	0.00859	0.00410	0.01150
36	0.01149	0.00796	0.01043	0.01102	0.01211	0.00787	0.00777	0.01387	0.01709	0.02419	0.18920	0.30221	0.04943	0.09927	0.12896	0.00528	0.00788	0.01637	0.07053	0.00704
37	0.20643	0.02459	0.20922	0.02052	0.02872	0.01762	0.14197	0.02964	0.01877	0.19661	0.01919	0.02037	0.01322	0.00830	0.00773	0.00263	0.00982	0.00707	0.00584	0.01175
38	0.00990	0.00808	0.00876	0.00931	0.01146	0.00694	0.00671	0.01182	0.01807	0.02209	0.07324	0.25705	0.48279	0.02246	0.01004	0.00297	0.00438	0.01926	0.00771	0.00694
39	0.01145	0.00779	0.00925	0.00986	0.01002	0.00764	0.00589	0.01192	0.01330	0.01774	0.03245	0.26162	0.03811	0.49000	0.03215	0.00656	0.00702	0.01577	0.00589	0.00558
40	0.01787	0.01497	0.04213	0.14819	0.21156	0.01480	0.01736	0.02338	0.07075	0.08475	0.02803	0.23555	0.02749	0.01400	0.00900	0.00285	0.00804	0.01268	0.00609	0.01050
41	0.01277	0.00824	0.01088	0.01212	0.01349	0.00763	0.00881	0.01477	0.01728	0.07338	0.04772	0.50368	0.10181	0.02387	0.01049	0.00333	0.00538	0.10892	0.00791	0.00750
42	0.02365	0.02238	0.03722	0.03122	0.12128	0.06918	0.31095	0.11215	0.02233	0.08319	0.01767	0.02142	0.01329	0.00847	0.01048	0.00271	0.06681	0.00849	0.00524	0.01185
43	0.01821	0.01411	0.01678	0.01244	0.01919	0.01081	0.00986	0.02168	0.01763	0.07574	0.01865	0.07319	0.01637	0.00807	0.00668	0.00151	0.00612	0.00669	0.00556	0.64072
44	0.08495	0.02347	0.02370	0.01922	0.02493	0.13587	0.06605	0.26139	0.15241	0.06912	0.02143	0.02176	0.01580	0.00957	0.00800	0.00252	0.00958	0.00751	0.03043	0.01230
45	0.08519	0.02385	0.17480	0.03319	0.30932	0.01879	0.02249	0.02836	0.04913	0.11705	0.01820	0.02075	0.01373	0.00846	0.00878	0.00260	0.04054	0.00709	0.00512	0.01255

[dist]
# distance from previous block
# <min> <max>
0	1

[block]
# block no. 1 follows, 22 sequences, length 18
# corresponding to MSA columns:
# 514-531
name=unknown_B
#
# <colnr> <probs for GDERKNQSTAVLIFYWHMCP>
#	G	D	E	R	K	N	Q	S	T	A	V	L	I	F	Y	W	H	M	C	P
0	0.01712	0.09713	0.18805	0.01694	0.02495	0.01589	0.06248	0.02251	0.01823	0.02680	0.09357	0.02284	0.01988	0.00811	0.00724	0.00194	0.00834	0.00681	0.00488	0.33628
1	0.03160	0.10686	0.02606	0.01761	0.02427	0.02383	0.01485	0.43172	0.03314	0.17476	0.02157	0.02085	0.01503	0.00968	0.00795	0.00242	0.00868	0.00728	0.00813	0.01370
2	0.02382	0.06637	0.13473	0.01586	0.02358	0.07115	0.01496	0.02824	0.01950	0.19026	0.01908	0.01970	0.01389	0.00780	0.00709	0.00194	0.00841	0.00603	0.00592	0.32167
3	0.02513	0.01761	0.02373	0.13684	0.02869	0.02103	0.01709	0.14773	0.02142	0.18439	0.01878	0.02171	0.01396	0.01148	0.01547	0.00299	0.26677	0.00760	0.00622	0.01137
4	0.01270	0.00908	0.01040	0.01060	0.01130	0.00932	0.00665	0.01594	0.09092	0.01958	0.03159	0.19903	0.03523	0.46644	0.03088	0.00634	0.00713	0.01437	0.00607	0.00643
5	0.26744	0.01822	0.09425	0.01346	0.01845	0.05509	0.01210	0.04928	0.02008	0.07334	0.21928	0.03450	0.07005	0.01175	0.00771	0.00258	0.00692	0.00921	0.00676	0.00952
6	0.02834	0.02764	0.28782	0.01887	0.02760	0.05480	0.02012	0.03416	0.02117	0.35946	0.02416	0.02302	0.01580	0.00919	0.00811	0.00257	0.00971	0.00725	0.00711	0.01310
7	0.01012	0.00723	0.00964	0.01157	0.01205	0.00675	0.00771	0.01157	0.01591	0.02121	0.04579	0.70262	0.05495	0.02603	0.01060	0.00337	0.00482	0.02362	0.00771	0.00675
8	0.01103	0.00848	0.01015	0.01013	0.01233	0.00759	0.00770	0.01407	0.02086	0.02754	0.33771	0.11144	0.30151	0.01966	0.01000	0.00284	0.00441	0.06676	0.00836	0.00743
9	0.02498	0.02547	0.03169	0.02467	0.03090	0.17399	0.22975	0.17520	0.11230	0.03231	0.02001	0.04439	0.01576	0.00933	0.00874	0.00259	0.01171	0.00862	0.00593	0.01166
10	0.01208	0.00805	0.00906	0.00906	0.00906	0.00805	0.00503	0.01208	0.01208	0.01611	0.02618	0.05436	0.03020	0.70804	0.04228	0.00805	0.00805	0.01208	0.00503	0.00503
11	0.01785	0.01000	0.01325	0.01342	0.01585	0.00948	0.01026	0.02157	0.05742	0.17405	0.04160	0.37803	0.04354	0.02077	0.01012	0.00324	0.00603	0.13610	0.00835	0.00907
12	0.18609	0.01856	0.02031	0.01589	0.02215	0.01952	0.01312	0.29647	0.02852	0.26355	0.02272	0.02154	0.01533	0.00961	0.00767	0.00254	0.00785	0.00717	0.00835	0.01307
13	0.02501	0.01712	0.02530	0.02047	0.02345	0.02041	0.06823	0.02777	0.01720	0.24626	0.01910	0.02209	0.01445	0.01240	0.01912	0.00319	0.39351	0.00787	0.00602	0.01104
14	0.01286	0.00965	0.01206	0.01125	0.01355	0.00943	0.00850	0.01921	0.10007	0.03349	0.57524	0.05821	0.07181	0.01628	0.00963	0.00264	0.00425	0.01433	0.00906	0.00850
15	0.03554	0.01691	0.02100	0.01610	0.02259	0.01633	0.01330	0.21925	0.02842	0.47665	0.02887	0.02574	0.01861	0.01019	0.00834	0.00255	0.00770	0.00809	0.00968	0.01413
16	0.02451	0.02056	0.03010	0.05670	0.14358	0.02130	0.14364	0.23994	0.09547	0.06261	0.02003	0.02206	0.01490	0.00873	0.00848	0.00252	0.00980	0.00803	0.00638	0.06063
17	0.02114	0.01320	0.01379	0.01174	0.01533	0.01408	0.00932	0.23352	0.02503	0.03849	0.02458	0.02710	0.01877	0.00978	0.00669	0.00213	0.00572	0.00765	0.49195	0.00999

[dist]
# distance from previous block
# <min> <max>
0	1

[block]
# block no. 2 follows, 22 sequences, length 6
# corresponding to MSA columns:
# 533-538
name=unknown_C
#
# <colnr> <probs for GDERKNQSTAVLIFYWHMCP>
#	G	D	E	R	K	N	Q	S	T	A	V	L	I	F	Y	W	H	M	C	P
0	0.01191	0.00875	0.01258	0.01258	0.01380	0.00997	0.00943	0.01434	0.01312	0.01872	0.02295	0.03653	0.02246	0.17802	0.56172	0.01240	0.01971	0.00947	0.00455	0.00699
1	0.01859	0.01681	0.02399	0.02817	0.28074	0.01463	0.01626	0.02280	0.01792	0.02710	0.01512	0.01859	0.01266	0.00666	0.00700	0.00174	0.00768	0.00594	0.00459	0.45302
2	0.20127	0.08734	0.09506	0.01842	0.07797	0.01964	0.01498	0.06035	0.17267	0.07858	0.07571	0.02453	0.02090	0.00963	0.00737	0.00255	0.00765	0.00750	0.00641	0.01146
3	0.01736	0.09282	0.40845	0.02277	0.07284	0.01993	0.02442	0.02608	0.06745	0.02670	0.07789	0.02283	0.01853	0.00940	0.00925	0.00263	0.05726	0.00728	0.00450	0.01162
4	0.01463	0.05942	0.13290	0.01635	0.02014	0.01421	0.01532	0.02036	0.07287	0.02427	0.03373	0.23457	0.03589	0.01842	0.01120	0.00325	0.06218	0.19485	0.00642	0.00902
5	0.03014	0.01710	0.02218	0.02093	0.11490	0.01695	0.01475	0.21490	0.02770	0.31021	0.09765	0.02849	0.02417	0.01054	0.00849	0.00254	0.00775	0.00872	0.00864	0.01327

[dist]
# distance from previous block
# <min> <max>
4	52

[block]
# block no. 3 follows, 22 sequences, length 6
# corresponding to MSA columns:
# 591-596
name=unknown_D
#
# <colnr> <probs for GDERKNQSTAVLIFYWHMCP>
#	G	D	E	R	K	N	Q	S	T	A	V	L	I	F	Y	W	H	M	C	P
0	0.01737	0.12494	0.03047	0.02224	0.06034	0.01833	0.21146	0.02437	0.10179	0.02614	0.07778	0.08038	0.10318	0.01241	0.00901	0.00272	0.00900	0.05196	0.00593	0.01018
1	0.01234	0.01070	0.01106	0.01204	0.01360	0.06722	0.00870	0.01437	0.01802	0.02246	0.08652	0.40708	0.18450	0.02253	0.01018	0.00314	0.00581	0.07504	0.00748	0.00722
2	0.01598	0.01375	0.01682	0.01599	0.04452	0.04926	0.05651	0.06207	0.07948	0.02709	0.13579	0.05569	0.14779	0.13284	0.01513	0.00375	0.00750	0.10434	0.00698	0.00871
3	0.21431	0.01848	0.02097	0.01870	0.06530	0.02022	0.03783	0.21562	0.12997	0.10222	0.02119	0.02191	0.01565	0.01243	0.04671	0.00322	0.00882	0.00731	0.00705	0.01209
4	0.01521	0.01156	0.01361	0.01367	0.01611	0.01197	0.01038	0.10619	0.11128	0.02835	0.04401	0.35063	0.10547	0.02058	0.01001	0.00317	0.00606	0.10493	0.00790	0.00891
5	0.01084	0.00775	0.01047	0.01239	0.01319	0.00737	0.00897	0.01282	0.01662	0.02202	0.04539	0.56792	0.05337	0.02535	0.01080	0.00347	0.00545	0.15119	0.00770	0.00695

[dist]
# distance from previous block
# <min> <max>
0	2

[block]
# block no. 4 follows, 22 sequences, length 40
# corresponding to MSA columns:
# 599-638
name=unknown_E
#
# <colnr> <probs for GDERKNQSTAVLIFYWHMCP>
#	G	D	E	R	K	N	Q	S	T	A	V	L	I	F	Y	W	H	M	C	P
0	0.02317	0.01986	0.02366	0.01976	0.02332	0.13082	0.07171	0.02618	0.01820	0.14168	0.01962	0.02682	0.01657	0.01562	0.06478	0.00366	0.22624	0.05359	0.00552	0.06923
1	0.08574	0.01351	0.01715	0.01425	0.01894	0.01345	0.01154	0.09824	0.02199	0.32202	0.07565	0.02996	0.02352	0.02437	0.18512	0.00543	0.01104	0.00862	0.00801	0.01145
2	0.01734	0.07278	0.10698	0.01524	0.01954	0.08769	0.01322	0.02212	0.06697	0.06117	0.03092	0.32855	0.03256	0.01638	0.00881	0.00275	0.00770	0.01412	0.00640	0.06876
3	0.01524	0.01154	0.01884	0.01539	0.01891	0.01065	0.12386	0.01968	0.02281	0.08165	0.48418	0.05197	0.06152	0.01459	0.00969	0.00264	0.00606	0.01352	0.00831	0.00897
4	0.01083	0.00774	0.01045	0.01238	0.01317	0.00736	0.00894	0.01279	0.01660	0.02200	0.04540	0.57034	0.05340	0.02536	0.01079	0.00347	0.00543	0.14890	0.00770	0.00694
5	0.01930	0.14550	0.24814	0.02071	0.02680	0.07459	0.02127	0.02406	0.01613	0.02244	0.01272	0.01685	0.01078	0.01015	0.01439	0.00275	0.25886	0.00615	0.00369	0.04475
6	0.02057	0.01464	0.02136	0.33937	0.03813	0.01487	0.01672	0.02506	0.01827	0.15372	0.01844	0.02186	0.01339	0.00804	0.00764	0.00225	0.00872	0.00681	0.00542	0.24472
7	0.04523	0.28901	0.18565	0.01721	0.02520	0.02473	0.01774	0.11066	0.09053	0.02872	0.01634	0.01763	0.01287	0.00810	0.00679	0.00218	0.00915	0.00588	0.00493	0.08147
8	0.01262	0.00996	0.01164	0.01197	0.01403	0.01000	0.00866	0.01938	0.15355	0.02635	0.14927	0.33875	0.16106	0.02044	0.00986	0.00303	0.00494	0.01802	0.00811	0.00837
9	0.01569	0.01477	0.02492	0.68808	0.05722	0.01846	0.02307	0.02123	0.01661	0.02123	0.01477	0.02215	0.01107	0.00831	0.00831	0.00277	0.01107	0.00738	0.00369	0.00923
10	0.01781	0.01648	0.02682	0.03907	0.46549	0.01623	0.02049	0.02218	0.01929	0.02679	0.07706	0.03787	0.11005	0.01128	0.00883	0.00263	0.00844	0.05645	0.00529	0.01145
11	0.02383	0.01700	0.01965	0.01871	0.07127	0.01856	0.01360	0.08431	0.39509	0.13935	0.03062	0.02888	0.02243	0.01058	0.00820	0.00266	0.00690	0.00879	0.06659	0.01297
12	0.01163	0.00763	0.00908	0.01002	0.01133	0.00713	0.00702	0.01401	0.01732	0.02492	0.09345	0.38729	0.13106	0.02028	0.00916	0.00285	0.00441	0.01788	0.20638	0.00713
13	0.01161	0.00849	0.01090	0.01030	0.01232	0.00778	0.00772	0.01539	0.02317	0.03249	0.60892	0.06341	0.12182	0.01729	0.00980	0.00263	0.00394	0.01521	0.00904	0.00778
14	0.02264	0.02161	0.03798	0.07436	0.13306	0.02206	0.31380	0.18600	0.02427	0.03299	0.01714	0.02132	0.01294	0.00818	0.00962	0.00269	0.03345	0.00858	0.00523	0.01209
15	0.02976	0.01607	0.01946	0.01534	0.02087	0.01595	0.01250	0.23876	0.02901	0.31426	0.16282	0.03273	0.03090	0.01163	0.00865	0.00255	0.00710	0.00950	0.00935	0.01277
16	0.01012	0.00723	0.00964	0.01157	0.01205	0.00675	0.00771	0.01157	0.01591	0.02121	0.04579	0.70262	0.05495	0.02603	0.01060	0.00337	0.00482	0.02362	0.00771	0.00675
17	0.01061	0.00862	0.00952	0.00979	0.01236	0.00753	0.00767	0.01318	0.01939	0.02387	0.13013	0.08065	0.49517	0.02099	0.01010	0.00296	0.00477	0.11763	0.00784	0.00720
18	0.01012	0.00723	0.00964	0.01157	0.01205	0.00675	0.00771	0.01157	0.01591	0.02121	0.04579	0.70262	0.05495	0.02603	0.01060	0.00337	0.00482	0.02362	0.00771	0.00675
19	0.01211	0.00865	0.01192	0.01384	0.01519	0.00846	0.01117	0.01501	0.01787	0.02343	0.04469	0.33171	0.05060	0.02415	0.01113	0.00365	0.00654	0.37490	0.00767	0.00730
20	0.01567	0.01411	0.02332	0.62469	0.05279	0.01746	0.02146	0.02105	0.01669	0.02213	0.01591	0.02297	0.01203	0.00843	0.00807	0.00269	0.01040	0.00742	0.07361	0.00909
21	0.03108	0.03807	0.02367	0.02119	0.02569	0.61423	0.01603	0.08864	0.02499	0.02332	0.01350	0.01544	0.01102	0.00869	0.00757	0.00217	0.01444	0.00555	0.00466	0.01005
22	0.01856	0.01778	0.02974	0.28041	0.37886	0.01980	0.02393	0.02343	0.01750	0.02432	0.01487	0.02092	0.01219	0.00840	0.01003	0.00269	0.07394	0.00738	0.00391	0.01135
23	0.54718	0.02121	0.01652	0.01679	0.07767	0.15253	0.01197	0.02631	0.01650	0.03287	0.01221	0.01446	0.00973	0.00786	0.00591	0.00247	0.00849	0.00494	0.00487	0.00951
24	0.01452	0.00871	0.01130	0.01139	0.01340	0.00786	0.00825	0.01693	0.01935	0.11935	0.20162	0.36825	0.12532	0.02083	0.00998	0.00300	0.00485	0.01847	0.00846	0.00815
25	0.01109	0.00832	0.01035	0.01062	0.01249	0.00757	0.00795	0.01405	0.02041	0.02735	0.33022	0.20008	0.21385	0.02039	0.01012	0.00293	0.00452	0.07193	0.00836	0.00739
26	0.01977	0.38456	0.22820	0.01803	0.02681	0.02539	0.05382	0.02492	0.01728	0.02293	0.01326	0.01560	0.01093	0.00722	0.00646	0.00203	0.00986	0.00532	0.00375	0.10386
27	0.02468	0.01303	0.01668	0.01307	0.01874	0.01078	0.01043	0.02802	0.02086	0.30520	0.11375	0.08178	0.02844	0.01102	0.00797	0.00218	0.00614	0.00929	0.00807	0.26986
28	0.01079	0.00874	0.00968	0.01022	0.01234	0.00800	0.00736	0.01435	0.06722	0.02297	0.06638	0.29973	0.38829	0.02206	0.00999	0.00301	0.00462	0.01907	0.00777	0.00740
29	0.01590	0.01547	0.06833	0.15415	0.02663	0.01387	0.01406	0.02393	0.12623	0.02899	0.18775	0.03333	0.03220	0.01070	0.00808	0.00234	0.00701	0.00914	0.04935	0.17254
30	0.01010	0.00732	0.00954	0.01132	0.01198	0.00677	0.00760	0.01160	0.01614	0.02130	0.04881	0.65350	0.10211	0.02563	0.01054	0.00333	0.00477	0.02314	0.00771	0.00677
31	0.01012	0.00723	0.00964	0.01157	0.01205	0.00675	0.00771	0.01157	0.01591	0.02121	0.04579	0.70262	0.05495	0.02603	0.01060	0.00337	0.00482	0.02362	0.00771	0.00675
32	0.02070	0.02409	0.13782	0.04236	0.44197	0.02027	0.08712	0.07359	0.02036	0.02895	0.01597	0.02021	0.01275	0.00765	0.00834	0.00253	0.01063	0.00745	0.00436	0.01289
33	0.01478	0.01071	0.01296	0.01321	0.01503	0.01088	0.00947	0.14560	0.02094	0.02797	0.04017	0.55431	0.04608	0.02254	0.01011	0.00318	0.00576	0.02011	0.00784	0.00835
34	0.01177	0.00792	0.00915	0.00945	0.00953	0.00785	0.00545	0.01200	0.01268	0.01691	0.02925	0.15599	0.03408	0.60112	0.03732	0.00732	0.00755	0.01389	0.00545	0.00530
35	0.01208	0.00805	0.00906	0.00906	0.00906	0.00805	0.00503	0.01208	0.01208	0.01611	0.02618	0.05436	0.03020	0.70804	0.04228	0.00805	0.00805	0.01208	0.00503	0.00503
36	0.07665	0.02873	0.30647	0.13207	0.03555	0.02062	0.08602	0.02399	0.01628	0.02501	0.01394	0.01861	0.01079	0.00930	0.01215	0.00288	0.15964	0.00683	0.00377	0.01072
37	0.01048	0.00769	0.01035	0.01171	0.01259	0.00756	0.00818	0.01231	0.01559	0.02089	0.04370	0.50795	0.09468	0.03351	0.15491	0.00550	0.00856	0.01994	0.00700	0.00691
38	0.01224	0.00832	0.01000	0.01051	0.01093	0.00829	0.00693	0.01312	0.01377	0.01823	0.03102	0.09984	0.03530	0.52598	0.03404	0.00690	0.00778	0.13540	0.00573	0.00568
39	0.02163	0.01487	0.02346	0.45612	0.04483	0.01735	0.01979	0.02625	0.01821	0.19157	0.01925	0.02346	0.01359	0.00933	0.00982	0.00278	0.06410	0.00763	0.00544	0.01052

[dist]
# distance from previous block
# <min> <max>
0	1

[block]
# block no. 5 follows, 22 sequences, length 23
# corresponding to MSA columns:
# 640-662
name=unknown_F
#
# <colnr> <probs for GDERKNQSTAVLIFYWHMCP>
#	G	D	E	R	K	N	Q	S	T	A	V	L	I	F	Y	W	H	M	C	P
0	0.01340	0.00850	0.00917	0.00913	0.01129	0.00817	0.00679	0.01768	0.05057	0.02881	0.14583	0.10183	0.17834	0.01490	0.00791	0.00241	0.00417	0.01257	0.36075	0.00779
1	0.02016	0.02046	0.02241	0.01688	0.02380	0.13908	0.08806	0.02397	0.01873	0.02573	0.01465	0.01745	0.01204	0.00672	0.00686	0.00160	0.00882	0.00561	0.00471	0.52227
2	0.02221	0.71304	0.04353	0.01421	0.02132	0.03287	0.01421	0.02488	0.01688	0.01955	0.01155	0.01333	0.01066	0.00711	0.00533	0.00178	0.00888	0.00444	0.00355	0.01066
3	0.02056	0.01974	0.03372	0.05099	0.65622	0.01974	0.02550	0.02550	0.01892	0.02714	0.01563	0.02056	0.01316	0.00740	0.00822	0.00247	0.00987	0.00740	0.00411	0.01316
4	0.01879	0.01808	0.02851	0.37511	0.07571	0.06825	0.13625	0.02485	0.04447	0.05015	0.01876	0.02748	0.01515	0.00932	0.00877	0.00278	0.01126	0.05160	0.00462	0.01008
5	0.01012	0.00723	0.00964	0.01157	0.01205	0.00675	0.00771	0.01157	0.01591	0.02121	0.04579	0.70262	0.05495	0.02603	0.01060	0.00337	0.00482	0.02362	0.00771	0.00675
6	0.01569	0.01477	0.02492	0.68808	0.05722	0.01846	0.02307	0.02123	0.01661	0.02123	0.01477	0.02215	0.01107	0.00831	0.00831	0.00277	0.01107	0.00738	0.00369	0.00923
7	0.02089	0.11378	0.42023	0.01989	0.02968	0.01869	0.02354	0.02806	0.01909	0.14745	0.06496	0.02238	0.01747	0.00893	0.00782	0.00252	0.01027	0.00702	0.00522	0.01211
8	0.01194	0.00887	0.01083	0.01177	0.01331	0.00846	0.00846	0.05913	0.01853	0.02411	0.05158	0.47734	0.17444	0.02355	0.01033	0.00322	0.00523	0.06372	0.00775	0.00743
9	0.01040	0.00762	0.00977	0.01095	0.01201	0.00699	0.00756	0.01241	0.01776	0.02371	0.16801	0.49969	0.13524	0.02364	0.01035	0.00315	0.00457	0.02118	0.00799	0.00699
10	0.01261	0.00999	0.01477	0.01435	0.01566	0.01216	0.01130	0.01544	0.01328	0.01937	0.02092	0.03093	0.01961	0.05668	0.59887	0.01221	0.10118	0.00871	0.00435	0.00761
11	0.02369	0.07166	0.02941	0.02997	0.23392	0.02341	0.04224	0.20922	0.10450	0.03426	0.01843	0.02096	0.01454	0.00954	0.01052	0.00263	0.09504	0.00754	0.00584	0.01268
12	0.01743	0.01708	0.02402	0.02081	0.02099	0.02367	0.01726	0.01939	0.01280	0.01991	0.01224	0.01988	0.01207	0.02016	0.10351	0.00478	0.61391	0.00746	0.00373	0.00889
13	0.01013	0.00845	0.00889	0.00915	0.01176	0.00721	0.00697	0.01235	0.01880	0.02258	0.07890	0.11176	0.57273	0.02144	0.01000	0.00292	0.00453	0.06665	0.00771	0.00705
14	0.01119	0.00833	0.01042	0.01019	0.01214	0.00755	0.00753	0.01448	0.02174	0.02981	0.47207	0.14086	0.18536	0.01882	0.00990	0.00274	0.00408	0.01651	0.00870	0.00755
15	0.02598	0.02268	0.02031	0.01759	0.02205	0.20356	0.01381	0.16942	0.10299	0.10487	0.02175	0.02397	0.01693	0.02233	0.16814	0.00505	0.01337	0.00756	0.00649	0.01112
16	0.02089	0.58886	0.11459	0.01509	0.02247	0.02966	0.01574	0.02445	0.01738	0.02123	0.05313	0.01696	0.01500	0.00783	0.00592	0.00193	0.00896	0.00532	0.00391	0.01067
17	0.00987	0.00822	0.00862	0.00893	0.01136	0.00697	0.00654	0.01186	0.01844	0.02224	0.07786	0.18211	0.55476	0.02186	0.00995	0.00290	0.00431	0.01853	0.00771	0.00697
18	0.02025	0.01795	0.02768	0.36034	0.23921	0.02025	0.02244	0.13857	0.02162	0.02903	0.01603	0.02123	0.01231	0.00834	0.00828	0.00262	0.01033	0.00741	0.00471	0.01140
19	0.02400	0.02411	0.02999	0.13805	0.15569	0.15808	0.12136	0.14839	0.06403	0.03019	0.01714	0.02052	0.01319	0.00849	0.00838	0.00253	0.01147	0.00752	0.00521	0.01164
20	0.01512	0.01046	0.01262	0.01269	0.01516	0.01014	0.00977	0.09422	0.02072	0.06583	0.05056	0.30752	0.19044	0.02119	0.01014	0.00316	0.00590	0.12803	0.00794	0.00839
21	0.02795	0.03445	0.02400	0.02150	0.02475	0.51887	0.01656	0.03001	0.02095	0.02025	0.01238	0.01575	0.01075	0.01000	0.01224	0.00250	0.17767	0.00581	0.00413	0.00950
22	0.02603	0.02220	0.07338	0.03112	0.27723	0.09214	0.01958	0.05562	0.10041	0.18537	0.02198	0.02292	0.01611	0.00887	0.00818	0.00251	0.00948	0.00757	0.00633	0.01297

[dist]
# distance from previous block
# <min> <max>
0	2

[block]
# block no. 6 follows, 22 sequences, length 19
# corresponding to MSA columns:
# 665-668,672-686
name=unknown_G
#
# <colnr> <probs for GDERKNQSTAVLIFYWHMCP>
#	G	D	E	R	K	N	Q	S	T	A	V	L	I	F	Y	W	H	M	C	P
0	0.48826	0.01624	0.01617	0.06512	0.08088	0.01854	0.01220	0.02697	0.11345	0.03455	0.04578	0.01983	0.01537	0.00872	0.00640	0.00262	0.00700	0.00625	0.00564	0.01001
1	0.22954	0.01948	0.02509	0.03100	0.30456	0.02090	0.01814	0.16877	0.04717	0.03622	0.01625	0.01888	0.01272	0.00825	0.00740	0.00252	0.00861	0.00670	0.00556	0.01224
2	0.01578	0.01402	0.02235	0.49726	0.07896	0.01674	0.01980	0.02195	0.05072	0.02425	0.08403	0.02739	0.01980	0.00943	0.00828	0.00268	0.00949	0.00832	0.05936	0.00939
3	0.02849	0.23349	0.02930	0.01933	0.02443	0.48990	0.01552	0.03078	0.02162	0.02011	0.01247	0.01450	0.01069	0.00814	0.00687	0.00204	0.01323	0.00509	0.00407	0.00993
4	0.01716	0.23890	0.26121	0.01649	0.02440	0.02000	0.01826	0.02264	0.01834	0.02511	0.11869	0.02774	0.06828	0.00987	0.00738	0.00224	0.00875	0.00772	0.00485	0.08197
5	0.02193	0.02267	0.03139	0.07186	0.42313	0.12387	0.06658	0.02836	0.07846	0.02646	0.01695	0.02087	0.01378	0.00797	0.00825	0.00249	0.01073	0.00744	0.00454	0.01227
6	0.01127	0.00824	0.01063	0.01081	0.01249	0.00760	0.00798	0.01442	0.02099	0.02886	0.41623	0.22074	0.12529	0.01990	0.01009	0.00289	0.00438	0.05115	0.00858	0.00749
7	0.02784	0.03415	0.02170	0.02030	0.02415	0.55424	0.01557	0.03028	0.02274	0.02115	0.01848	0.02924	0.01742	0.01117	0.00821	0.00245	0.01365	0.11310	0.00489	0.00927
8	0.01715	0.01625	0.02755	0.49750	0.23640	0.01884	0.02380	0.02250	0.01730	0.02299	0.01502	0.02167	0.01170	0.00804	0.00828	0.00268	0.01071	0.00739	0.00382	0.01040
9	0.16280	0.01738	0.02316	0.01812	0.02431	0.01770	0.10963	0.09171	0.14280	0.26838	0.02539	0.02441	0.01753	0.00946	0.00802	0.00265	0.00815	0.00801	0.00784	0.01255
10	0.01008	0.00777	0.00922	0.01023	0.01173	0.00691	0.00715	0.01192	0.01752	0.02232	0.09177	0.41752	0.29903	0.02355	0.01024	0.00310	0.00453	0.02071	0.00778	0.00691
11	0.01976	0.02198	0.04659	0.03755	0.14073	0.02081	0.53068	0.02643	0.01950	0.02669	0.01662	0.02212	0.01269	0.00707	0.00955	0.00275	0.01335	0.00942	0.00419	0.01151
12	0.03031	0.02984	0.02375	0.01990	0.02533	0.30697	0.01565	0.31481	0.08929	0.03679	0.01817	0.01884	0.01370	0.00948	0.00797	0.00237	0.01143	0.00674	0.00657	0.01208
13	0.01189	0.00798	0.00912	0.00930	0.00935	0.00793	0.00529	0.01203	0.01245	0.01659	0.02805	0.11625	0.03256	0.64294	0.03926	0.00761	0.00775	0.01318	0.00529	0.00520
14	0.01129	0.00802	0.01066	0.01215	0.01308	0.00769	0.00888	0.01343	0.01706	0.02278	0.10125	0.42467	0.05295	0.09182	0.01388	0.00388	0.00576	0.16628	0.00757	0.00691
15	0.01378	0.01118	0.01487	0.01382	0.01420	0.01365	0.01018	0.01506	0.01259	0.01803	0.02078	0.03842	0.02225	0.34426	0.19879	0.00813	0.20883	0.00989	0.00448	0.00681
16	0.08679	0.16663	0.17488	0.15055	0.09165	0.02263	0.02036	0.08171	0.07856	0.02819	0.01623	0.01899	0.01252	0.00826	0.00732	0.00247	0.00976	0.00644	0.00467	0.01140
17	0.01196	0.00875	0.01160	0.01311	0.01480	0.00839	0.01065	0.01493	0.01847	0.02395	0.07736	0.24456	0.14114	0.02318	0.01093	0.00350	0.00625	0.34140	0.00774	0.00733
18	0.01068	0.00790	0.00998	0.01062	0.01205	0.00720	0.00752	0.01317	0.01926	0.02595	0.27914	0.35840	0.16395	0.02180	0.01017	0.00299	0.00438	0.01938	0.00825	0.00720

[dist]
# distance from previous block
# <min> <max>
0	19

[block]
# block no. 7 follows, 22 sequences, length 12
# corresponding to MSA columns:
# 706-717
name=unknown_H
#
# <colnr> <probs for GDERKNQSTAVLIFYWHMCP>
#	G	D	E	R	K	N	Q	S	T	A	V	L	I	F	Y	W	H	M	C	P
0	0.02353	0.16753	0.21373	0.02471	0.10683	0.08406	0.08826	0.05153	0.02011	0.11823	0.01713	0.01902	0.01273	0.00807	0.00767	0.00240	0.01087	0.00666	0.00491	0.01203
1	0.02766	0.34002	0.03280	0.01685	0.02337	0.11745	0.01483	0.22496	0.02560	0.08024	0.01612	0.01688	0.01257	0.00849	0.00684	0.00212	0.00967	0.00587	0.00573	0.01192
2	0.02264	0.27320	0.21457	0.01709	0.02560	0.02242	0.01817	0.06870	0.01962	0.11450	0.01653	0.01765	0.01248	0.00784	0.00682	0.00210	0.00923	0.00576	0.00501	0.12007
3	0.02589	0.05441	0.02339	0.01879	0.02369	0.14096	0.01507	0.22845	0.24552	0.03574	0.02231	0.02249	0.01701	0.01050	0.00994	0.00262	0.07631	0.00762	0.00697	0.01233
4	0.01936	0.36874	0.36286	0.01908	0.02884	0.02589	0.02268	0.02561	0.01722	0.02302	0.01328	0.01549	0.01059	0.00751	0.00665	0.00222	0.01063	0.00531	0.00353	0.01149
5	0.01261	0.01098	0.01570	0.01430	0.01630	0.01174	0.05638	0.01530	0.01723	0.02325	0.13384	0.17377	0.20707	0.02520	0.10913	0.00455	0.12359	0.01476	0.00650	0.00781
6	0.03229	0.01306	0.01752	0.01381	0.01945	0.01132	0.01127	0.03550	0.02338	0.54196	0.10704	0.03604	0.07515	0.01186	0.00863	0.00259	0.00649	0.00981	0.00996	0.01288
7	0.03727	0.01414	0.01928	0.01478	0.02121	0.01221	0.01221	0.04049	0.02378	0.66198	0.03277	0.02828	0.02056	0.01028	0.00835	0.00257	0.00707	0.00835	0.01028	0.01414
8	0.01530	0.01396	0.02158	0.15383	0.26672	0.01416	0.01703	0.01938	0.01910	0.02545	0.12032	0.04390	0.21015	0.01287	0.00892	0.00264	0.00764	0.01140	0.00576	0.00989
9	0.01884	0.01798	0.03061	0.27616	0.44451	0.01929	0.02464	0.02399	0.01810	0.02505	0.01532	0.02112	0.01242	0.00772	0.00825	0.00257	0.01030	0.00740	0.00396	0.01177
10	0.03467	0.01831	0.02186	0.01676	0.02329	0.01840	0.01385	0.30920	0.03076	0.38340	0.02691	0.02447	0.01762	0.01014	0.00833	0.00254	0.00802	0.00795	0.00938	0.01413
11	0.01311	0.01021	0.01224	0.01292	0.01467	0.01060	0.00919	0.02073	0.18580	0.02588	0.09269	0.46782	0.04888	0.02128	0.00995	0.00316	0.00522	0.01906	0.00803	0.00857

[dist]
# distance from previous block
# <min> <max>
0	14

[block]
# block no. 8 follows, 22 sequences, length 39
# corresponding to MSA columns:
# 732-770
name=unknown_I
#
# <colnr> <probs for GDERKNQSTAVLIFYWHMCP>
#	G	D	E	R	K	N	Q	S	T	A	V	L	I	F	Y	W	H	M	C	P
0	0.02555	0.11147	0.15291	0.01936	0.02687	0.01806	0.10644	0.03240	0.07715	0.26369	0.06336	0.02575	0.02023	0.00943	0.00819	0.00254	0.00910	0.00814	0.00695	0.01240
1	0.01613	0.01522	0.02572	0.63017	0.11166	0.01857	0.02329	0.02161	0.01682	0.02176	0.01484	0.02200	0.01126	0.00822	0.00830	0.00274	0.01096	0.00738	0.00373	0.00959
2	0.02661	0.01941	0.02111	0.01747	0.02309	0.02156	0.01401	0.25904	0.34763	0.11409	0.02858	0.02661	0.02066	0.01068	0.00839	0.00267	0.00758	0.00857	0.00861	0.01362
3	0.01337	0.00885	0.01162	0.01072	0.01297	0.00811	0.00811	0.01724	0.02353	0.07302	0.61274	0.05992	0.07473	0.01656	0.00971	0.00261	0.00412	0.01460	0.00922	0.00824
4	0.03057	0.03183	0.02296	0.02016	0.02430	0.46070	0.01558	0.03288	0.02217	0.14541	0.01648	0.01799	0.01265	0.00968	0.01024	0.00242	0.10198	0.00619	0.00537	0.01044
5	0.01174	0.00834	0.00968	0.00935	0.01158	0.00755	0.00701	0.01506	0.02103	0.02939	0.36488	0.06280	0.25611	0.01711	0.00915	0.00256	0.00401	0.01465	0.13045	0.00755
6	0.01002	0.00811	0.00891	0.00937	0.01151	0.00700	0.00678	0.01208	0.01845	0.02283	0.11139	0.24072	0.45970	0.02207	0.01002	0.00294	0.00435	0.01895	0.00781	0.00700
7	0.03268	0.01312	0.01781	0.01400	0.01962	0.01142	0.01142	0.03602	0.02373	0.54889	0.14413	0.03435	0.03097	0.01149	0.00861	0.00258	0.00650	0.00955	0.01008	0.01300
8	0.02555	0.01920	0.02074	0.01740	0.02286	0.02148	0.01388	0.22535	0.39837	0.09689	0.02941	0.02732	0.02144	0.01078	0.00840	0.00269	0.00742	0.00870	0.00857	0.01354
9	0.03727	0.01414	0.01928	0.01478	0.02121	0.01221	0.01221	0.04049	0.02378	0.66198	0.03277	0.02828	0.02056	0.01028	0.00835	0.00257	0.00707	0.00835	0.01028	0.01414
10	0.01784	0.00934	0.01058	0.00992	0.01253	0.00917	0.00755	0.02282	0.06230	0.11324	0.10803	0.08319	0.03108	0.01197	0.00717	0.00227	0.00455	0.01000	0.45758	0.00889
11	0.01888	0.01746	0.05788	0.01739	0.02190	0.01745	0.05569	0.10923	0.31005	0.03226	0.03298	0.21280	0.03025	0.01466	0.00909	0.00292	0.00729	0.01289	0.00764	0.01133
12	0.03199	0.02261	0.02452	0.01880	0.02543	0.02478	0.01553	0.58591	0.03795	0.09653	0.02087	0.02055	0.01459	0.01000	0.00831	0.00250	0.00899	0.00754	0.00845	0.01413
13	0.02075	0.06808	0.02883	0.06902	0.37518	0.01792	0.01970	0.02512	0.01856	0.07043	0.01626	0.01982	0.01317	0.00731	0.00751	0.00213	0.00873	0.00663	0.00468	0.20015
14	0.02710	0.03229	0.02238	0.02025	0.02409	0.46661	0.01545	0.03312	0.13399	0.02286	0.01690	0.01899	0.01384	0.01210	0.04055	0.00292	0.07504	0.00642	0.00499	0.01012
15	0.02246	0.01742	0.01912	0.01595	0.02138	0.01854	0.01264	0.14038	0.34940	0.07643	0.06858	0.02857	0.02433	0.01048	0.00812	0.00246	0.00681	0.00860	0.00799	0.14035
16	0.02056	0.01834	0.02702	0.23155	0.27019	0.02032	0.02109	0.10662	0.14220	0.03014	0.01948	0.02299	0.01504	0.00876	0.00830	0.00263	0.00949	0.00779	0.00538	0.01210
17	0.01102	0.00801	0.01038	0.01074	0.01220	0.00738	0.00769	0.01389	0.02037	0.02807	0.38796	0.30280	0.10727	0.02063	0.01010	0.00291	0.00427	0.01840	0.00852	0.00738
18	0.01943	0.01116	0.01460	0.01433	0.01724	0.01082	0.01149	0.08062	0.02106	0.16859	0.03971	0.27230	0.04077	0.01986	0.01018	0.00327	0.00674	0.22006	0.00832	0.00944
19	0.06525	0.01066	0.01193	0.01079	0.01362	0.01068	0.00833	0.09245	0.02310	0.03438	0.34543	0.04891	0.11040	0.01438	0.00848	0.00247	0.00475	0.01212	0.16328	0.00859
20	0.11880	0.01395	0.01802	0.23391	0.03079	0.01614	0.01552	0.02550	0.16418	0.02748	0.02775	0.08309	0.02569	0.01353	0.00881	0.00304	0.00816	0.14983	0.00621	0.00959
21	0.20309	0.01515	0.01803	0.01418	0.02032	0.01453	0.01170	0.07397	0.02255	0.48116	0.02713	0.02438	0.01752	0.00968	0.00762	0.00257	0.00705	0.00742	0.00899	0.01297
22	0.01064	0.00815	0.00989	0.01106	0.01273	0.00740	0.00827	0.01281	0.01772	0.02240	0.06045	0.34025	0.28749	0.02348	0.01047	0.00324	0.00513	0.13369	0.00770	0.00703
23	0.02120	0.02109	0.02947	0.33435	0.10049	0.10907	0.11982	0.11369	0.02156	0.02711	0.01568	0.02075	0.01191	0.00829	0.00843	0.00262	0.01169	0.00752	0.00457	0.01069
24	0.01208	0.00805	0.00906	0.00906	0.00906	0.00805	0.00503	0.01208	0.01208	0.01611	0.02618	0.05436	0.03020	0.70804	0.04228	0.00805	0.00805	0.01208	0.00503	0.00503
25	0.01208	0.00805	0.00906	0.00906	0.00906	0.00805	0.00503	0.01208	0.01208	0.01611	0.02618	0.05436	0.03020	0.70804	0.04228	0.00805	0.00805	0.01208	0.00503	0.00503
26	0.01012	0.00723	0.00964	0.01157	0.01205	0.00675	0.00771	0.01157	0.01591	0.02121	0.04579	0.70262	0.05495	0.02603	0.01060	0.00337	0.00482	0.02362	0.00771	0.00675
27	0.52504	0.02380	0.01593	0.01437	0.01922	0.23416	0.01131	0.02730	0.01723	0.03171	0.01199	0.01398	0.00956	0.00799	0.00591	0.00243	0.00924	0.00478	0.00486	0.00921
28	0.01014	0.00852	0.00887	0.00904	0.01177	0.00724	0.00695	0.01240	0.01895	0.02266	0.08051	0.08120	0.59786	0.02121	0.00997	0.00290	0.00452	0.07050	0.00771	0.00707
29	0.01914	0.34220	0.38747	0.01945	0.02942	0.02536	0.02333	0.02567	0.01724	0.02329	0.01341	0.01566	0.01058	0.00754	0.00675	0.00225	0.01076	0.00538	0.00353	0.01156
30	0.02007	0.13129	0.22585	0.01768	0.02499	0.02047	0.01814	0.03310	0.25784	0.06375	0.02376	0.02388	0.01778	0.00937	0.00755	0.00251	0.00851	0.00740	0.07401	0.01205
31	0.02000	0.27786	0.07393	0.11406	0.14991	0.02215	0.01796	0.02420	0.01849	0.06432	0.07491	0.02743	0.02067	0.00963	0.00752	0.00238	0.00895	0.04992	0.00491	0.01081
32	0.01272	0.07303	0.01407	0.01236	0.01511	0.01063	0.01054	0.01572	0.01884	0.02338	0.05762	0.08072	0.29417	0.02072	0.01023	0.00322	0.00634	0.30560	0.00730	0.00766
33	0.02105	0.06542	0.16476	0.01584	0.02144	0.01403	0.01510	0.06290	0.01992	0.19563	0.03134	0.27657	0.03007	0.01540	0.00889	0.00283	0.00767	0.01324	0.00720	0.01072
34	0.01692	0.08257	0.43057	0.02121	0.04923	0.01830	0.02390	0.06358	0.01866	0.02660	0.02099	0.14987	0.01944	0.01146	0.00827	0.00270	0.01030	0.00952	0.00466	0.01124
35	0.02136	0.60982	0.13927	0.01567	0.02358	0.03078	0.01675	0.02510	0.01698	0.02059	0.01207	0.01398	0.01064	0.00723	0.00573	0.00191	0.00941	0.00470	0.00355	0.01091
36	0.01952	0.26511	0.23847	0.02115	0.06717	0.02384	0.05166	0.06046	0.01902	0.02582	0.07182	0.02077	0.01726	0.00894	0.00862	0.00239	0.05558	0.00679	0.00441	0.01122
37	0.02045	0.08080	0.35461	0.07415	0.17192	0.01943	0.02550	0.02745	0.01851	0.10539	0.01706	0.01957	0.01242	0.00806	0.00787	0.00253	0.01076	0.00666	0.00451	0.01238
38	0.02709	0.02034	0.11241	0.07303	0.15600	0.01639	0.10861	0.03222	0.02087	0.31253	0.02337	0.02402	0.01592	0.00877	0.00848	0.00261	0.00962	0.00802	0.00680	0.01292

[dist]
# distance from previous block
# <min> <max>
1	4

[block]
# block no. 9 follows, 22 sequences, length 39
# corresponding to MSA columns:
# 786-824
name=unknown_J
#
# <colnr> <probs for GDERKNQSTAVLIFYWHMCP>
#	G	D	E	R	K	N	Q	S	T	A	V	L	I	F	Y	W	H	M	C	P
0	0.02166	0.10253	0.12682	0.10225	0.22382	0.02131	0.08842	0.08326	0.05516	0.06954	0.01762	0.02068	0.01345	0.00814	0.00805	0.00251	0.01027	0.00732	0.00496	0.01226
1	0.05781	0.01890	0.16806	0.02141	0.13440	0.01353	0.01661	0.01975	0.03616	0.02411	0.09326	0.02928	0.02237	0.01668	0.01649	0.25803	0.00843	0.03132	0.00474	0.00863
2	0.01923	0.11350	0.10288	0.02922	0.23432	0.01992	0.07550	0.05719	0.08634	0.02848	0.08985	0.02856	0.05965	0.00979	0.00824	0.00250	0.00903	0.00873	0.00542	0.01165
3	0.06425	0.09017	0.22752	0.02096	0.06560	0.01943	0.04471	0.10206	0.04470	0.20930	0.02088	0.02114	0.01451	0.00879	0.00781	0.00252	0.00953	0.00703	0.00633	0.01274
4	0.01990	0.05835	0.02789	0.02398	0.09792	0.08505	0.17113	0.07232	0.08115	0.02848	0.06139	0.11956	0.02442	0.01137	0.00862	0.00260	0.00940	0.01059	0.07537	0.01051
5	0.01844	0.01942	0.09303	0.01800	0.02306	0.08921	0.11766	0.05400	0.02275	0.07119	0.29342	0.04153	0.07727	0.01272	0.00915	0.00259	0.00834	0.01134	0.00706	0.00981
6	0.02105	0.06573	0.24744	0.02465	0.11253	0.01955	0.06083	0.03034	0.12574	0.11154	0.04074	0.02323	0.01710	0.00933	0.00935	0.00266	0.05267	0.00766	0.00557	0.01229
7	0.01099	0.00846	0.01005	0.00965	0.01194	0.00751	0.00724	0.01420	0.02171	0.02904	0.42844	0.06910	0.30446	0.01858	0.00981	0.00269	0.00403	0.01601	0.00858	0.00751
8	0.02616	0.41126	0.03457	0.01744	0.02328	0.32048	0.01504	0.02859	0.01987	0.01990	0.01213	0.01407	0.01068	0.00776	0.00630	0.00194	0.01162	0.00485	0.00388	0.01020
9	0.01401	0.01206	0.01608	0.01507	0.01693	0.04554	0.04769	0.01791	0.05531	0.02077	0.02538	0.12960	0.02546	0.11420	0.35651	0.00889	0.05435	0.01119	0.00518	0.00787
10	0.01818	0.01818	0.02545	0.02181	0.02181	0.02545	0.01818	0.01999	0.01272	0.01999	0.01091	0.01818	0.01091	0.01454	0.02726	0.00364	0.69284	0.00727	0.00364	0.00909
11	0.02711	0.02043	0.06247	0.01724	0.02286	0.04605	0.01452	0.34145	0.02975	0.14290	0.02674	0.16128	0.02320	0.01313	0.00873	0.00268	0.00836	0.01076	0.00803	0.01231
12	0.01722	0.01668	0.02324	0.02017	0.02028	0.02294	0.01655	0.01898	0.01272	0.01964	0.01296	0.02210	0.01316	0.07233	0.07787	0.00472	0.58820	0.00777	0.00381	0.00864
13	0.03158	0.02327	0.02493	0.01911	0.02576	0.02576	0.01579	0.62852	0.03906	0.05236	0.01995	0.01995	0.01413	0.00997	0.00831	0.00249	0.00914	0.00748	0.00831	0.01413
14	0.01978	0.01909	0.03164	0.09582	0.50273	0.02060	0.02407	0.02424	0.01769	0.02548	0.01476	0.02028	0.01262	0.00867	0.01143	0.00269	0.12486	0.00738	0.00400	0.01217
15	0.02056	0.01974	0.03372	0.05099	0.65622	0.01974	0.02550	0.02550	0.01892	0.02714	0.01563	0.02056	0.01316	0.00740	0.00822	0.00247	0.00987	0.00740	0.00411	0.01316
16	0.02066	0.01785	0.01878	0.01691	0.02160	0.02066	0.01315	0.04414	0.64121	0.03475	0.03381	0.03099	0.02536	0.01127	0.00845	0.00282	0.00657	0.00939	0.00845	0.01315
17	0.02325	0.01911	0.03068	0.08244	0.48682	0.01934	0.02289	0.08303	0.02122	0.10358	0.01799	0.02150	0.01399	0.00803	0.00825	0.00250	0.00955	0.00752	0.00520	0.01313
18	0.02669	0.01850	0.02736	0.03401	0.34598	0.01852	0.01954	0.11135	0.07154	0.20786	0.02240	0.02344	0.01630	0.00885	0.00829	0.00253	0.00874	0.00783	0.00673	0.01356
19	0.01710	0.01679	0.02565	0.58702	0.11090	0.05978	0.02286	0.02237	0.01726	0.02172	0.01472	0.02155	0.01124	0.00824	0.00825	0.00270	0.01121	0.00726	0.00377	0.00962
20	0.02050	0.01858	0.06268	0.02698	0.13041	0.01767	0.18336	0.05868	0.01949	0.10744	0.02534	0.06514	0.06647	0.01495	0.06202	0.00362	0.09017	0.00991	0.00558	0.01101
