[name]
unknown

[dist]
# distance from previous block
# <min> <max>
4	461

[block]
# block no. 0 follows, 23 sequences, length 47
# corresponding to MSA columns:
# 527-573
name=unknown_A
#
# <colnr> <probs for GDERKNQSTAVLIFYWHMCP>
#	G	D	E	R	K	N	Q	S	T	A	V	L	I	F	Y	W	H	M	C	P
0	0.02122	0.66061	0.09748	0.01469	0.02207	0.03095	0.01529	0.02442	0.01654	0.01967	0.01157	0.01338	0.01040	0.00701	0.00542	0.00181	0.00897	0.00448	0.00347	0.01055
1	0.01976	0.01717	0.01887	0.07571	0.02413	0.01999	0.01369	0.04117	0.59433	0.03279	0.03140	0.02952	0.02355	0.01076	0.00824	0.00275	0.00680	0.00900	0.00785	0.01251
2	0.70628	0.01558	0.01235	0.01079	0.01600	0.01756	0.00886	0.02355	0.01407	0.03554	0.01157	0.01350	0.00907	0.00740	0.00511	0.00240	0.00625	0.00443	0.00500	0.07469
3	0.02102	0.01958	0.03219	0.04709	0.60849	0.01979	0.02408	0.07830	0.02019	0.02866	0.01563	0.02003	0.01294	0.00745	0.00804	0.00241	0.00958	0.00724	0.00437	0.01294
4	0.01942	0.01663	0.01769	0.01596	0.02032	0.01909	0.01239	0.04069	0.59491	0.03382	0.08770	0.03292	0.02929	0.01150	0.00837	0.00273	0.00620	0.00965	0.00832	0.01239
5	0.02104	0.01887	0.02965	0.04141	0.50583	0.01920	0.02189	0.12133	0.02199	0.03095	0.07215	0.02352	0.01856	0.00844	0.00818	0.00243	0.00902	0.00789	0.00510	0.01255
6	0.00987	0.00712	0.00936	0.01115	0.01173	0.00660	0.00747	0.01132	0.01568	0.02077	0.04654	0.67886	0.08317	0.02518	0.01032	0.00327	0.00468	0.02278	0.00753	0.00660
7	0.00989	0.00706	0.00942	0.01130	0.01177	0.00659	0.00753	0.01130	0.01554	0.02071	0.04472	0.70954	0.05367	0.02542	0.01036	0.00330	0.00471	0.02307	0.00753	0.00659
8	0.02169	0.71972	0.04252	0.01388	0.02083	0.03211	0.01388	0.02430	0.01649	0.01909	0.01128	0.01302	0.01041	0.00694	0.00521	0.00174	0.00868	0.00434	0.00347	0.01041
9	0.02476	0.02859	0.02697	0.10472	0.27440	0.35550	0.01997	0.02826	0.02053	0.02251	0.01379	0.01748	0.01142	0.00790	0.00768	0.00228	0.01230	0.00621	0.00406	0.01069
10	0.00959	0.00822	0.00822	0.00822	0.01096	0.00685	0.00617	0.01165	0.01850	0.02192	0.08220	0.07809	0.66092	0.02055	0.00959	0.00274	0.00411	0.01713	0.00754	0.00685
11	0.01532	0.01442	0.02434	0.69533	0.05589	0.01803	0.02253	0.02073	0.01622	0.02073	0.01442	0.02163	0.01082	0.00811	0.00811	0.00270	0.01082	0.00721	0.00361	0.00901
12	0.01818	0.01802	0.03183	0.24654	0.30095	0.01970	0.12410	0.02319	0.01722	0.02385	0.01469	0.02061	0.01189	0.00820	0.01033	0.00268	0.08566	0.00760	0.00385	0.01090
13	0.02018	0.01743	0.01835	0.01651	0.02110	0.02018	0.01284	0.04312	0.64956	0.03394	0.03303	0.03027	0.02477	0.01101	0.00826	0.00275	0.00642	0.00917	0.00826	0.01284
14	0.02524	0.02539	0.02833	0.03508	0.34936	0.20382	0.02030	0.15937	0.02398	0.03000	0.01542	0.01845	0.01239	0.00809	0.00785	0.00233	0.01087	0.00669	0.00495	0.01210
15	0.01148	0.00829	0.01085	0.01021	0.01212	0.00766	0.00766	0.01531	0.02297	0.03254	0.65994	0.06061	0.07656	0.01659	0.00957	0.00255	0.00383	0.01467	0.00893	0.00766
16	0.01915	0.02189	0.04788	0.03420	0.04241	0.02052	0.63475	0.02599	0.01915	0.02599	0.01642	0.02189	0.01231	0.00684	0.00958	0.00274	0.01368	0.00958	0.00410	0.01094
17	0.06152	0.45506	0.18230	0.01953	0.09065	0.02701	0.01839	0.02465	0.01669	0.02231	0.01244	0.01469	0.01055	0.00718	0.00606	0.00204	0.00939	0.00502	0.00360	0.01093
18	0.36625	0.05429	0.01751	0.01327	0.01892	0.05025	0.01100	0.06413	0.01943	0.28307	0.01991	0.01924	0.01365	0.00865	0.00654	0.00244	0.00722	0.00606	0.00703	0.01114
19	0.01627	0.04197	0.67279	0.02313	0.03512	0.01884	0.02998	0.02570	0.01713	0.02570	0.01456	0.01713	0.01028	0.00771	0.00771	0.00257	0.01199	0.00600	0.00343	0.01199
20	0.03641	0.01381	0.01883	0.01444	0.02071	0.01193	0.01193	0.03954	0.02322	0.66984	0.03201	0.02762	0.02009	0.01004	0.00816	0.00251	0.00690	0.00816	0.01004	0.01381
21	0.77215	0.01569	0.01193	0.01067	0.01569	0.01820	0.00879	0.02385	0.01381	0.03641	0.01130	0.01318	0.00879	0.00753	0.00502	0.00251	0.00628	0.00439	0.00502	0.00879
22	0.77215	0.01569	0.01193	0.01067	0.01569	0.01820	0.00879	0.02385	0.01381	0.03641	0.01130	0.01318	0.00879	0.00753	0.00502	0.00251	0.00628	0.00439	0.00502	0.00879
23	0.00959	0.00822	0.00822	0.00822	0.01096	0.00685	0.00617	0.01165	0.01850	0.02192	0.08220	0.07809	0.66092	0.02055	0.00959	0.00274	0.00411	0.01713	0.00754	0.00685
24	0.02018	0.01743	0.01835	0.01651	0.02110	0.02018	0.01284	0.04312	0.64956	0.03394	0.03303	0.03027	0.02477	0.01101	0.00826	0.00275	0.00642	0.00917	0.00826	0.01284
25	0.01915	0.02189	0.04788	0.03420	0.04241	0.02052	0.63475	0.02599	0.01915	0.02599	0.01642	0.02189	0.01231	0.00684	0.00958	0.00274	0.01368	0.00958	0.00410	0.01094
26	0.01915	0.02189	0.04788	0.03420	0.04241	0.02052	0.63475	0.02599	0.01915	0.02599	0.01642	0.02189	0.01231	0.00684	0.00958	0.00274	0.01368	0.00958	0.00410	0.01094
27	0.00959	0.00822	0.00822	0.00822	0.01096	0.00685	0.00617	0.01165	0.01850	0.02192	0.08220	0.07809	0.66092	0.02055	0.00959	0.00274	0.00411	0.01713	0.00754	0.00685
28	0.77215	0.01569	0.01193	0.01067	0.01569	0.01820	0.00879	0.02385	0.01381	0.03641	0.01130	0.01318	0.00879	0.00753	0.00502	0.00251	0.00628	0.00439	0.00502	0.00879
29	0.03641	0.01381	0.01883	0.01444	0.02071	0.01193	0.01193	0.03954	0.02322	0.66984	0.03201	0.02762	0.02009	0.01004	0.00816	0.00251	0.00690	0.00816	0.01004	0.01381
30	0.02018	0.01743	0.01835	0.01651	0.02110	0.02018	0.01284	0.04312	0.64956	0.03394	0.03303	0.03027	0.02477	0.01101	0.00826	0.00275	0.00642	0.00917	0.00826	0.01284
31	0.01153	0.00805	0.01028	0.01049	0.01101	0.00847	0.00691	0.01263	0.01261	0.01729	0.02638	0.11690	0.02909	0.42635	0.24802	0.00907	0.01207	0.01200	0.00501	0.00586
32	0.01218	0.00857	0.01052	0.08284	0.01392	0.00896	0.00682	0.01276	0.01228	0.01627	0.02437	0.04971	0.02749	0.63866	0.03772	0.00731	0.00818	0.01131	0.00478	0.00536
33	0.09894	0.01968	0.12736	0.01413	0.02187	0.01379	0.01329	0.05707	0.01778	0.02881	0.01440	0.01664	0.01148	0.00667	0.00631	0.00164	0.00721	0.00511	0.00479	0.51303
34	0.01380	0.01178	0.01693	0.02004	0.16031	0.01201	0.01241	0.01735	0.02011	0.02809	0.35247	0.04961	0.14789	0.01485	0.01106	0.00266	0.08022	0.01256	0.00702	0.00883
35	0.01876	0.07987	0.42301	0.02670	0.11410	0.02053	0.09212	0.08158	0.01940	0.02773	0.01509	0.01796	0.01116	0.00769	0.00782	0.00250	0.01138	0.00655	0.00401	0.01205
36	0.02966	0.01864	0.01917	0.01567	0.02134	0.12016	0.01248	0.03716	0.16406	0.35351	0.02725	0.02499	0.01874	0.00956	0.00782	0.00236	0.00793	0.00756	0.00814	0.09379
37	0.00969	0.00783	0.00862	0.00925	0.01123	0.00676	0.00662	0.01153	0.01751	0.02152	0.06969	0.28887	0.45822	0.02218	0.00985	0.00293	0.00431	0.01911	0.00753	0.00676
38	0.01733	0.02066	0.14407	0.07143	0.38206	0.01657	0.02201	0.02245	0.01759	0.02540	0.02013	0.12307	0.01882	0.01021	0.00819	0.00256	0.00906	0.00939	0.04778	0.01125
39	0.01951	0.13483	0.07734	0.02837	0.06905	0.02240	0.36086	0.02741	0.09474	0.02554	0.01715	0.02090	0.01335	0.00779	0.00935	0.00259	0.04502	0.00823	0.00444	0.01115
40	0.02168	0.01958	0.03340	0.07338	0.42805	0.01970	0.12595	0.09212	0.02086	0.06114	0.01672	0.02078	0.01313	0.00762	0.00831	0.00249	0.01016	0.00768	0.00476	0.01250
41	0.01816	0.01536	0.01660	0.01529	0.01915	0.01741	0.01173	0.03678	0.51564	0.03237	0.09991	0.10666	0.03331	0.01315	0.00862	0.00279	0.00597	0.01125	0.00825	0.01163
42	0.10944	0.02282	0.21318	0.01682	0.02467	0.01529	0.01713	0.06199	0.02110	0.38040	0.02399	0.02255	0.01565	0.00906	0.00769	0.00252	0.00845	0.00707	0.00744	0.01273
43	0.01896	0.01858	0.10612	0.26963	0.21956	0.01690	0.02153	0.02415	0.01749	0.10128	0.01760	0.02245	0.01348	0.01373	0.08075	0.00369	0.01133	0.00734	0.00456	0.01088
44	0.01006	0.00719	0.00957	0.01118	0.01181	0.00671	0.00755	0.01173	0.01634	0.02199	0.11103	0.63960	0.05613	0.02447	0.01027	0.00322	0.00461	0.02216	0.00768	0.00671
45	0.02708	0.09677	0.02534	0.09172	0.02733	0.16819	0.07087	0.05344	0.08353	0.21814	0.02153	0.02200	0.01542	0.00889	0.00770	0.00237	0.00980	0.00716	0.03135	0.01136
46	0.02265	0.02429	0.20812	0.05471	0.28207	0.01746	0.05817	0.02849	0.01918	0.17725	0.01904	0.02119	0.01374	0.00803	0.00806	0.00251	0.00992	0.00724	0.00526	0.01260

[dist]
# distance from previous block
# <min> <max>
2	6

[block]
# block no. 1 follows, 23 sequences, length 101
# corresponding to MSA columns:
# 581-681
name=unknown_B
#
# <colnr> <probs for GDERKNQSTAVLIFYWHMCP>
#	G	D	E	R	K	N	Q	S	T	A	V	L	I	F	Y	W	H	M	C	P
0	0.02245	0.10967	0.11353	0.03392	0.33343	0.13897	0.02161	0.02691	0.01893	0.06010	0.01499	0.01822	0.01213	0.00786	0.00817	0.00234	0.03440	0.00641	0.00423	0.01175
1	0.01082	0.00789	0.01005	0.01079	0.01199	0.00720	0.00736	0.01263	0.01649	0.02247	0.13889	0.46409	0.07394	0.09848	0.01331	0.00352	0.00498	0.01903	0.00728	0.05879
2	0.01893	0.22943	0.25382	0.02468	0.03378	0.02330	0.25524	0.02541	0.01771	0.02391	0.01432	0.01775	0.01109	0.00716	0.00770	0.00239	0.01168	0.00688	0.00370	0.01114
3	0.01112	0.00822	0.01152	0.01189	0.01311	0.00885	0.00879	0.01348	0.01442	0.02004	0.07059	0.18554	0.06769	0.09922	0.40605	0.00928	0.01483	0.01292	0.00555	0.00692
4	0.01878	0.01785	0.02979	0.22477	0.46277	0.01899	0.02360	0.02475	0.05206	0.02533	0.01600	0.02106	0.01294	0.00768	0.00807	0.00251	0.00979	0.00733	0.00413	0.01180
5	0.01019	0.00746	0.00958	0.01070	0.01175	0.00685	0.00740	0.01219	0.01746	0.02336	0.17962	0.49690	0.13069	0.02297	0.01010	0.00307	0.00445	0.02058	0.00783	0.00685
6	0.01683	0.01442	0.01683	0.01202	0.01923	0.01082	0.00961	0.02043	0.01683	0.02644	0.01442	0.01683	0.01202	0.00601	0.00601	0.00120	0.00601	0.00481	0.00481	0.76444
7	0.77215	0.01569	0.01193	0.01067	0.01569	0.01820	0.00879	0.02385	0.01381	0.03641	0.01130	0.01318	0.00879	0.00753	0.00502	0.00251	0.00628	0.00439	0.00502	0.00879
8	0.01074	0.00767	0.01040	0.01227	0.01312	0.00733	0.00902	0.01278	0.01638	0.02167	0.04425	0.54401	0.05180	0.02462	0.01058	0.00341	0.00545	0.18017	0.00752	0.00683
9	0.00989	0.00706	0.00942	0.01130	0.01177	0.00659	0.00753	0.01130	0.01554	0.02071	0.04472	0.70954	0.05367	0.02542	0.01036	0.00330	0.00471	0.02307	0.00753	0.00659
10	0.01137	0.00829	0.01068	0.01008	0.01205	0.00761	0.00756	0.01508	0.02269	0.03187	0.62358	0.06171	0.11334	0.01684	0.00957	0.00256	0.00385	0.01483	0.00884	0.00761
11	0.00959	0.00822	0.00822	0.00822	0.01096	0.00685	0.00617	0.01165	0.01850	0.02192	0.08220	0.07809	0.66092	0.02055	0.00959	0.00274	0.00411	0.01713	0.00754	0.00685
12	0.02169	0.71972	0.04252	0.01388	0.02083	0.03211	0.01388	0.02430	0.01649	0.01909	0.01128	0.01302	0.01041	0.00694	0.00521	0.00174	0.00868	0.00434	0.00347	0.01041
13	0.02018	0.01743	0.01835	0.01651	0.02110	0.02018	0.01284	0.04312	0.64956	0.03394	0.03303	0.03027	0.02477	0.01101	0.00826	0.00275	0.00642	0.00917	0.00826	0.01284
14	0.01683	0.01442	0.01683	0.01202	0.01923	0.01082	0.00961	0.02043	0.01683	0.02644	0.01442	0.01683	0.01202	0.00601	0.00601	0.00120	0.00601	0.00481	0.00481	0.76444
15	0.77215	0.01569	0.01193	0.01067	0.01569	0.01820	0.00879	0.02385	0.01381	0.03641	0.01130	0.01318	0.00879	0.00753	0.00502	0.00251	0.00628	0.00439	0.00502	0.00879
16	0.01775	0.01775	0.02485	0.02130	0.02130	0.02485	0.01775	0.01953	0.01243	0.01953	0.01065	0.01775	0.01065	0.01420	0.02663	0.00355	0.69998	0.00710	0.00355	0.00888
17	0.01627	0.04197	0.67279	0.02313	0.03512	0.01884	0.02998	0.02570	0.01713	0.02570	0.01456	0.01713	0.01028	0.00771	0.00771	0.00257	0.01199	0.00600	0.00343	0.01199
18	0.02986	0.02178	0.02330	0.01797	0.02418	0.02406	0.01481	0.59830	0.03682	0.04983	0.01992	0.02016	0.01424	0.00972	0.00796	0.00240	0.00861	0.00732	0.05536	0.01341
19	0.01180	0.00787	0.00885	0.00885	0.00885	0.00787	0.00492	0.01180	0.01180	0.01573	0.02557	0.05310	0.02950	0.71483	0.04130	0.00787	0.00787	0.01180	0.00492	0.00492
20	0.02292	0.01823	0.01990	0.01710	0.02185	0.02094	0.01358	0.15204	0.46060	0.07184	0.02904	0.02733	0.02158	0.01092	0.00938	0.00273	0.05050	0.00864	0.00803	0.01283
21	0.03031	0.03867	0.02299	0.02090	0.02508	0.68226	0.01568	0.03240	0.02299	0.01986	0.01254	0.01463	0.01045	0.00836	0.00732	0.00209	0.01463	0.00523	0.00418	0.00941
22	0.00989	0.00706	0.00942	0.01130	0.01177	0.00659	0.00753	0.01130	0.01554	0.02071	0.04472	0.70954	0.05367	0.02542	0.01036	0.00330	0.00471	0.02307	0.00753	0.00659
23	0.01532	0.01442	0.02434	0.69533	0.05589	0.01803	0.02253	0.02073	0.01622	0.02073	0.01442	0.02163	0.01082	0.00811	0.00811	0.00270	0.01082	0.00721	0.00361	0.00901
24	0.02944	0.02260	0.02352	0.01847	0.02463	0.04752	0.01510	0.53870	0.11718	0.04781	0.02100	0.02072	0.01511	0.00986	0.00811	0.00246	0.00880	0.00748	0.00800	0.01352
25	0.01532	0.01442	0.02434	0.69533	0.05589	0.01803	0.02253	0.02073	0.01622	0.02073	0.01442	0.02163	0.01082	0.00811	0.00811	0.00270	0.01082	0.00721	0.00361	0.00901
26	0.77215	0.01569	0.01193	0.01067	0.01569	0.01820	0.00879	0.02385	0.01381	0.03641	0.01130	0.01318	0.00879	0.00753	0.00502	0.00251	0.00628	0.00439	0.00502	0.00879
27	0.03085	0.02273	0.02435	0.01867	0.02516	0.02516	0.01542	0.63716	0.03815	0.05114	0.01948	0.01948	0.01380	0.00974	0.00812	0.00244	0.00893	0.00731	0.00812	0.01380
28	0.03075	0.02560	0.02411	0.01907	0.02515	0.14354	0.01547	0.52821	0.03542	0.04550	0.01823	0.01861	0.01320	0.00949	0.00797	0.00237	0.00996	0.00693	0.00741	0.01301
29	0.00989	0.00706	0.00942	0.01130	0.01177	0.00659	0.00753	0.01130	0.01554	0.02071	0.04472	0.70954	0.05367	0.02542	0.01036	0.00330	0.00471	0.02307	0.00753	0.00659
30	0.01513	0.00756	0.00756	0.00756	0.00945	0.00756	0.00567	0.01891	0.01702	0.03025	0.02647	0.03025	0.02080	0.00945	0.00567	0.00189	0.00378	0.00756	0.75988	0.00756
31	0.02169	0.71972	0.04252	0.01388	0.02083	0.03211	0.01388	0.02430	0.01649	0.01909	0.01128	0.01302	0.01041	0.00694	0.00521	0.00174	0.00868	0.00434	0.00347	0.01041
32	0.01025	0.00817	0.00924	0.00946	0.01170	0.00716	0.00711	0.01271	0.01907	0.02411	0.19337	0.15149	0.42572	0.02045	0.00979	0.00284	0.00436	0.05815	0.00782	0.00703
33	0.03641	0.01381	0.01883	0.01444	0.02071	0.01193	0.01193	0.03954	0.02322	0.66984	0.03201	0.02762	0.02009	0.01004	0.00816	0.00251	0.00690	0.00816	0.01004	0.01381
34	0.00959	0.00822	0.00822	0.00822	0.01096	0.00685	0.00617	0.01165	0.01850	0.02192	0.08220	0.07809	0.66092	0.02055	0.00959	0.00274	0.00411	0.01713	0.00754	0.00685
35	0.00989	0.00706	0.00942	0.01130	0.01177	0.00659	0.00753	0.01130	0.01554	0.02071	0.04472	0.70954	0.05367	0.02542	0.01036	0.00330	0.00471	0.02307	0.00753	0.00659
36	0.01148	0.00829	0.01085	0.01021	0.01212	0.00766	0.00766	0.01531	0.02297	0.03254	0.65994	0.06061	0.07656	0.01659	0.00957	0.00255	0.00383	0.01467	0.00893	0.00766
37	0.01138	0.00829	0.01070	0.01010	0.01206	0.00761	0.00757	0.01511	0.02272	0.03194	0.62759	0.06159	0.10928	0.01681	0.00957	0.00256	0.00384	0.01481	0.00885	0.00761
38	0.02169	0.71972	0.04252	0.01388	0.02083	0.03211	0.01388	0.02430	0.01649	0.01909	0.01128	0.01302	0.01041	0.00694	0.00521	0.00174	0.00868	0.00434	0.00347	0.01041
39	0.00987	0.00796	0.00883	0.00946	0.01151	0.00692	0.00694	0.01184	0.01767	0.02171	0.06948	0.25612	0.45605	0.02202	0.00990	0.00295	0.00447	0.05197	0.00753	0.00681
40	0.01308	0.00934	0.01308	0.01494	0.01681	0.00934	0.01308	0.01681	0.01868	0.02428	0.04296	0.09153	0.04670	0.02242	0.01121	0.00374	0.00747	0.60960	0.00747	0.00747
41	0.01775	0.01775	0.02485	0.02130	0.02130	0.02485	0.01775	0.01953	0.01243	0.01953	0.01065	0.01775	0.01065	0.01420	0.02663	0.00355	0.69998	0.00710	0.00355	0.00888
42	0.63482	0.01414	0.01147	0.01078	0.01499	0.01611	0.00856	0.02159	0.01412	0.03358	0.01732	0.13863	0.01687	0.01076	0.00598	0.00265	0.00599	0.00776	0.00547	0.00839
43	0.00989	0.00706	0.00942	0.01130	0.01177	0.00659	0.00753	0.01130	0.01554	0.02071	0.04472	0.70954	0.05367	0.02542	0.01036	0.00330	0.00471	0.02307	0.00753	0.00659
44	0.01627	0.04197	0.67279	0.02313	0.03512	0.01884	0.02998	0.02570	0.01713	0.02570	0.01456	0.01713	0.01028	0.00771	0.00771	0.00257	0.01199	0.00600	0.00343	0.01199
45	0.01717	0.01553	0.02145	0.01532	0.02268	0.01226	0.10271	0.02126	0.01717	0.02637	0.01472	0.01758	0.01206	0.00613	0.00654	0.00143	0.00715	0.00552	0.00470	0.65222
46	0.01915	0.02189	0.04788	0.03420	0.04241	0.02052	0.63475	0.02599	0.01915	0.02599	0.01642	0.02189	0.01231	0.00684	0.00958	0.00274	0.01368	0.00958	0.00410	0.01094
47	0.02018	0.01743	0.01835	0.01651	0.02110	0.02018	0.01284	0.04312	0.64956	0.03394	0.03303	0.03027	0.02477	0.01101	0.00826	0.00275	0.00642	0.00917	0.00826	0.01284
48	0.00975	0.00758	0.00888	0.00992	0.01141	0.00671	0.00692	0.01145	0.01686	0.02125	0.06151	0.42665	0.32572	0.02324	0.01001	0.00305	0.00444	0.02041	0.00753	0.00671
49	0.01627	0.04197	0.67279	0.02313	0.03512	0.01884	0.02998	0.02570	0.01713	0.02570	0.01456	0.01713	0.01028	0.00771	0.00771	0.00257	0.01199	0.00600	0.00343	0.01199
50	0.03085	0.02273	0.02435	0.01867	0.02516	0.02516	0.01542	0.63716	0.03815	0.05114	0.01948	0.01948	0.01380	0.00974	0.00812	0.00244	0.00893	0.00731	0.00812	0.01380
51	0.00983	0.00727	0.00920	0.01073	0.01162	0.00664	0.00728	0.01136	0.01608	0.02094	0.05160	0.59359	0.16517	0.02453	0.01022	0.00319	0.00460	0.02198	0.00753	0.00664
52	0.02147	0.02271	0.02340	0.34618	0.03939	0.21775	0.01882	0.06874	0.07955	0.02375	0.01577	0.02000	0.01223	0.00890	0.00889	0.00255	0.04876	0.00680	0.00453	0.00982
53	0.01111	0.00794	0.01082	0.01270	0.01371	0.00765	0.00967	0.01342	0.01675	0.02209	0.04404	0.47156	0.05098	0.02426	0.01068	0.00346	0.00577	0.24893	0.00751	0.00693
54	0.00989	0.00706	0.00942	0.01130	0.01177	0.00659	0.00753	0.01130	0.01554	0.02071	0.04472	0.70954	0.05367	0.02542	0.01036	0.00330	0.00471	0.02307	0.00753	0.00659
55	0.01591	0.01502	0.02540	0.61588	0.13076	0.01818	0.02283	0.02125	0.01650	0.02144	0.01453	0.02144	0.01107	0.00800	0.00810	0.00267	0.01067	0.00721	0.00366	0.00949
56	0.02452	0.02142	0.06866	0.07474	0.13005	0.05470	0.22597	0.10358	0.02212	0.16318	0.01943	0.02184	0.01389	0.00814	0.00854	0.00256	0.01082	0.00804	0.00576	0.01203
57	0.01852	0.01768	0.03011	0.26224	0.46403	0.01887	0.02412	0.02353	0.01774	0.02461	0.01499	0.02059	0.01218	0.00752	0.00806	0.00251	0.01003	0.00722	0.00388	0.01159
58	0.13047	0.01761	0.02525	0.34160	0.24877	0.05673	0.02087	0.02324	0.01700	0.02492	0.01413	0.01946	0.01117	0.00775	0.00758	0.00254	0.00997	0.00668	0.00399	0.01027
59	0.02580	0.01253	0.01551	0.01295	0.01746	0.01203	0.01033	0.03284	0.13858	0.34027	0.12584	0.03356	0.02960	0.01110	0.00794	0.00245	0.00579	0.00922	0.14463	0.01158
60	0.01683	0.01442	0.01683	0.01202	0.01923	0.01082	0.00961	0.02043	0.01683	0.02644	0.01442	0.01683	0.01202	0.00601	0.00601	0.00120	0.00601	0.00481	0.00481	0.76444
61	0.01180	0.00787	0.00885	0.00885	0.00885	0.00787	0.00492	0.01180	0.01180	0.01573	0.02557	0.05310	0.02950	0.71483	0.04130	0.00787	0.00787	0.01180	0.00492	0.00492
62	0.01130	0.00829	0.01059	0.01001	0.01201	0.00758	0.00751	0.01496	0.02253	0.03151	0.60370	0.06231	0.13345	0.01697	0.00957	0.00257	0.00386	0.01491	0.00880	0.00758
63	0.01137	0.00829	0.01068	0.01008	0.01205	0.00761	0.00756	0.01508	0.02269	0.03187	0.62358	0.06171	0.11334	0.01684	0.00957	0.00256	0.00385	0.01483	0.00884	0.00761
64	0.03641	0.01381	0.01883	0.01444	0.02071	0.01193	0.01193	0.03954	0.02322	0.66984	0.03201	0.02762	0.02009	0.01004	0.00816	0.00251	0.00690	0.00816	0.01004	0.01381
65	0.00989	0.00706	0.00942	0.01130	0.01177	0.00659	0.00753	0.01130	0.01554	0.02071	0.04472	0.70954	0.05367	0.02542	0.01036	0.00330	0.00471	0.02307	0.00753	0.00659
66	0.03031	0.03867	0.02299	0.02090	0.02508	0.68226	0.01568	0.03240	0.02299	0.01986	0.01254	0.01463	0.01045	0.00836	0.00732	0.00209	0.01463	0.00523	0.00418	0.00941
67	0.02008	0.01928	0.03294	0.04981	0.66422	0.01928	0.02490	0.02490	0.01848	0.02651	0.01526	0.02008	0.01285	0.00723	0.00803	0.00241	0.00964	0.00723	0.00402	0.01285
68	0.01022	0.00824	0.00910	0.00889	0.01135	0.00712	0.00666	0.01287	0.01999	0.02548	0.27581	0.07223	0.46509	0.01922	0.00958	0.00268	0.00402	0.01630	0.00800	0.00712
69	0.02169	0.71972	0.04252	0.01388	0.02083	0.03211	0.01388	0.02430	0.01649	0.01909	0.01128	0.01302	0.01041	0.00694	0.00521	0.00174	0.00868	0.00434	0.00347	0.01041
70	0.01532	0.01442	0.02434	0.69533	0.05589	0.01803	0.02253	0.02073	0.01622	0.02073	0.01442	0.02163	0.01082	0.00811	0.00811	0.00270	0.01082	0.00721	0.00361	0.00901
71	0.01418	0.00747	0.00790	0.00824	0.00987	0.00739	0.00601	0.01754	0.01675	0.02853	0.02976	0.15263	0.02672	0.01233	0.00652	0.00214	0.00395	0.01036	0.62434	0.00739
72	0.01159	0.00869	0.01304	0.01304	0.01449	0.01014	0.01014	0.01449	0.01304	0.01884	0.02173	0.03188	0.02029	0.06086	0.68268	0.01304	0.02173	0.00869	0.00435	0.00724
73	0.34598	0.15162	0.02158	0.01361	0.01953	0.02123	0.01170	0.15500	0.02105	0.14583	0.01659	0.01697	0.01210	0.00832	0.00625	0.00235	0.00740	0.00564	0.00624	0.01102
74	0.01409	0.00705	0.01057	0.01057	0.01057	0.00705	0.00705	0.01057	0.01057	0.01409	0.01409	0.02467	0.01409	0.02819	0.03171	0.76392	0.00705	0.00705	0.00352	0.00352
75	0.02008	0.01928	0.03294	0.04981	0.66422	0.01928	0.02490	0.02490	0.01848	0.02651	0.01526	0.02008	0.01285	0.00723	0.00803	0.00241	0.00964	0.00723	0.00402	0.01285
76	0.06783	0.01770	0.01882	0.01618	0.02116	0.01994	0.01282	0.14961	0.43275	0.08100	0.05277	0.02823	0.02343	0.01071	0.00808	0.00266	0.00681	0.00868	0.00819	0.01265
77	0.01572	0.01053	0.01382	0.09466	0.01957	0.01143	0.01169	0.02074	0.05769	0.05713	0.07369	0.05013	0.03137	0.01436	0.00954	0.00281	0.04770	0.20159	0.24740	0.00842
78	0.01793	0.06330	0.02129	0.01991	0.15088	0.01367	0.01294	0.02149	0.01726	0.04963	0.01783	0.08146	0.01622	0.00826	0.00685	0.00173	0.00685	0.00708	0.00500	0.46041
79	0.07383	0.54673	0.03630	0.01446	0.02061	0.10815	0.01353	0.02466	0.01688	0.02036	0.01206	0.01435	0.01090	0.01037	0.04590	0.00251	0.01001	0.00471	0.00372	0.00999
80	0.06792	0.01310	0.01582	0.01497	0.01869	0.01359	0.01241	0.07637	0.14171	0.15245	0.03517	0.09239	0.03276	0.01607	0.00937	0.00311	0.00704	0.25877	0.00802	0.01026
81	0.01922	0.01514	0.01756	0.01290	0.01984	0.01243	0.01035	0.06547	0.05648	0.06903	0.01699	0.01849	0.01341	0.00682	0.00642	0.00146	0.00629	0.00545	0.00557	0.62067
82	0.01210	0.00852	0.00954	0.00913	0.01138	0.00753	0.00657	0.01416	0.01834	0.06357	0.18302	0.06641	0.37718	0.15847	0.01586	0.00372	0.00498	0.01500	0.00745	0.00706
83	0.01629	0.01643	0.03103	0.46165	0.04987	0.01833	0.21197	0.02197	0.01710	0.02236	0.01630	0.05031	0.01306	0.00844	0.00866	0.00274	0.01145	0.00860	0.00392	0.00951
84	0.01938	0.36898	0.28512	0.01761	0.02609	0.02492	0.01985	0.06062	0.01797	0.02368	0.01515	0.05884	0.01328	0.00857	0.00668	0.00220	0.00974	0.00634	0.00399	0.01099
85	0.03327	0.01589	0.01976	0.01547	0.02157	0.01540	0.01268	0.14773	0.10843	0.47455	0.02989	0.02650	0.01957	0.01012	0.00816	0.00253	0.00721	0.00814	0.00946	0.01368
86	0.01004	0.00712	0.00937	0.01111	0.01154	0.00669	0.00733	0.01134	0.01524	0.02032	0.04323	0.65822	0.05178	0.07932	0.01278	0.00365	0.00495	0.02219	0.00733	0.00646
87	0.02229	0.06268	0.03178	0.04104	0.49002	0.01921	0.04742	0.02749	0.04207	0.11062	0.01791	0.02107	0.01406	0.00770	0.00794	0.00241	0.00927	0.00734	0.00493	0.01275
88	0.05125	0.01803	0.09616	0.02239	0.06443	0.01712	0.14147	0.01957	0.01570	0.02312	0.02288	0.22774	0.02401	0.01463	0.01396	0.00308	0.19811	0.01219	0.00495	0.00919
89	0.01915	0.02189	0.04788	0.03420	0.04241	0.02052	0.63475	0.02599	0.01915	0.02599	0.01642	0.02189	0.01231	0.00684	0.00958	0.00274	0.01368	0.00958	0.00410	0.01094
90	0.02584	0.09663	0.10079	0.01834	0.02452	0.33902	0.01584	0.06195	0.02141	0.06814	0.01472	0.01633	0.01156	0.00792	0.00703	0.00200	0.01136	0.00547	0.00475	0.14637
91	0.02049	0.14439	0.40852	0.02121	0.03109	0.02136	0.06239	0.10144	0.02015	0.07216	0.01596	0.01779	0.01154	0.00794	0.00751	0.00243	0.01084	0.00627	0.00451	0.01202
92	0.18509	0.01845	0.02117	0.01833	0.02012	0.06784	0.01509	0.05043	0.01472	0.02473	0.01198	0.01743	0.01093	0.01481	0.05745	0.00371	0.42802	0.00648	0.00418	0.00903
93	0.01598	0.01302	0.01472	0.01347	0.01676	0.01413	0.01034	0.02968	0.34685	0.03326	0.33589	0.04493	0.04979	0.01370	0.00889	0.00266	0.00517	0.01183	0.00858	0.01034
94	0.01313	0.01219	0.01979	0.01649	0.02025	0.01137	0.16968	0.01788	0.05832	0.02468	0.11046	0.16702	0.26349	0.01694	0.00971	0.00286	0.00696	0.04360	0.00683	0.00835
95	0.02209	0.06221	0.06255	0.34468	0.03909	0.05413	0.01887	0.08908	0.02037	0.14715	0.01933	0.02465	0.01450	0.00924	0.00802	0.00259	0.00986	0.03547	0.00549	0.01063
96	0.01627	0.04197	0.67279	0.02313	0.03512	0.01884	0.02998	0.02570	0.01713	0.02570	0.01456	0.01713	0.01028	0.00771	0.00771	0.00257	0.01199	0.00600	0.00343	0.01199
97	0.01180	0.00787	0.00885	0.00885	0.00885	0.00787	0.00492	0.01180	0.01180	0.01573	0.02557	0.05310	0.02950	0.71483	0.04130	0.00787	0.00787	0.01180	0.00492	0.00492
98	0.01595	0.03308	0.46245	0.16088	0.03850	0.01823	0.06204	0.02399	0.01680	0.02427	0.01509	0.01925	0.01114	0.01108	0.05032	0.00326	0.01246	0.00662	0.00356	0.01102
99	0.06724	0.40225	0.03282	0.01533	0.02175	0.02794	0.01388	0.19438	0.09985	0.03068	0.01619	0.01691	0.01301	0.00824	0.00637	0.00210	0.00833	0.00575	0.00542	0.01154
100	0.01565	0.01476	0.02493	0.65086	0.09779	0.01811	0.02270	0.02102	0.01638	0.02113	0.01448	0.02153	0.01096	0.00805	0.00811	0.00268	0.01074	0.00721	0.00363	0.00928

[dist]
# distance from previous block
# <min> <max>
0	10

[block]
# block no. 2 follows, 23 sequences, length 15
# corresponding to MSA columns:
# 692-706
name=unknown_C
#
# <colnr> <probs for GDERKNQSTAVLIFYWHMCP>
#	G	D	E	R	K	N	Q	S	T	A	V	L	I	F	Y	W	H	M	C	P
0	0.01853	0.02049	0.04344	0.03398	0.10157	0.01932	0.52611	0.02475	0.01881	0.02564	0.01848	0.07466	0.01555	0.00831	0.00948	0.00275	0.01259	0.01038	0.00436	0.01080
1	0.54206	0.01679	0.01835	0.02264	0.21410	0.01853	0.01372	0.02417	0.01524	0.03338	0.01251	0.01529	0.01003	0.00744	0.00594	0.00248	0.00731	0.00526	0.00471	0.01003
2	0.01029	0.00737	0.00977	0.01103	0.01186	0.00686	0.00756	0.01230	0.01739	0.02367	0.19835	0.54749	0.05938	0.02322	0.01016	0.00311	0.00449	0.02097	0.00788	0.00686
3	0.03031	0.03867	0.02299	0.02090	0.02508	0.68226	0.01568	0.03240	0.02299	0.01986	0.01254	0.01463	0.01045	0.00836	0.00732	0.00209	0.01463	0.00523	0.00418	0.00941
4	0.03210	0.01610	0.01974	0.01548	0.02141	0.01582	0.01267	0.18786	0.08891	0.41885	0.06206	0.02759	0.02195	0.01041	0.00823	0.00252	0.00720	0.00839	0.00933	0.01339
5	0.02457	0.03445	0.35489	0.02050	0.02919	0.18286	0.02211	0.03067	0.02005	0.17754	0.01821	0.01900	0.01266	0.00843	0.00772	0.00244	0.01144	0.00632	0.00519	0.01178
6	0.01028	0.00754	0.00965	0.01061	0.01176	0.00691	0.00739	0.01243	0.01793	0.02408	0.21677	0.45322	0.13668	0.02240	0.01005	0.00302	0.00439	0.02003	0.00791	0.00691
7	0.01159	0.00869	0.01304	0.01304	0.01449	0.01014	0.01014	0.01449	0.01304	0.01884	0.02173	0.03188	0.02029	0.06086	0.68268	0.01304	0.02173	0.00869	0.00435	0.00724
8	0.01344	0.00748	0.01122	0.01122	0.01159	0.00786	0.00786	0.01159	0.01122	0.01533	0.01609	0.02655	0.01571	0.03672	0.20181	0.56772	0.01088	0.00748	0.00374	0.00450
9	0.01626	0.02834	0.34145	0.30362	0.10595	0.01855	0.02640	0.02357	0.01689	0.02373	0.01457	0.01928	0.01076	0.00783	0.00791	0.00261	0.01127	0.00662	0.00356	0.01085
10	0.02601	0.03135	0.02052	0.01942	0.02302	0.51422	0.01503	0.02851	0.02192	0.02096	0.02014	0.03384	0.01950	0.01187	0.00829	0.00250	0.01284	0.15615	0.00500	0.00892
11	0.20912	0.21655	0.02881	0.02588	0.23694	0.07304	0.01641	0.02606	0.05242	0.02681	0.01394	0.01653	0.01164	0.00752	0.00644	0.00224	0.00873	0.00567	0.00436	0.01089
12	0.02236	0.66673	0.04100	0.01443	0.02116	0.08269	0.01402	0.02493	0.01699	0.01915	0.01138	0.01314	0.01042	0.00705	0.00537	0.00176	0.00914	0.00441	0.00353	0.01033
13	0.01517	0.18750	0.02018	0.01219	0.01654	0.01439	0.00982	0.01762	0.01621	0.02224	0.02616	0.30220	0.02883	0.01427	0.00761	0.00220	0.00614	0.01224	0.00560	0.26289
14	0.18692	0.19161	0.02538	0.05351	0.10759	0.02044	0.01411	0.02977	0.08048	0.18796	0.01931	0.01980	0.01425	0.00835	0.00673	0.00234	0.00773	0.00632	0.00600	0.01140

[dist]
# distance from previous block
# <min> <max>
0	4

[block]
# block no. 3 follows, 23 sequences, length 40
# corresponding to MSA columns:
# 711-750
name=unknown_D
#
# <colnr> <probs for GDERKNQSTAVLIFYWHMCP>
#	G	D	E	R	K	N	Q	S	T	A	V	L	I	F	Y	W	H	M	C	P
0	0.02204	0.19725	0.02831	0.18194	0.03016	0.13747	0.01704	0.02508	0.01718	0.07925	0.01400	0.01786	0.01146	0.00951	0.01172	0.00254	0.17691	0.00620	0.00425	0.00984
1	0.01704	0.01394	0.01506	0.01383	0.01695	0.01559	0.01023	0.03192	0.41443	0.02918	0.10546	0.03963	0.03210	0.18918	0.01675	0.00402	0.00648	0.01049	0.00749	0.01023
2	0.01069	0.00826	0.00975	0.00938	0.01164	0.00732	0.00703	0.01378	0.02110	0.02810	0.41863	0.06791	0.32064	0.01824	0.00958	0.00263	0.00395	0.01570	0.00835	0.00732
3	0.02731	0.02063	0.02245	0.01699	0.02367	0.02154	0.01396	0.48161	0.03277	0.04491	0.01821	0.01881	0.01335	0.00880	0.00759	0.00212	0.00819	0.00668	0.00728	0.20312
4	0.01025	0.00733	0.00980	0.01145	0.01215	0.00688	0.00792	0.01204	0.01643	0.02204	0.10087	0.60795	0.05529	0.02441	0.01034	0.00326	0.00482	0.06238	0.00766	0.00675
5	0.01070	0.00826	0.00976	0.00938	0.01164	0.00732	0.00704	0.01379	0.02111	0.02813	0.42008	0.06787	0.31917	0.01823	0.00958	0.00263	0.00395	0.01569	0.00835	0.00732
6	0.01683	0.01442	0.01683	0.01202	0.01923	0.01082	0.00961	0.02043	0.01683	0.02644	0.01442	0.01683	0.01202	0.00601	0.00601	0.00120	0.00601	0.00481	0.00481	0.76444
7	0.02018	0.01743	0.01835	0.01651	0.02110	0.02018	0.01284	0.04312	0.64956	0.03394	0.03303	0.03027	0.02477	0.01101	0.00826	0.00275	0.00642	0.00917	0.00826	0.01284
8	0.03085	0.02273	0.02435	0.01867	0.02516	0.02516	0.01542	0.63716	0.03815	0.05114	0.01948	0.01948	0.01380	0.00974	0.00812	0.00244	0.00893	0.00731	0.00812	0.01380
9	0.03641	0.01381	0.01883	0.01444	0.02071	0.01193	0.01193	0.03954	0.02322	0.66984	0.03201	0.02762	0.02009	0.01004	0.00816	0.00251	0.00690	0.00816	0.01004	0.01381
10	0.01023	0.00824	0.00910	0.00889	0.01135	0.00712	0.00667	0.01288	0.02000	0.02549	0.27652	0.07221	0.46437	0.01922	0.00958	0.00268	0.00402	0.01630	0.00800	0.00712
11	0.02547	0.02006	0.02132	0.01758	0.02311	0.02265	0.01412	0.33744	0.34663	0.04246	0.02632	0.02493	0.01933	0.01038	0.00819	0.00260	0.00766	0.00825	0.00819	0.01332
12	0.77215	0.01569	0.01193	0.01067	0.01569	0.01820	0.00879	0.02385	0.01381	0.03641	0.01130	0.01318	0.00879	0.00753	0.00502	0.00251	0.00628	0.00439	0.00502	0.00879
13	0.01627	0.04197	0.67279	0.02313	0.03512	0.01884	0.02998	0.02570	0.01713	0.02570	0.01456	0.01713	0.01028	0.00771	0.00771	0.00257	0.01199	0.00600	0.00343	0.01199
14	0.77215	0.01569	0.01193	0.01067	0.01569	0.01820	0.00879	0.02385	0.01381	0.03641	0.01130	0.01318	0.00879	0.00753	0.00502	0.00251	0.00628	0.00439	0.00502	0.00879
15	0.01083	0.00827	0.00994	0.00952	0.01172	0.00738	0.00714	0.01404	0.02142	0.02886	0.45988	0.06666	0.27892	0.01796	0.00958	0.00262	0.00393	0.01552	0.00845	0.00738
16	0.01844	0.01636	0.02469	0.01778	0.02502	0.01370	0.16743	0.04387	0.01836	0.04672	0.01601	0.01894	0.01267	0.00658	0.00704	0.00169	0.00800	0.00629	0.02870	0.50171
17	0.02169	0.71972	0.04252	0.01388	0.02083	0.03211	0.01388	0.02430	0.01649	0.01909	0.01128	0.01302	0.01041	0.00694	0.00521	0.00174	0.00868	0.00434	0.00347	0.01041
18	0.01028	0.00745	0.00973	0.01102	0.01196	0.00690	0.00766	0.01226	0.01723	0.02313	0.16228	0.52551	0.09718	0.02335	0.01019	0.00314	0.00460	0.04151	0.00779	0.00684
19	0.00989	0.00706	0.00942	0.01130	0.01177	0.00659	0.00753	0.01130	0.01554	0.02071	0.04472	0.70954	0.05367	0.02542	0.01036	0.00330	0.00471	0.02307	0.00753	0.00659
20	0.10915	0.01061	0.01384	0.07586	0.01965	0.01095	0.01217	0.01935	0.01770	0.09355	0.03562	0.19320	0.03729	0.01855	0.00966	0.00327	0.00701	0.29719	0.00710	0.00827
21	0.01244	0.00895	0.01183	0.01324	0.01463	0.00901	0.01029	0.01645	0.07449	0.02295	0.04083	0.34404	0.04543	0.02304	0.01198	0.05540	0.00617	0.26421	0.00730	0.00732
22	0.01003	0.00717	0.00955	0.01120	0.01180	0.00669	0.00754	0.01167	0.01622	0.02180	0.10099	0.65018	0.05576	0.02461	0.01028	0.00323	0.00463	0.02230	0.00766	0.00669
23	0.01524	0.01126	0.01240	0.01176	0.01455	0.01196	0.00890	0.02555	0.24452	0.03068	0.18148	0.10262	0.08060	0.01386	0.00819	0.00254	0.00484	0.01184	0.19787	0.00934
24	0.01915	0.01854	0.03288	0.27107	0.23403	0.01969	0.17701	0.07971	0.01965	0.02659	0.01564	0.02103	0.01208	0.00767	0.00846	0.00260	0.01101	0.00782	0.00427	0.01110
25	0.01058	0.00767	0.01026	0.01190	0.01284	0.00736	0.00865	0.01256	0.01615	0.02134	0.04531	0.50790	0.08962	0.02689	0.05500	0.00399	0.00631	0.13154	0.00731	0.00682
26	0.02619	0.01810	0.02001	0.01667	0.02209	0.01985	0.01334	0.19784	0.36542	0.16451	0.02928	0.02692	0.02097	0.01049	0.00820	0.00262	0.00717	0.00848	0.00857	0.01328
27	0.01886	0.02138	0.04649	0.03330	0.04127	0.02004	0.61124	0.02559	0.01929	0.02624	0.04054	0.02334	0.01472	0.00721	0.00958	0.00273	0.01331	0.00977	0.00428	0.01082
28	0.01730	0.10091	0.35498	0.15269	0.07829	0.02030	0.11478	0.02461	0.01727	0.02418	0.01452	0.01845	0.01085	0.00755	0.00782	0.00252	0.01153	0.00666	0.00360	0.01117
29	0.01615	0.01494	0.02505	0.37740	0.23722	0.01705	0.02113	0.02095	0.01637	0.02219	0.01595	0.02292	0.01308	0.01695	0.12467	0.00440	0.01234	0.00747	0.00386	0.00990
30	0.01172	0.00854	0.01142	0.01306	0.01463	0.00824	0.01062	0.01458	0.01775	0.02296	0.04834	0.26770	0.12502	0.02305	0.01076	0.00349	0.00626	0.36721	0.00750	0.00714
31	0.02781	0.01607	0.06060	0.01587	0.02170	0.01378	0.04639	0.05451	0.10802	0.36402	0.02647	0.02567	0.01823	0.01174	0.01088	0.09304	0.00755	0.00786	0.00787	0.06191
32	0.02121	0.07186	0.11598	0.06142	0.41519	0.02100	0.02323	0.12061	0.02116	0.02953	0.01552	0.01916	0.01242	0.00770	0.00781	0.00240	0.00981	0.00688	0.00453	0.01258
33	0.02339	0.02008	0.02917	0.14373	0.15085	0.02218	0.10240	0.27802	0.02579	0.03503	0.01660	0.02013	0.01262	0.00901	0.00999	0.00262	0.07324	0.00756	0.00562	0.01196
34	0.00985	0.00722	0.00925	0.01087	0.01166	0.00663	0.00734	0.01135	0.01595	0.02088	0.04992	0.62201	0.13784	0.02475	0.01025	0.00322	0.00462	0.02224	0.00753	0.00663
35	0.02612	0.01300	0.01690	0.01496	0.01953	0.01252	0.01245	0.03287	0.13002	0.35301	0.03570	0.04856	0.02943	0.01418	0.00915	0.00295	0.00700	0.20112	0.00891	0.01161
36	0.01213	0.00762	0.00961	0.00979	0.01000	0.00758	0.00609	0.01171	0.01258	0.01693	0.05925	0.12341	0.03071	0.39923	0.05584	0.19790	0.00755	0.01198	0.00507	0.00499
37	0.01614	0.01244	0.01501	0.01356	0.01609	0.01382	0.01074	0.07809	0.13025	0.03191	0.28897	0.04440	0.04441	0.01423	0.01113	0.00271	0.09775	0.05184	0.09725	0.00925
38	0.02351	0.34811	0.10680	0.01491	0.02180	0.02198	0.01466	0.02715	0.01797	0.18448	0.01807	0.01917	0.01385	0.01268	0.06827	0.00303	0.00964	0.00593	0.00529	0.06269
39	0.01899	0.10993	0.09628	0.01504	0.01989	0.24349	0.01320	0.02200	0.01963	0.02131	0.04155	0.04108	0.28048	0.01317	0.00805	0.00237	0.00922	0.01015	0.00540	0.00878

[dist]
# distance from previous block
# <min> <max>
0	1

[block]
# block no. 4 follows, 23 sequences, length 42
# corresponding to MSA columns:
# 752-793
name=unknown_E
#
# <colnr> <probs for GDERKNQSTAVLIFYWHMCP>
#	G	D	E	R	K	N	Q	S	T	A	V	L	I	F	Y	W	H	M	C	P
0	0.01018	0.00729	0.00968	0.01110	0.01183	0.00678	0.00755	0.01203	0.01689	0.02286	0.15663	0.59150	0.05783	0.02381	0.01021	0.00316	0.00455	0.02154	0.00779	0.00678
1	0.01900	0.02362	0.11393	0.03582	0.15471	0.02011	0.45726	0.02576	0.01881	0.02605	0.01600	0.02104	0.01219	0.00701	0.00909	0.00266	0.01276	0.00876	0.00401	0.01141
2	0.02127	0.00937	0.01081	0.00955	0.01270	0.00882	0.00748	0.02486	0.01881	0.21483	0.02807	0.02949	0.02059	0.00962	0.00639	0.00207	0.00468	0.00774	0.54348	0.00937
3	0.02018	0.01743	0.01835	0.01651	0.02110	0.02018	0.01284	0.04312	0.64956	0.03394	0.03303	0.03027	0.02477	0.01101	0.00826	0.00275	0.00642	0.00917	0.00826	0.01284
4	0.01148	0.00829	0.01085	0.01021	0.01212	0.00766	0.00766	0.01531	0.02297	0.03254	0.65994	0.06061	0.07656	0.01659	0.00957	0.00255	0.00383	0.01467	0.00893	0.00766
5	0.00989	0.00706	0.00942	0.01130	0.01177	0.00659	0.00753	0.01130	0.01554	0.02071	0.04472	0.70954	0.05367	0.02542	0.01036	0.00330	0.00471	0.02307	0.00753	0.00659
6	0.01627	0.04197	0.67279	0.02313	0.03512	0.01884	0.02998	0.02570	0.01713	0.02570	0.01456	0.01713	0.01028	0.00771	0.00771	0.00257	0.01199	0.00600	0.00343	0.01199
7	0.01305	0.01029	0.01486	0.01741	0.13074	0.00977	0.01079	0.01706	0.02215	0.03144	0.54267	0.05324	0.06497	0.01489	0.00929	0.00253	0.00489	0.01332	0.00804	0.00860
8	0.02008	0.01928	0.03294	0.04981	0.66422	0.01928	0.02490	0.02490	0.01848	0.02651	0.01526	0.02008	0.01285	0.00723	0.00803	0.00241	0.00964	0.00723	0.00402	0.01285
9	0.01798	0.00973	0.01293	0.01131	0.01436	0.00877	0.00877	0.02163	0.02304	0.19875	0.49617	0.05201	0.06183	0.01488	0.00920	0.00254	0.00463	0.01298	0.00922	0.00926
10	0.00998	0.00825	0.00879	0.00893	0.01145	0.00706	0.00677	0.01226	0.01877	0.02294	0.12851	0.10324	0.54813	0.02052	0.00972	0.00281	0.00431	0.05297	0.00765	0.00695
11	0.01769	0.21873	0.50841	0.02072	0.03139	0.02230	0.02578	0.02533	0.01696	0.02397	0.01371	0.01606	0.01031	0.00751	0.00706	0.00235	0.01113	0.00556	0.00344	0.01158
12	0.77215	0.01569	0.01193	0.01067	0.01569	0.01820	0.00879	0.02385	0.01381	0.03641	0.01130	0.01318	0.00879	0.00753	0.00502	0.00251	0.00628	0.00439	0.00502	0.00879
13	0.00989	0.00706	0.00942	0.01130	0.01177	0.00659	0.00753	0.01130	0.01554	0.02071	0.04472	0.70954	0.05367	0.02542	0.01036	0.00330	0.00471	0.02307	0.00753	0.00659
14	0.77215	0.01569	0.01193	0.01067	0.01569	0.01820	0.00879	0.02385	0.01381	0.03641	0.01130	0.01318	0.00879	0.00753	0.00502	0.00251	0.00628	0.00439	0.00502	0.00879
15	0.01974	0.01501	0.01701	0.01592	0.01995	0.01664	0.01282	0.03595	0.43057	0.08670	0.03553	0.04602	0.03008	0.01390	0.00902	0.00299	0.00674	0.16568	0.00821	0.01153
16	0.02018	0.01743	0.01835	0.01651	0.02110	0.02018	0.01284	0.04312	0.64956	0.03394	0.03303	0.03027	0.02477	0.01101	0.00826	0.00275	0.00642	0.00917	0.00826	0.01284
17	0.01006	0.00792	0.00908	0.00946	0.01142	0.00695	0.00684	0.01231	0.01862	0.02379	0.19133	0.24423	0.37711	0.02104	0.00979	0.00285	0.00421	0.01822	0.00782	0.00695
18	0.02169	0.71972	0.04252	0.01388	0.02083	0.03211	0.01388	0.02430	0.01649	0.01909	0.01128	0.01302	0.01041	0.00694	0.00521	0.00174	0.00868	0.00434	0.00347	0.01041
19	0.01558	0.01259	0.01437	0.01317	0.01635	0.01355	0.01010	0.02839	0.31770	0.03320	0.36506	0.04634	0.05220	0.01396	0.00895	0.00265	0.00505	0.01209	0.00861	0.01010
20	0.00973	0.00798	0.00858	0.00894	0.01118	0.00683	0.00651	0.01173	0.01807	0.02212	0.09901	0.20764	0.51081	0.02139	0.00975	0.00285	0.00422	0.01825	0.00759	0.00683
21	0.01020	0.00738	0.00965	0.01091	0.01180	0.00682	0.00748	0.01215	0.01723	0.02322	0.17370	0.54124	0.09147	0.02333	0.01015	0.00311	0.00449	0.02101	0.00782	0.00682
22	0.01148	0.00829	0.01085	0.01021	0.01212	0.00766	0.00766	0.01531	0.02297	0.03254	0.65994	0.06061	0.07656	0.01659	0.00957	0.00255	0.00383	0.01467	0.00893	0.00766
23	0.02974	0.08407	0.02430	0.02044	0.02480	0.63892	0.01556	0.03186	0.02256	0.01981	0.01246	0.01453	0.01045	0.00827	0.00718	0.00207	0.01424	0.00517	0.00413	0.00947
24	0.77215	0.01569	0.01193	0.01067	0.01569	0.01820	0.00879	0.02385	0.01381	0.03641	0.01130	0.01318	0.00879	0.00753	0.00502	0.00251	0.00628	0.00439	0.00502	0.00879
25	0.02018	0.01656	0.02129	0.13496	0.09518	0.01911	0.01573	0.16278	0.15080	0.03123	0.02104	0.02518	0.01683	0.04735	0.04601	0.00342	0.08208	0.00796	0.07145	0.01085
26	0.00989	0.00706	0.00942	0.01130	0.01177	0.00659	0.00753	0.01130	0.01554	0.02071	0.04472	0.70954	0.05367	0.02542	0.01036	0.00330	0.00471	0.02307	0.00753	0.00659
27	0.01992	0.02331	0.15143	0.25194	0.10390	0.04778	0.02196	0.14103	0.02064	0.02796	0.01495	0.01939	0.01146	0.00905	0.01039	0.00268	0.09989	0.00690	0.00450	0.01091
28	0.01565	0.03410	0.49806	0.02174	0.03157	0.01696	0.07849	0.02383	0.01837	0.02697	0.13211	0.02545	0.02251	0.00925	0.00821	0.00258	0.01065	0.00789	0.00449	0.01111
29	0.77215	0.01569	0.01193	0.01067	0.01569	0.01820	0.00879	0.02385	0.01381	0.03641	0.01130	0.01318	0.00879	0.00753	0.00502	0.00251	0.00628	0.00439	0.00502	0.00879
30	0.02387	0.44845	0.03914	0.01805	0.02512	0.02643	0.13306	0.04935	0.01885	0.12452	0.01585	0.01727	0.01243	0.00751	0.00662	0.00208	0.00937	0.00606	0.00480	0.01118
31	0.02036	0.01700	0.02077	0.11699	0.09410	0.01933	0.01546	0.03779	0.45810	0.06591	0.02843	0.02782	0.02126	0.01014	0.00821	0.00270	0.00742	0.00863	0.00724	0.01235
32	0.01543	0.00947	0.01083	0.01009	0.01348	0.00811	0.00795	0.01785	0.01949	0.15581	0.06843	0.06884	0.47531	0.01854	0.00944	0.00278	0.00498	0.06678	0.00805	0.00834
33	0.01148	0.00829	0.01085	0.01021	0.01212	0.00766	0.00766	0.01531	0.02297	0.03254	0.65994	0.06061	0.07656	0.01659	0.00957	0.00255	0.00383	0.01467	0.00893	0.00766
