[name]
unknown

[dist]
# distance from previous block
# <min> <max>
0	214

[block]
# block no. 0 follows, 21 sequences, length 8
# corresponding to MSA columns:
# 225-232
name=unknown_A
#
# <colnr> <probs for GDERKNQSTAVLIFYWHMCP>
#	G	D	E	R	K	N	Q	S	T	A	V	L	I	F	Y	W	H	M	C	P
0	0.02227	0.01350	0.01780	0.08451	0.02351	0.01239	0.01275	0.02730	0.05526	0.20735	0.09968	0.04033	0.02947	0.01214	0.00864	0.00251	0.00711	0.10307	0.00765	0.21275
1	0.02145	0.02147	0.02220	0.05097	0.02399	0.17382	0.05413	0.09829	0.04602	0.02845	0.14491	0.04915	0.02870	0.03492	0.05178	0.00357	0.12069	0.00959	0.00607	0.00985
2	0.01797	0.00992	0.01299	0.01175	0.01474	0.00890	0.00897	0.02135	0.02281	0.18080	0.37849	0.13575	0.10706	0.01723	0.00979	0.00278	0.00493	0.01505	0.00935	0.00938
3	0.02676	0.12650	0.02729	0.17937	0.03346	0.42329	0.01791	0.02986	0.02146	0.02094	0.01345	0.01688	0.01105	0.00850	0.00757	0.00230	0.01352	0.00585	0.00414	0.00991
4	0.02515	0.01683	0.01874	0.01527	0.02039	0.01737	0.01228	0.31367	0.03023	0.12957	0.07348	0.08746	0.17354	0.01456	0.00914	0.00271	0.00724	0.01188	0.00866	0.01183
5	0.21038	0.01535	0.01795	0.01441	0.02050	0.01498	0.01181	0.03790	0.08426	0.44231	0.02846	0.02561	0.01872	0.01000	0.00778	0.00266	0.00703	0.00772	0.00907	0.01311
6	0.01751	0.02208	0.17145	0.01541	0.02418	0.01337	0.01522	0.02276	0.01772	0.02754	0.01516	0.01772	0.01217	0.00673	0.00673	0.00161	0.00781	0.00534	0.00469	0.57479
7	0.01901	0.14220	0.07980	0.01483	0.01941	0.04944	0.01291	0.10099	0.08488	0.02955	0.17133	0.05736	0.03449	0.13114	0.01435	0.00349	0.00801	0.01026	0.00660	0.00993

[dist]
# distance from previous block
# <min> <max>
5	27

[block]
# block no. 1 follows, 21 sequences, length 31
# corresponding to MSA columns:
# 262-292
name=unknown_B
#
# <colnr> <probs for GDERKNQSTAVLIFYWHMCP>
#	G	D	E	R	K	N	Q	S	T	A	V	L	I	F	Y	W	H	M	C	P
0	0.01881	0.11688	0.02025	0.06676	0.02078	0.01690	0.01190	0.13816	0.05346	0.05041	0.12567	0.14892	0.09809	0.06186	0.01122	0.00308	0.00713	0.01265	0.00721	0.00986
1	0.06566	0.06516	0.02352	0.02117	0.11440	0.05028	0.01488	0.06546	0.13966	0.25893	0.02552	0.02456	0.01812	0.00951	0.00796	0.00248	0.00810	0.00768	0.00768	0.06926
2	0.12523	0.01846	0.02130	0.02173	0.13445	0.04959	0.01452	0.05679	0.15351	0.11978	0.02181	0.02241	0.01640	0.00878	0.00754	0.00233	0.00784	0.00707	0.00660	0.18389
3	0.07613	0.02288	0.02364	0.11987	0.07195	0.11338	0.01692	0.23681	0.16519	0.03735	0.02094	0.02221	0.01569	0.00972	0.00820	0.00262	0.00977	0.00757	0.00674	0.01242
4	0.07495	0.02663	0.20542	0.04676	0.09421	0.02005	0.12007	0.13945	0.02337	0.13775	0.01946	0.02128	0.01373	0.00869	0.00842	0.00267	0.01068	0.00760	0.00597	0.01283
5	0.01849	0.01793	0.02639	0.10011	0.23685	0.05001	0.08416	0.02615	0.12159	0.02684	0.03197	0.08577	0.11289	0.01197	0.00905	0.00277	0.00913	0.01096	0.00577	0.01118
6	0.01983	0.01798	0.07392	0.07826	0.02964	0.01588	0.17791	0.02766	0.10473	0.12183	0.11380	0.03868	0.11774	0.01192	0.00935	0.00280	0.00901	0.01113	0.00693	0.01102
7	0.01159	0.00878	0.01244	0.11190	0.01941	0.00899	0.01046	0.01376	0.01636	0.02163	0.04066	0.51036	0.04734	0.06973	0.01278	0.00372	0.00632	0.05944	0.00709	0.00724
8	0.02635	0.01938	0.02127	0.02175	0.11588	0.11317	0.01484	0.03490	0.17628	0.21466	0.03086	0.03040	0.06209	0.01508	0.06102	0.00351	0.00980	0.00890	0.00753	0.01234
9	0.01553	0.17022	0.02149	0.05910	0.01955	0.01703	0.01201	0.02006	0.06417	0.02435	0.14142	0.14629	0.06984	0.02266	0.10941	0.00438	0.05526	0.01207	0.00618	0.00899
10	0.02885	0.03586	0.02256	0.02069	0.02465	0.56866	0.01557	0.03117	0.02256	0.02067	0.01460	0.01805	0.01250	0.01700	0.10628	0.00391	0.01646	0.00602	0.00441	0.00953
11	0.12665	0.01386	0.01957	0.01584	0.02074	0.01267	0.11088	0.01987	0.01818	0.02869	0.11299	0.18732	0.03238	0.01317	0.00841	0.00247	0.00704	0.01190	0.00626	0.23111
12	0.01923	0.01813	0.02778	0.02434	0.11623	0.01644	0.15199	0.02703	0.11133	0.02882	0.01868	0.02148	0.01482	0.00748	0.00782	0.00206	0.00876	0.00725	0.00530	0.36503
13	0.02128	0.01159	0.01545	0.01505	0.06614	0.01034	0.01064	0.02469	0.02269	0.24411	0.25129	0.05263	0.18855	0.01524	0.00940	0.00270	0.00568	0.01303	0.00901	0.01048
14	0.08663	0.11001	0.24967	0.11776	0.03227	0.02065	0.02108	0.09898	0.02116	0.10138	0.04914	0.02166	0.01590	0.00905	0.00779	0.00258	0.01001	0.00701	0.00546	0.01183
15	0.02249	0.02082	0.08665	0.11936	0.06091	0.02071	0.01822	0.19371	0.12555	0.05906	0.07153	0.02918	0.02211	0.01142	0.01059	0.00284	0.07314	0.03289	0.00678	0.01204
16	0.02109	0.01882	0.01798	0.01671	0.02034	0.11369	0.01294	0.12131	0.21883	0.03121	0.03216	0.14195	0.03046	0.06199	0.01166	0.00334	0.00842	0.09891	0.00752	0.01065
17	0.01302	0.00952	0.01281	0.01340	0.01488	0.01007	0.00996	0.06226	0.01740	0.02376	0.03550	0.35316	0.03917	0.03928	0.26031	0.00730	0.01226	0.05144	0.00667	0.00784
18	0.03502	0.01573	0.02366	0.02052	0.08651	0.01400	0.06204	0.03880	0.02352	0.54085	0.03050	0.02769	0.01965	0.00997	0.00866	0.00264	0.00810	0.00858	0.00940	0.01414
19	0.01668	0.01416	0.01734	0.06594	0.02214	0.01146	0.01086	0.02065	0.01856	0.02821	0.10905	0.02492	0.02262	0.00814	0.00704	0.00160	0.00637	0.00679	0.00559	0.58188
20	0.01277	0.00974	0.01205	0.01191	0.01352	0.00997	0.00859	0.01736	0.08083	0.02669	0.25393	0.20197	0.09879	0.12243	0.04859	0.00431	0.03502	0.01592	0.00775	0.00787
21	0.01635	0.01641	0.02161	0.01839	0.02193	0.10940	0.14546	0.02007	0.02060	0.02626	0.19625	0.18627	0.08465	0.01829	0.03783	0.00334	0.00915	0.03219	0.00682	0.00875
22	0.65296	0.01616	0.01359	0.01178	0.01725	0.01811	0.00971	0.02748	0.01596	0.13022	0.01510	0.01609	0.01099	0.00829	0.00576	0.00263	0.00668	0.00520	0.00605	0.01000
23	0.01656	0.01397	0.01648	0.01249	0.01900	0.01068	0.00976	0.02000	0.01744	0.02683	0.01988	0.11898	0.01914	0.00935	0.00698	0.00159	0.00610	0.00791	0.00547	0.64140
24	0.02315	0.02366	0.19559	0.02349	0.08207	0.01714	0.09076	0.02850	0.01964	0.20490	0.02730	0.05554	0.06666	0.01128	0.01108	0.00285	0.08882	0.00931	0.00625	0.01202
25	0.09039	0.17987	0.02643	0.01718	0.02184	0.15877	0.01424	0.10499	0.02143	0.08999	0.03505	0.02151	0.01572	0.05707	0.01257	0.00288	0.10701	0.00683	0.00556	0.01066
26	0.13249	0.06277	0.01952	0.01336	0.02034	0.01499	0.01103	0.05596	0.01956	0.15022	0.01822	0.01912	0.01371	0.00761	0.00664	0.00183	0.00687	0.00575	0.00621	0.41380
27	0.05409	0.07492	0.02019	0.01974	0.11072	0.05534	0.01303	0.02130	0.06470	0.02274	0.02232	0.07639	0.02205	0.16583	0.16847	0.00637	0.05803	0.00967	0.00507	0.00902
28	0.02573	0.01551	0.02201	0.11249	0.02766	0.01581	0.06249	0.11687	0.05421	0.24322	0.07485	0.03478	0.02508	0.04880	0.04353	0.00360	0.00930	0.04446	0.00785	0.01175
29	0.02470	0.01652	0.02214	0.25163	0.03527	0.01832	0.01719	0.10952	0.15488	0.18695	0.02613	0.02958	0.01922	0.01064	0.00872	0.00281	0.00889	0.03739	0.00734	0.01215
30	0.02510	0.10782	0.14921	0.02000	0.02569	0.13777	0.01873	0.03047	0.06092	0.14435	0.01831	0.02020	0.01394	0.01050	0.01274	0.00276	0.17766	0.00689	0.00545	0.01151

[dist]
# distance from previous block
# <min> <max>
1	18

[block]
# block no. 2 follows, 21 sequences, length 23
# corresponding to MSA columns:
# 311-333
name=unknown_C
#
# <colnr> <probs for GDERKNQSTAVLIFYWHMCP>
#	G	D	E	R	K	N	Q	S	T	A	V	L	I	F	Y	W	H	M	C	P
0	0.01393	0.01556	0.10406	0.01660	0.02076	0.01204	0.09977	0.01874	0.02003	0.02840	0.31566	0.04570	0.04734	0.07111	0.12737	0.00503	0.01026	0.01208	0.00672	0.00886
1	0.11448	0.01276	0.01881	0.01766	0.07035	0.01240	0.09787	0.01935	0.02137	0.03206	0.36124	0.04925	0.11046	0.01423	0.00926	0.00271	0.00639	0.01277	0.00751	0.00906
2	0.01827	0.12998	0.48650	0.02464	0.03593	0.02189	0.11411	0.02680	0.01818	0.02606	0.01509	0.01811	0.01111	0.00784	0.00802	0.00260	0.01237	0.00660	0.00370	0.01219
3	0.02042	0.07484	0.03127	0.12437	0.05100	0.01986	0.18142	0.05286	0.06518	0.06813	0.02206	0.03217	0.01879	0.01085	0.01057	0.00285	0.06518	0.08645	0.00556	0.05618
4	0.02694	0.01741	0.02392	0.01907	0.02494	0.01769	0.10070	0.11526	0.19777	0.23343	0.07337	0.03337	0.02590	0.01139	0.00905	0.00279	0.00821	0.03716	0.00862	0.01299
5	0.02482	0.11631	0.11980	0.01916	0.06719	0.07794	0.01637	0.08617	0.02352	0.17591	0.15595	0.03007	0.02888	0.01081	0.00829	0.00248	0.00876	0.00871	0.00707	0.01180
6	0.01695	0.01394	0.01427	0.01496	0.01737	0.10439	0.01199	0.01985	0.01984	0.06811	0.04438	0.20916	0.10607	0.02094	0.01056	0.00337	0.00788	0.28010	0.00755	0.00833
7	0.01940	0.24947	0.38020	0.02496	0.11427	0.02421	0.02541	0.02638	0.01794	0.02488	0.01429	0.01702	0.01119	0.00776	0.00730	0.00240	0.01115	0.00591	0.00369	0.01218
8	0.08579	0.29586	0.08689	0.02440	0.16596	0.02574	0.01824	0.10671	0.02114	0.07320	0.01577	0.01771	0.01254	0.00809	0.00697	0.00228	0.00932	0.00609	0.00504	0.01223
9	0.01439	0.01067	0.01384	0.10159	0.01899	0.01176	0.01002	0.01885	0.10369	0.02128	0.06198	0.04173	0.02737	0.30100	0.11354	0.09606	0.01002	0.01048	0.00548	0.00727
10	0.02464	0.14623	0.02621	0.01757	0.02304	0.10484	0.05601	0.18194	0.13418	0.03421	0.02159	0.02282	0.01667	0.00946	0.00751	0.00235	0.00897	0.00738	0.14270	0.01165
11	0.01233	0.00832	0.00959	0.00949	0.00978	0.00822	0.00557	0.01291	0.01407	0.01906	0.11625	0.05683	0.03810	0.60176	0.03849	0.00744	0.00764	0.01281	0.00577	0.00557
12	0.02300	0.26893	0.16915	0.02381	0.12725	0.02450	0.02027	0.02762	0.01829	0.11477	0.01633	0.01861	0.01281	0.00889	0.00964	0.00247	0.09056	0.00635	0.00473	0.01202
13	0.02090	0.02688	0.31415	0.01792	0.02547	0.01524	0.01942	0.04881	0.01863	0.16020	0.02264	0.03098	0.01878	0.20237	0.01805	0.00423	0.01009	0.00853	0.00572	0.01099
14	0.02003	0.12525	0.17442	0.02783	0.03657	0.02166	0.34096	0.02677	0.01967	0.05165	0.05791	0.02346	0.01693	0.00819	0.00890	0.00266	0.01225	0.00874	0.00464	0.01152
15	0.01556	0.01438	0.01622	0.10397	0.02189	0.10663	0.01253	0.01844	0.01547	0.01976	0.02088	0.03221	0.01968	0.12978	0.40326	0.00986	0.01832	0.00880	0.00451	0.00786
16	0.01980	0.02023	0.02893	0.02380	0.02610	0.05259	0.11539	0.02576	0.10453	0.02379	0.01565	0.02109	0.01359	0.01288	0.02133	0.00340	0.44818	0.00810	0.00456	0.01029
17	0.02535	0.01769	0.02178	0.01822	0.02377	0.01902	0.06021	0.04288	0.43220	0.19005	0.03301	0.03037	0.02373	0.01095	0.00874	0.00282	0.00745	0.00939	0.00879	0.01357
18	0.01410	0.01180	0.01885	0.01589	0.01799	0.01216	0.11967	0.01657	0.01562	0.02163	0.10632	0.04476	0.03144	0.33378	0.13493	0.00713	0.05310	0.01151	0.00538	0.00736
19	0.02453	0.12059	0.03578	0.02559	0.03102	0.26241	0.21398	0.02837	0.02002	0.02278	0.01398	0.01817	0.01163	0.00907	0.01154	0.00262	0.12616	0.00718	0.00415	0.01044
20	0.12169	0.02195	0.04620	0.02436	0.06596	0.12315	0.22301	0.02642	0.01883	0.07766	0.01883	0.02675	0.01606	0.13530	0.01485	0.00367	0.01145	0.00862	0.00509	0.01015
21	0.01749	0.01701	0.03048	0.14475	0.03480	0.01767	0.25544	0.02532	0.11231	0.02493	0.02178	0.03144	0.01876	0.15013	0.05624	0.00460	0.01192	0.00993	0.00507	0.00991
22	0.22791	0.01717	0.02099	0.20218	0.03110	0.05790	0.05483	0.04602	0.01738	0.02786	0.02020	0.10266	0.03760	0.01171	0.01024	0.00291	0.08776	0.00912	0.00509	0.00934

[dist]
# distance from previous block
# <min> <max>
13	57

[block]
# block no. 3 follows, 21 sequences, length 23
# corresponding to MSA columns:
# 404-426
name=unknown_D
#
# <colnr> <probs for GDERKNQSTAVLIFYWHMCP>
#	G	D	E	R	K	N	Q	S	T	A	V	L	I	F	Y	W	H	M	C	P
0	0.14107	0.07886	0.18086	0.13467	0.05630	0.07353	0.01942	0.02708	0.04868	0.05530	0.01604	0.01882	0.01219	0.00818	0.00731	0.00243	0.00998	0.00621	0.00473	0.09833
1	0.02480	0.02173	0.06690	0.01676	0.02208	0.14568	0.01407	0.03127	0.10408	0.17477	0.13242	0.02992	0.02780	0.01104	0.00935	0.00247	0.04403	0.00862	0.00727	0.10496
2	0.01924	0.01588	0.08165	0.06651	0.02397	0.01369	0.06410	0.02550	0.09275	0.13988	0.03030	0.15702	0.02809	0.09827	0.07545	0.00460	0.00979	0.03635	0.00681	0.01013
3	0.20586	0.08010	0.08168	0.01442	0.02011	0.01579	0.03919	0.02586	0.01995	0.16474	0.16077	0.03440	0.08088	0.01160	0.00792	0.00260	0.00714	0.00932	0.00715	0.01051
4	0.07573	0.17651	0.17052	0.03029	0.19387	0.02359	0.11848	0.02590	0.01796	0.02613	0.01450	0.01837	0.01178	0.00805	0.00898	0.00255	0.05417	0.00680	0.00402	0.01181
5	0.08245	0.35404	0.12088	0.01921	0.07608	0.05310	0.01718	0.02885	0.01887	0.13341	0.01650	0.01762	0.01275	0.00810	0.00669	0.00222	0.00942	0.00579	0.00504	0.01181
6	0.01852	0.08158	0.01835	0.01354	0.01713	0.01557	0.01058	0.16840	0.02356	0.03209	0.18147	0.08831	0.03732	0.13554	0.06974	0.00440	0.00838	0.01133	0.00708	0.05713
7	0.45353	0.23362	0.02239	0.01232	0.01775	0.02250	0.01078	0.02386	0.01555	0.03082	0.01530	0.08100	0.01440	0.00955	0.00588	0.00246	0.00722	0.00652	0.00501	0.00953
8	0.09497	0.28663	0.02814	0.01485	0.02050	0.02441	0.01296	0.12232	0.12990	0.03238	0.12716	0.02662	0.02604	0.01032	0.00729	0.00235	0.00759	0.00783	0.00646	0.01127
9	0.01957	0.08009	0.45498	0.02240	0.03237	0.07499	0.02624	0.07090	0.01964	0.02732	0.01555	0.01862	0.01172	0.01186	0.04815	0.00329	0.03983	0.00643	0.00409	0.01196
10	0.07137	0.15970	0.08733	0.01696	0.02326	0.13933	0.01519	0.06039	0.03806	0.19145	0.02240	0.06529	0.01803	0.01044	0.00771	0.00245	0.00953	0.02296	0.00649	0.03167
11	0.02070	0.07757	0.21960	0.01818	0.02479	0.06669	0.01812	0.04559	0.15819	0.06708	0.04757	0.02469	0.01872	0.01322	0.01250	0.13314	0.00949	0.00762	0.00566	0.01088
12	0.02118	0.25707	0.03251	0.02394	0.13083	0.07990	0.01750	0.02497	0.04330	0.02222	0.01432	0.01878	0.01290	0.01415	0.06409	0.00347	0.19756	0.00653	0.00411	0.01068
13	0.76103	0.01646	0.01251	0.01119	0.01646	0.01909	0.00922	0.02502	0.01448	0.03818	0.01185	0.01382	0.00922	0.00790	0.00527	0.00263	0.00658	0.00461	0.00527	0.00922
14	0.01279	0.01042	0.01201	0.01041	0.01427	0.00860	0.00798	0.01602	0.02050	0.02802	0.25388	0.05822	0.28268	0.01600	0.00903	0.00237	0.00475	0.01357	0.00761	0.21087
15	0.01478	0.00739	0.01109	0.01109	0.01109	0.00739	0.00739	0.01109	0.01109	0.01478	0.01478	0.02587	0.01478	0.02956	0.03326	0.75240	0.00739	0.00739	0.00370	0.00370
16	0.09453	0.01464	0.01918	0.01483	0.02131	0.01302	0.01225	0.04019	0.02359	0.60575	0.03188	0.02779	0.02014	0.01033	0.00830	0.00263	0.00719	0.00825	0.01012	0.01407
17	0.14706	0.01536	0.01675	0.01236	0.01952	0.01269	0.00993	0.02205	0.01710	0.02955	0.01456	0.01698	0.01201	0.00658	0.00612	0.00150	0.00635	0.00497	0.00508	0.62347
18	0.01756	0.01545	0.06750	0.01703	0.02180	0.01353	0.08344	0.02340	0.06864	0.08675	0.05371	0.03071	0.02202	0.06124	0.26589	0.00703	0.01423	0.00888	0.00572	0.11544
19	0.12507	0.02086	0.06663	0.03274	0.29296	0.01999	0.05111	0.14028	0.02323	0.06585	0.06421	0.02343	0.01827	0.00903	0.00820	0.00259	0.00926	0.00787	0.00585	0.01256
20	0.15035	0.15573	0.15480	0.01978	0.08263	0.06932	0.01730	0.02722	0.04447	0.06840	0.06486	0.02133	0.01766	0.00880	0.00717	0.00236	0.00912	0.00663	0.00523	0.06686
21	0.02093	0.05878	0.30912	0.10644	0.18835	0.02018	0.02593	0.06531	0.02013	0.08045	0.01716	0.02018	0.01262	0.00832	0.00818	0.00262	0.01102	0.00696	0.00467	0.01265
22	0.10230	0.08698	0.19474	0.02098	0.06515	0.14365	0.01916	0.08097	0.05773	0.05568	0.01663	0.01833	0.01267	0.00842	0.00742	0.00236	0.01055	0.00618	0.00513	0.08495

[dist]
# distance from previous block
# <min> <max>
0	14

[block]
# block no. 4 follows, 21 sequences, length 9
# corresponding to MSA columns:
# 441-449
name=unknown_E
#
# <colnr> <probs for GDERKNQSTAVLIFYWHMCP>
#	G	D	E	R	K	N	Q	S	T	A	V	L	I	F	Y	W	H	M	C	P
0	0.34422	0.08206	0.09775	0.05596	0.02229	0.01904	0.01375	0.02623	0.09416	0.03312	0.11344	0.02486	0.02284	0.00984	0.00701	0.00262	0.00749	0.00730	0.00588	0.01016
1	0.01918	0.02396	0.17982	0.01814	0.02508	0.01909	0.01730	0.03648	0.38375	0.03196	0.03067	0.02964	0.05471	0.01071	0.00836	0.00268	0.00804	0.00879	0.00699	0.08464
2	0.01310	0.00983	0.01257	0.01379	0.01559	0.00989	0.01078	0.01854	0.09530	0.02574	0.08400	0.31305	0.07809	0.02274	0.01084	0.00349	0.00619	0.24022	0.00806	0.00817
3	0.02644	0.12932	0.02894	0.02003	0.02620	0.10797	0.08996	0.14665	0.20945	0.09358	0.02331	0.02328	0.01738	0.00962	0.00817	0.00254	0.00973	0.00787	0.00693	0.01264
4	0.01981	0.14747	0.27617	0.02055	0.03010	0.01986	0.09528	0.02618	0.01840	0.06238	0.01594	0.01840	0.01213	0.00752	0.00745	0.00220	0.01030	0.00627	0.00446	0.19911
5	0.02169	0.02129	0.13996	0.12451	0.03450	0.01636	0.16567	0.02686	0.01890	0.14941	0.01929	0.02284	0.01405	0.01029	0.01096	0.07578	0.01047	0.00781	0.00536	0.10398
6	0.01853	0.02073	0.04375	0.03163	0.03935	0.01929	0.52209	0.02492	0.01998	0.02660	0.02794	0.03211	0.11102	0.00941	0.01005	0.00287	0.01279	0.01127	0.00486	0.01081
7	0.01826	0.01569	0.02501	0.17819	0.29266	0.01646	0.01966	0.02397	0.05510	0.05453	0.11812	0.09441	0.02859	0.01152	0.00895	0.00273	0.00862	0.01056	0.00581	0.01114
8	0.02476	0.01745	0.05689	0.08622	0.19940	0.01617	0.01803	0.03180	0.09787	0.22933	0.08612	0.03166	0.02489	0.01064	0.00876	0.00271	0.00834	0.02897	0.00735	0.01266

[dist]
# distance from previous block
# <min> <max>
9	18

[block]
# block no. 5 follows, 21 sequences, length 6
# corresponding to MSA columns:
# 468-473
name=unknown_F
#
# <colnr> <probs for GDERKNQSTAVLIFYWHMCP>
#	G	D	E	R	K	N	Q	S	T	A	V	L	I	F	Y	W	H	M	C	P
0	0.19221	0.02269	0.14892	0.15764	0.03247	0.01977	0.04839	0.08852	0.11239	0.03235	0.02160	0.02383	0.04546	0.00951	0.00785	0.00274	0.00937	0.00759	0.00555	0.01114
1	0.06939	0.07942	0.31711	0.02426	0.12468	0.01849	0.02275	0.02685	0.01941	0.09962	0.09706	0.02492	0.02114	0.00940	0.00806	0.00259	0.00984	0.00767	0.00533	0.01201
2	0.05407	0.08649	0.12139	0.01809	0.02343	0.01637	0.08369	0.02374	0.06671	0.05032	0.09220	0.04295	0.02959	0.04212	0.09375	0.00445	0.01077	0.12386	0.00606	0.00996
3	0.02338	0.40428	0.13669	0.01733	0.02506	0.11314	0.01730	0.07249	0.02009	0.02445	0.01348	0.01541	0.01131	0.00776	0.00648	0.00202	0.01029	0.00523	0.00422	0.06958
4	0.02116	0.12583	0.32714	0.01989	0.02903	0.09306	0.02204	0.02749	0.01917	0.07771	0.01787	0.02267	0.01422	0.00896	0.00771	0.00240	0.01088	0.04128	0.00471	0.10676
5	0.02117	0.29702	0.25190	0.02153	0.07268	0.07528	0.02128	0.02894	0.08826	0.02483	0.01603	0.01788	0.01278	0.00818	0.00712	0.00233	0.01059	0.00602	0.00429	0.01189

[dist]
# distance from previous block
# <min> <max>
0	3

[block]
# block no. 6 follows, 21 sequences, length 16
# corresponding to MSA columns:
# 477-492
name=unknown_G
#
# <colnr> <probs for GDERKNQSTAVLIFYWHMCP>
#	G	D	E	R	K	N	Q	S	T	A	V	L	I	F	Y	W	H	M	C	P
0	0.02196	0.35830	0.08922	0.01472	0.02177	0.02287	0.01430	0.02575	0.01916	0.10270	0.09641	0.02300	0.02134	0.00890	0.00681	0.00202	0.00809	0.00668	0.00546	0.13055
1	0.01634	0.01959	0.12642	0.41064	0.12266	0.01781	0.02320	0.02240	0.01837	0.02493	0.09586	0.02697	0.02037	0.00947	0.00863	0.00275	0.01045	0.00836	0.00452	0.01028
2	0.01649	0.19177	0.12594	0.08863	0.02575	0.01816	0.01732	0.02103	0.01816	0.02358	0.02878	0.10978	0.02979	0.01558	0.00914	0.00303	0.00903	0.23290	0.00566	0.00947
3	0.01503	0.09905	0.28175	0.01646	0.02353	0.01556	0.01822	0.02109	0.02021	0.02817	0.24222	0.04166	0.11751	0.01299	0.00873	0.00262	0.00815	0.01078	0.00617	0.01012
4	0.13678	0.03958	0.55315	0.02215	0.03355	0.01966	0.02787	0.02664	0.01741	0.02876	0.01472	0.01730	0.01053	0.00806	0.00763	0.00269	0.01161	0.00602	0.00386	0.01204
5	0.02052	0.01652	0.02588	0.38116	0.17248	0.01867	0.02146	0.02813	0.09738	0.10356	0.02011	0.02429	0.01488	0.00896	0.00852	0.00275	0.00998	0.00796	0.00534	0.01144
6	0.01965	0.01811	0.02755	0.03583	0.38808	0.01655	0.01948	0.02418	0.01866	0.02777	0.01564	0.01965	0.01312	0.00705	0.00755	0.00200	0.00853	0.00653	0.00456	0.31951
7	0.01353	0.01037	0.01266	0.01222	0.01468	0.01033	0.00937	0.02070	0.12767	0.03204	0.40779	0.10020	0.10709	0.01780	0.01001	0.00289	0.00491	0.06802	0.00891	0.00882
8	0.07657	0.21716	0.02802	0.01642	0.02288	0.10546	0.01407	0.14155	0.02459	0.24282	0.02098	0.02033	0.01492	0.00916	0.00735	0.00233	0.00916	0.00661	0.00708	0.01255
9	0.01822	0.01717	0.02258	0.01831	0.02144	0.01997	0.01509	0.02087	0.01494	0.02348	0.01281	0.01822	0.01176	0.01134	0.01898	0.00270	0.40432	0.00645	0.00427	0.31706
10	0.01120	0.00776	0.00963	0.01079	0.01108	0.00747	0.00676	0.01207	0.01467	0.01956	0.03859	0.43064	0.04580	0.30570	0.02429	0.00544	0.00631	0.01930	0.00676	0.00619
11	0.01314	0.02256	0.27762	0.01698	0.02248	0.01223	0.01764	0.01810	0.01699	0.02389	0.03381	0.41503	0.03745	0.01897	0.00971	0.00314	0.00810	0.01678	0.00612	0.00926
12	0.01765	0.01513	0.01765	0.01260	0.02017	0.01134	0.01008	0.02143	0.01765	0.02773	0.01513	0.01765	0.01260	0.00630	0.00630	0.00126	0.00630	0.00504	0.00504	0.75295
13	0.02385	0.02489	0.20202	0.01768	0.02636	0.01677	0.01775	0.13836	0.02310	0.14260	0.01941	0.02025	0.01392	0.00829	0.00762	0.00215	0.00883	0.00651	0.00624	0.27338
14	0.32474	0.01640	0.02241	0.34419	0.03987	0.01922	0.07224	0.02360	0.01625	0.02905	0.01396	0.01904	0.01061	0.00813	0.00731	0.00276	0.00965	0.00657	0.00444	0.00954
15	0.01399	0.01155	0.01541	0.01758	0.07346	0.01251	0.01164	0.01947	0.11537	0.02438	0.03821	0.45305	0.04257	0.02120	0.01214	0.00331	0.07960	0.01850	0.00723	0.00883

[dist]
# distance from previous block
# <min> <max>
1	3

[block]
# block no. 7 follows, 21 sequences, length 30
# corresponding to MSA columns:
# 496-525
name=unknown_H
#
# <colnr> <probs for GDERKNQSTAVLIFYWHMCP>
#	G	D	E	R	K	N	Q	S	T	A	V	L	I	F	Y	W	H	M	C	P
0	0.02136	0.02040	0.08209	0.02321	0.03010	0.01806	0.23937	0.07107	0.13065	0.10635	0.03435	0.03490	0.12577	0.01115	0.00935	0.00281	0.00989	0.01068	0.00670	0.01175
1	0.01892	0.02244	0.15039	0.02264	0.11896	0.01790	0.01799	0.03196	0.25528	0.03116	0.07683	0.02761	0.02334	0.00983	0.00822	0.00249	0.00813	0.00833	0.00639	0.14117
2	0.03107	0.01438	0.01818	0.01421	0.02025	0.01276	0.01160	0.08785	0.02438	0.43746	0.03998	0.03644	0.12795	0.01207	0.00863	0.00255	0.00685	0.00982	0.00944	0.07415
3	0.01565	0.09328	0.05578	0.01699	0.07508	0.01423	0.01296	0.06924	0.02083	0.02733	0.11070	0.17006	0.16849	0.01760	0.00951	0.00291	0.00689	0.09616	0.00703	0.00927
4	0.01855	0.09232	0.44067	0.02667	0.10337	0.02120	0.06363	0.02843	0.07466	0.02729	0.01697	0.01953	0.01262	0.00822	0.00808	0.00263	0.01158	0.00683	0.00418	0.01256
5	0.18697	0.01566	0.01709	0.01332	0.01987	0.01442	0.01074	0.02878	0.08897	0.15019	0.02016	0.02058	0.01500	0.00807	0.00677	0.00201	0.00659	0.00614	0.00655	0.36212
6	0.02048	0.01820	0.02783	0.16276	0.35030	0.01952	0.02151	0.06902	0.10600	0.02986	0.01972	0.02371	0.01557	0.00869	0.00828	0.00259	0.00932	0.00790	0.06644	0.01231
7	0.02573	0.02055	0.02181	0.01824	0.02387	0.02330	0.01457	0.27943	0.39083	0.04295	0.02884	0.02713	0.02129	0.01100	0.00860	0.00275	0.00781	0.00882	0.00860	0.01388
8	0.02423	0.01845	0.04938	0.02359	0.12022	0.01805	0.06743	0.03708	0.27591	0.17780	0.07192	0.03038	0.02498	0.01059	0.00879	0.00275	0.00807	0.00937	0.00788	0.01312
9	0.01232	0.00845	0.01031	0.01031	0.01067	0.00881	0.00644	0.01304	0.01268	0.01726	0.02587	0.05048	0.02868	0.55192	0.18923	0.00952	0.01165	0.01161	0.00502	0.00573
10	0.01466	0.01315	0.01819	0.01729	0.01759	0.01668	0.01353	0.01642	0.01478	0.02124	0.02882	0.33093	0.03326	0.02061	0.01950	0.00361	0.34803	0.03777	0.00579	0.00816
11	0.51392	0.19140	0.02125	0.01237	0.01826	0.02225	0.01085	0.02649	0.01601	0.08436	0.01364	0.01503	0.01063	0.00796	0.00559	0.00243	0.00728	0.00492	0.00529	0.01008
12	0.02246	0.14536	0.10784	0.10376	0.24781	0.02159	0.02132	0.02963	0.08673	0.10414	0.01930	0.02169	0.01477	0.00850	0.00790	0.00251	0.00964	0.00722	0.00526	0.01258
13	0.08522	0.03180	0.29312	0.02518	0.03422	0.07868	0.18605	0.02857	0.01919	0.08477	0.01683	0.01977	0.01221	0.00839	0.00921	0.00273	0.04027	0.00735	0.00465	0.01178
14	0.01735	0.04208	0.60109	0.02532	0.03753	0.01993	0.08524	0.02698	0.01816	0.02698	0.01545	0.01843	0.01098	0.00800	0.00827	0.00271	0.01274	0.00663	0.00366	0.01248
15	0.01605	0.01305	0.01876	0.02093	0.12573	0.01460	0.01368	0.06926	0.01744	0.02474	0.06434	0.03364	0.02373	0.11952	0.31519	0.00844	0.07723	0.00941	0.00517	0.00910
16	0.02275	0.70604	0.04459	0.01456	0.02184	0.03367	0.01456	0.02548	0.01729	0.02002	0.01183	0.01365	0.01092	0.00728	0.00546	0.00182	0.00910	0.00455	0.00364	0.01092
17	0.01216	0.00912	0.01368	0.01368	0.01520	0.01064	0.01064	0.01520	0.01368	0.01976	0.02279	0.03343	0.02127	0.06382	0.66720	0.01368	0.02279	0.00912	0.00456	0.00760
18	0.01839	0.01979	0.04098	0.07871	0.09031	0.01898	0.43284	0.02441	0.01923	0.02607	0.02154	0.12629	0.01953	0.01030	0.00993	0.00293	0.01234	0.01184	0.00481	0.01080
19	0.76103	0.01646	0.01251	0.01119	0.01646	0.01909	0.00922	0.02502	0.01448	0.03818	0.01185	0.01382	0.00922	0.00790	0.00527	0.00263	0.00658	0.00461	0.00527	0.00922
20	0.01607	0.01513	0.02552	0.68047	0.05861	0.01891	0.02363	0.02174	0.01702	0.02174	0.01513	0.02269	0.01134	0.00851	0.00851	0.00284	0.01134	0.00756	0.00378	0.00945
21	0.03298	0.02145	0.02389	0.01847	0.02511	0.02302	0.01521	0.45843	0.07122	0.18489	0.02416	0.02298	0.01660	0.01036	0.00853	0.00259	0.00874	0.00797	0.00897	0.01442
22	0.01478	0.00739	0.01109	0.01109	0.01109	0.00739	0.00739	0.01109	0.01109	0.01478	0.01478	0.02587	0.01478	0.02956	0.03326	0.75240	0.00739	0.00739	0.00370	0.00370
23	0.01250	0.00979	0.01151	0.01127	0.01380	0.00934	0.00864	0.01803	0.08976	0.02935	0.31387	0.09483	0.25478	0.01904	0.01008	0.00291	0.00480	0.06880	0.00861	0.00830
24	0.02205	0.11153	0.31425	0.01849	0.02712	0.01765	0.02069	0.02843	0.02051	0.18060	0.12834	0.02804	0.02538	0.01020	0.00822	0.00257	0.00936	0.00821	0.00630	0.01205
25	0.01936	0.01662	0.02315	0.01721	0.02359	0.01510	0.08577	0.02321	0.01759	0.06478	0.01586	0.01915	0.01292	0.00809	0.01048	0.00195	0.11979	0.00627	0.00507	0.49404
26	0.01698	0.01439	0.01716	0.01274	0.01956	0.01126	0.01015	0.02067	0.01716	0.02676	0.01606	0.01957	0.01366	0.01333	0.08703	0.00278	0.00832	0.00554	0.00498	0.66190
27	0.08816	0.01725	0.02244	0.26426	0.03601	0.01871	0.01698	0.17107	0.02376	0.14188	0.01935	0.02186	0.01377	0.00896	0.00797	0.00252	0.00912	0.00720	0.00639	0.10235
28	0.26584	0.14001	0.09395	0.09678	0.02666	0.02266	0.01573	0.07880	0.12748	0.03262	0.01740	0.01908	0.01337	0.00873	0.00689	0.00256	0.00853	0.00629	0.00549	0.01112
29	0.01662	0.05521	0.05733	0.01547	0.01897	0.01254	0.06102	0.06068	0.02007	0.08414	0.10593	0.37563	0.04375	0.01903	0.00983	0.00303	0.00685	0.01712	0.00753	0.00923

[dist]
# distance from previous block
# <min> <max>
4	9

[block]
# block no. 8 follows, 21 sequences, length 42
# corresponding to MSA columns:
# 541-582
name=unknown_I
#
# <colnr> <probs for GDERKNQSTAVLIFYWHMCP>
#	G	D	E	R	K	N	Q	S	T	A	V	L	I	F	Y	W	H	M	C	P
0	0.02339	0.32252	0.12494	0.01993	0.02733	0.12493	0.10285	0.02780	0.01974	0.06680	0.05248	0.01989	0.01603	0.00844	0.00732	0.00226	0.01088	0.00665	0.00466	0.01114
1	0.05694	0.01784	0.02411	0.02180	0.06788	0.02198	0.01678	0.02134	0.01461	0.02356	0.01245	0.01833	0.01156	0.01207	0.02047	0.00303	0.44826	0.00677	0.00413	0.17607
2	0.02295	0.06714	0.06505	0.12390	0.17454	0.01994	0.13779	0.02794	0.01928	0.14351	0.01865	0.02215	0.01394	0.00879	0.01020	0.00268	0.06998	0.00787	0.00527	0.03841
3	0.01667	0.01089	0.01247	0.01118	0.01396	0.01097	0.00863	0.11522	0.02450	0.03645	0.32811	0.04549	0.04927	0.01363	0.00837	0.00242	0.00487	0.01154	0.26633	0.00904
4	0.01228	0.00863	0.01118	0.01118	0.01184	0.00928	0.00753	0.01360	0.01294	0.01791	0.02508	0.04607	0.02676	0.42548	0.31304	0.01060	0.01454	0.01097	0.00490	0.00621
5	0.01136	0.00832	0.01078	0.01215	0.01316	0.00802	0.00845	0.01463	0.05427	0.02442	0.12976	0.54636	0.05759	0.02435	0.01065	0.00333	0.00502	0.04174	0.00815	0.00749
6	0.01765	0.01513	0.01765	0.01260	0.02017	0.01134	0.01008	0.02143	0.01765	0.02773	0.01513	0.01765	0.01260	0.00630	0.00630	0.00126	0.00630	0.00504	0.00504	0.75295
7	0.02178	0.02143	0.03271	0.04763	0.56007	0.06337	0.02454	0.02806	0.06511	0.02792	0.01720	0.02147	0.01424	0.00796	0.00839	0.00253	0.01021	0.00759	0.00455	0.01324
8	0.01956	0.01869	0.03184	0.24075	0.47103	0.01983	0.02537	0.02480	0.01867	0.02598	0.01574	0.02155	0.01284	0.00786	0.00845	0.00262	0.01048	0.00758	0.00408	0.01227
9	0.01856	0.01031	0.01140	0.01019	0.01347	0.00993	0.00787	0.02421	0.07311	0.09685	0.07330	0.03238	0.02550	0.01031	0.00680	0.00211	0.00479	0.00841	0.47622	0.08429
10	0.01218	0.00963	0.01064	0.01014	0.01292	0.00874	0.00766	0.05526	0.02199	0.02820	0.23763	0.10537	0.40924	0.01986	0.00999	0.00283	0.00461	0.01685	0.00836	0.00791
11	0.01799	0.01757	0.02437	0.02102	0.02102	0.02427	0.01726	0.01966	0.01297	0.02008	0.01275	0.02236	0.01317	0.08412	0.02948	0.00418	0.61703	0.00794	0.00387	0.00889
12	0.01946	0.01935	0.03522	0.22564	0.35811	0.02012	0.14678	0.02512	0.01886	0.02599	0.01601	0.02191	0.01276	0.00776	0.00878	0.00268	0.01133	0.00808	0.00411	0.01194
13	0.01383	0.00784	0.01102	0.01102	0.01123	0.00806	0.00731	0.01198	0.01176	0.01590	0.01881	0.03413	0.01959	0.19630	0.12514	0.46870	0.00977	0.00884	0.00417	0.00460
14	0.01963	0.02202	0.14920	0.01822	0.02418	0.01869	0.01686	0.03684	0.39121	0.05423	0.03230	0.06955	0.02655	0.01278	0.00896	0.00297	0.00797	0.06786	0.00756	0.01242
15	0.76103	0.01646	0.01251	0.01119	0.01646	0.01909	0.00922	0.02502	0.01448	0.03818	0.01185	0.01382	0.00922	0.00790	0.00527	0.00263	0.00658	0.00461	0.00527	0.00922
16	0.01862	0.01862	0.02607	0.02234	0.02234	0.02607	0.01862	0.02048	0.01303	0.02048	0.01117	0.01862	0.01117	0.01489	0.02793	0.00372	0.68535	0.00745	0.00372	0.00931
17	0.08190	0.02035	0.06448	0.01747	0.02301	0.02126	0.01459	0.08197	0.49748	0.03644	0.03042	0.02853	0.02274	0.01091	0.00833	0.00283	0.00732	0.00884	0.00801	0.01313
18	0.08606	0.06735	0.07937	0.04404	0.50525	0.02098	0.02425	0.02604	0.01870	0.02814	0.01531	0.01970	0.01273	0.00763	0.00792	0.00250	0.00991	0.00702	0.00422	0.01287
19	0.59384	0.01606	0.01398	0.01187	0.01753	0.01748	0.00976	0.02702	0.01615	0.12388	0.01519	0.01629	0.01118	0.00813	0.00582	0.00251	0.00665	0.00520	0.00599	0.07547
20	0.01204	0.00870	0.01138	0.01071	0.01271	0.00803	0.00803	0.01606	0.02409	0.03413	0.64335	0.06357	0.08030	0.01740	0.01004	0.00268	0.00401	0.01539	0.00937	0.00803
21	0.01972	0.02183	0.04466	0.03242	0.03975	0.02148	0.49258	0.02592	0.01893	0.02634	0.01623	0.02199	0.01265	0.00820	0.01230	0.00288	0.10792	0.00935	0.00427	0.06058
22	0.03120	0.01425	0.01916	0.10767	0.02542	0.01373	0.01333	0.07817	0.02348	0.42440	0.02911	0.02788	0.01933	0.01013	0.00814	0.00256	0.00747	0.00826	0.12357	0.01276
23	0.01006	0.00862	0.00862	0.00862	0.01149	0.00718	0.00647	0.01221	0.01940	0.02299	0.08621	0.08190	0.64438	0.02155	0.01006	0.00287	0.00431	0.01796	0.00790	0.00718
24	0.01784	0.03876	0.53061	0.11601	0.03926	0.02004	0.02944	0.06158	0.01915	0.02781	0.01556	0.01878	0.01108	0.00827	0.00817	0.00271	0.01221	0.00655	0.00391	0.01225
25	0.01121	0.00776	0.00962	0.01077	0.01105	0.00748	0.00674	0.01207	0.01464	0.01952	0.03843	0.42569	0.04560	0.31092	0.02454	0.00548	0.00633	0.01921	0.00674	0.00617
26	0.01356	0.00940	0.01037	0.00995	0.01072	0.00943	0.00607	0.05554	0.01505	0.01980	0.03235	0.05583	0.09167	0.58324	0.03748	0.00730	0.00793	0.01260	0.00567	0.00602
27	0.01765	0.01513	0.01765	0.01260	0.02017	0.01134	0.01008	0.02143	0.01765	0.02773	0.01513	0.01765	0.01260	0.00630	0.00630	0.00126	0.00630	0.00504	0.00504	0.75295
28	0.12431	0.01813	0.02713	0.08201	0.35251	0.01907	0.04008	0.02749	0.10523	0.03047	0.07328	0.02547	0.02035	0.00910	0.00821	0.00264	0.00883	0.00822	0.00541	0.01204
29	0.01496	0.01192	0.01524	0.01464	0.01712	0.01381	0.01131	0.02439	0.20531	0.02454	0.02661	0.03374	0.02309	0.07148	0.43985	0.01013	0.01728	0.00940	0.00585	0.00933
30	0.76103	0.01646	0.01251	0.01119	0.01646	0.01909	0.00922	0.02502	0.01448	0.03818	0.01185	0.01382	0.00922	0.00790	0.00527	0.00263	0.00658	0.00461	0.00527	0.00922
31	0.01862	0.01862	0.02607	0.02234	0.02234	0.02607	0.01862	0.02048	0.01303	0.02048	0.01117	0.01862	0.01117	0.01489	0.02793	0.00372	0.68535	0.00745	0.00372	0.00931
32	0.01037	0.00741	0.00987	0.01185	0.01234	0.00691	0.00790	0.01185	0.01629	0.02172	0.04690	0.69537	0.05629	0.02666	0.01086	0.00346	0.00494	0.02419	0.00790	0.00691
33	0.01088	0.00761	0.00952	0.01106	0.01199	0.00705	0.00753	0.01270	0.01683	0.02289	0.04980	0.55307	0.12503	0.02434	0.01027	0.00324	0.00476	0.02179	0.08260	0.00705
34	0.01034	0.00751	0.00976	0.01157	0.01227	0.00694	0.00777	0.01188	0.01657	0.02184	0.05037	0.64133	0.10809	0.02621	0.01079	0.00340	0.00488	0.02364	0.00790	0.00694
35	0.03235	0.02384	0.02554	0.01958	0.02639	0.02639	0.01618	0.61946	0.04001	0.05363	0.02043	0.02043	0.01447	0.01022	0.00851	0.00255	0.00936	0.00766	0.00851	0.01447
36	0.43798	0.01558	0.01574	0.01296	0.01881	0.01615	0.01069	0.03237	0.01890	0.31328	0.02156	0.02059	0.01451	0.00908	0.00674	0.00263	0.00688	0.00637	0.00762	0.01157
37	0.23639	0.02177	0.02189	0.01723	0.02361	0.02435	0.01423	0.45301	0.03286	0.04931	0.01803	0.01858	0.01300	0.00957	0.00760	0.00258	0.00859	0.00681	0.00760	0.01300
38	0.01376	0.01140	0.01285	0.01445	0.01595	0.06633	0.01126	0.01640	0.01846	0.02333	0.04310	0.36635	0.04901	0.02367	0.01098	0.00355	0.00716	0.27684	0.00756	0.00759
39	0.02275	0.70604	0.04459	0.01456	0.02184	0.03367	0.01456	0.02548	0.01729	0.02002	0.01183	0.01365	0.01092	0.00728	0.00546	0.00182	0.00910	0.00455	0.00364	0.01092
40	0.25414	0.02289	0.01937	0.01722	0.02148	0.17108	0.01377	0.09125	0.11521	0.03224	0.01895	0.02432	0.01595	0.01092	0.00995	0.00279	0.09239	0.04966	0.00593	0.01048
41	0.02180	0.01919	0.02418	0.02786	0.20879	0.02120	0.01740	0.07380	0.41446	0.03435	0.02824	0.02789	0.02157	0.01029	0.00858	0.00276	0.00790	0.00890	0.00733	0.01353

[dist]
# distance from previous block
# <min> <max>
0	10

[block]
# block no. 9 follows, 21 sequences, length 6
# corresponding to MSA columns:
# 593-598
name=unknown_J
#
# <colnr> <probs for GDERKNQSTAVLIFYWHMCP>
#	G	D	E	R	K	N	Q	S	T	A	V	L	I	F	Y	W	H	M	C	P
0	0.01349	0.00841	0.01007	0.00966	0.01165	0.00799	0.00724	0.01749	0.02173	0.03322	0.41025	0.05151	0.05815	0.01456	0.00849	0.00241	0.00400	0.01257	0.28912	0.00799
1	0.01770	0.01641	0.02748	0.34995	0.28197	0.01823	0.02330	0.02290	0.01827	0.02458	0.01937	0.03161	0.01708	0.01010	0.00890	0.00286	0.01041	0.08358	0.00448	0.01081
2	0.01081	0.00865	0.00966	0.00941	0.01196	0.00750	0.00706	0.01367	0.02117	0.02721	0.29717	0.07496	0.43079	0.01998	0.01005	0.00280	0.00420	0.01699	0.00846	0.00750
3	0.01478	0.00739	0.01109	0.01109	0.01109	0.00739	0.00739	0.01109	0.01109	0.01478	0.01478	0.02587	0.01478	0.02956	0.03326	0.75240	0.00739	0.00739	0.00370	0.00370
4	0.02639	0.44772	0.03738	0.01646	0.02356	0.03092	0.01517	0.25040	0.02589	0.03275	0.01509	0.01622	0.01227	0.00839	0.00662	0.00210	0.00920	0.00573	0.00549	0.01227
5	0.01227	0.00885	0.01170	0.01139	0.01339	0.00827	0.00881	0.01628	0.02347	0.03294	0.56128	0.06802	0.07600	0.01824	0.01027	0.00285	0.00454	0.09428	0.00916	0.00800

[dist]
# distance from previous block
# <min> <max>
0	1

[block]
# block no. 10 follows, 21 sequences, length 87
# corresponding to MSA columns:
# 602-653,655-689
name=unknown_K
#
# <colnr> <probs for GDERKNQSTAVLIFYWHMCP>
#	G	D	E	R	K	N	Q	S	T	A	V	L	I	F	Y	W	H	M	C	P
0	0.07923	0.11552	0.06654	0.02013	0.02548	0.45730	0.01648	0.03275	0.06789	0.02344	0.01466	0.01644	0.01195	0.00870	0.00735	0.00226	0.01318	0.00567	0.00463	0.01039
1	0.06936	0.06488	0.41286	0.07293	0.16351	0.02038	0.02752	0.02623	0.01793	0.02724	0.01503	0.01845	0.01128	0.00796	0.00787	0.00263	0.01141	0.00645	0.00385	0.01225
2	0.01699	0.01614	0.02683	0.53666	0.13810	0.01970	0.02356	0.02225	0.01701	0.02249	0.01491	0.02212	0.01163	0.00892	0.01014	0.00287	0.06830	0.00756	0.00384	0.01001
3	0.07301	0.02283	0.02823	0.03088	0.22659	0.15479	0.11470	0.02826	0.07863	0.02760	0.02313	0.02595	0.06164	0.00937	0.00830	0.00254	0.01050	0.00833	0.05347	0.01127
4	0.01429	0.00903	0.01194	0.01119	0.01335	0.00869	0.04887	0.01801	0.01902	0.03000	0.16032	0.16547	0.04014	0.01452	0.00804	0.00247	0.00488	0.01278	0.39897	0.00800
5	0.01892	0.01832	0.03288	0.16104	0.33665	0.01876	0.13471	0.02433	0.01910	0.02625	0.02014	0.03222	0.01795	0.00991	0.00921	0.00284	0.01082	0.08973	0.00466	0.01156
6	0.01607	0.01513	0.02552	0.68047	0.05861	0.01891	0.02363	0.02174	0.01702	0.02174	0.01513	0.02269	0.01134	0.00851	0.00851	0.00284	0.01134	0.00756	0.00378	0.00945
7	0.01644	0.01377	0.01494	0.01385	0.01749	0.01485	0.01061	0.03070	0.34936	0.03196	0.16950	0.07824	0.17239	0.01556	0.00934	0.00287	0.00558	0.01324	0.00861	0.01072
8	0.01216	0.00912	0.01368	0.01368	0.01520	0.01064	0.01064	0.01520	0.01368	0.01976	0.02279	0.03343	0.02127	0.06382	0.66720	0.01368	0.02279	0.00912	0.00456	0.00760
9	0.01919	0.02742	0.25175	0.02440	0.03255	0.01898	0.17350	0.09576	0.06144	0.03041	0.02390	0.03685	0.02079	0.01158	0.00944	0.00299	0.01127	0.13063	0.00557	0.01158
10	0.76103	0.01646	0.01251	0.01119	0.01646	0.01909	0.00922	0.02502	0.01448	0.03818	0.01185	0.01382	0.00922	0.00790	0.00527	0.00263	0.00658	0.00461	0.00527	0.00922
11	0.01862	0.01862	0.02607	0.02234	0.02234	0.02607	0.01862	0.02048	0.01303	0.02048	0.01117	0.01862	0.01117	0.01489	0.02793	0.00372	0.68535	0.00745	0.00372	0.00931
12	0.06321	0.01967	0.02269	0.02040	0.07641	0.02118	0.01516	0.25749	0.20520	0.16803	0.02645	0.02519	0.01882	0.01033	0.00841	0.00267	0.00810	0.00826	0.00845	0.01386
13	0.26750	0.07635	0.01998	0.01451	0.02051	0.08209	0.01202	0.03410	0.02058	0.33955	0.02273	0.02146	0.01540	0.00924	0.00715	0.00252	0.00800	0.00665	0.00765	0.01203
14	0.19143	0.01702	0.06374	0.01495	0.02168	0.01444	0.01316	0.03691	0.02179	0.47715	0.02761	0.02494	0.01779	0.00979	0.00782	0.00264	0.00748	0.00755	0.00891	0.01322
15	0.01195	0.00870	0.01125	0.01061	0.01266	0.00799	0.00796	0.01588	0.02387	0.03361	0.61746	0.06442	0.10651	0.01759	0.01004	0.00269	0.00403	0.01551	0.00930	0.00799
16	0.01607	0.01513	0.02552	0.68047	0.05861	0.01891	0.02363	0.02174	0.01702	0.02174	0.01513	0.02269	0.01134	0.00851	0.00851	0.00284	0.01134	0.00756	0.00378	0.00945
17	0.27632	0.15747	0.01924	0.01196	0.01631	0.01759	0.00996	0.02353	0.01592	0.10181	0.01691	0.02022	0.01363	0.01288	0.01167	0.16024	0.00705	0.00604	0.09237	0.00889
18	0.01077	0.00859	0.00964	0.00949	0.01196	0.00747	0.00708	0.01355	0.02091	0.02684	0.27985	0.10245	0.42072	0.02032	0.01009	0.00283	0.00423	0.01733	0.00842	0.00747
19	0.03069	0.03139	0.02865	0.02341	0.02914	0.39413	0.14114	0.03415	0.02332	0.15542	0.01830	0.01980	0.01350	0.00881	0.00835	0.00243	0.01343	0.00708	0.00566	0.01117
20	0.01238	0.00825	0.00928	0.00928	0.00928	0.00825	0.00516	0.01238	0.01238	0.01650	0.02681	0.05569	0.03094	0.70092	0.04331	0.00825	0.00825	0.01238	0.00516	0.00516
21	0.03335	0.02445	0.02427	0.01909	0.02552	0.11355	0.01553	0.43041	0.03489	0.16014	0.02185	0.02130	0.01520	0.01007	0.00840	0.00252	0.00981	0.00752	0.00831	0.01383
22	0.02431	0.02403	0.02204	0.05841	0.02558	0.19448	0.01453	0.13634	0.04264	0.02999	0.01589	0.01837	0.01274	0.00865	0.00892	0.00209	0.06060	0.00613	0.00544	0.28883
23	0.02343	0.65611	0.04306	0.01511	0.02218	0.08117	0.01470	0.02612	0.01780	0.02008	0.01193	0.01378	0.01092	0.00739	0.00563	0.00185	0.00957	0.00462	0.00370	0.01084
24	0.76103	0.01646	0.01251	0.01119	0.01646	0.01909	0.00922	0.02502	0.01448	0.03818	0.01185	0.01382	0.00922	0.00790	0.00527	0.00263	0.00658	0.00461	0.00527	0.00922
25	0.02338	0.02089	0.02776	0.11319	0.29863	0.06915	0.02068	0.10045	0.14981	0.05925	0.02087	0.02334	0.01609	0.00905	0.00844	0.00262	0.00973	0.00790	0.00589	0.01288
26	0.02018	0.01980	0.03287	0.10644	0.12184	0.02089	0.22576	0.03356	0.26194	0.02999	0.02369	0.02614	0.01798	0.00912	0.00909	0.00282	0.01039	0.00924	0.00595	0.01231
27	0.01238	0.00825	0.00928	0.00928	0.00928	0.00825	0.00516	0.01238	0.01238	0.01650	0.02681	0.05569	0.03094	0.70092	0.04331	0.00825	0.00825	0.01238	0.00516	0.00516
28	0.01049	0.00750	0.00999	0.01176	0.01237	0.00700	0.00791	0.01217	0.01688	0.02265	0.09165	0.64797	0.05809	0.02597	0.01080	0.00340	0.00487	0.02353	0.00801	0.00700
29	0.02979	0.02256	0.02410	0.01906	0.02541	0.02519	0.01556	0.48789	0.17575	0.04950	0.02369	0.02302	0.01711	0.01052	0.00855	0.00263	0.00876	0.00811	0.00855	0.01424
30	0.11454	0.01224	0.01443	0.01195	0.01664	0.01155	0.00964	0.03135	0.02074	0.34619	0.02883	0.02823	0.01996	0.00999	0.00718	0.00239	0.00592	0.00786	0.28900	0.01139
31	0.22488	0.02189	0.02210	0.01736	0.02377	0.02446	0.01434	0.46240	0.03327	0.04955	0.01816	0.01869	0.01308	0.00960	0.00766	0.00257	0.00863	0.00686	0.00766	0.01308
32	0.01236	0.00831	0.00958	0.00958	0.00969	0.00841	0.00553	0.01257	0.01247	0.01673	0.02654	0.05416	0.03027	0.65701	0.08631	0.00862	0.00925	0.01215	0.00512	0.00532
33	0.02275	0.70604	0.04459	0.01456	0.02184	0.03367	0.01456	0.02548	0.01729	0.02002	0.01183	0.01365	0.01092	0.00728	0.00546	0.00182	0.00910	0.00455	0.00364	0.01092
