[name]
unknown

[dist]
# distance from previous block
# <min> <max>
0	683

[block]
# block no. 0 follows, 24 sequences, length 110
# corresponding to MSA columns:
# 762-871
name=unknown_A
#
# <colnr> <probs for GDERKNQSTAVLIFYWHMCP>
#	G	D	E	R	K	N	Q	S	T	A	V	L	I	F	Y	W	H	M	C	P
0	0.05776	0.01593	0.04259	0.05251	0.02220	0.01582	0.01351	0.14681	0.09173	0.24826	0.02883	0.06295	0.04264	0.01205	0.00921	0.00270	0.04348	0.07191	0.00770	0.01143
1	0.02251	0.01581	0.01776	0.01506	0.04715	0.04419	0.01134	0.14670	0.05940	0.14755	0.04864	0.02763	0.06282	0.04611	0.00906	0.00233	0.00696	0.00776	0.03356	0.22766
2	0.02003	0.01737	0.02154	0.11311	0.06160	0.04200	0.04296	0.16531	0.18366	0.03077	0.02406	0.06499	0.04101	0.01331	0.04451	0.00312	0.05689	0.00882	0.00616	0.03878
3	0.06107	0.13508	0.08278	0.06800	0.04724	0.02207	0.01659	0.12307	0.01922	0.09069	0.04075	0.01953	0.01428	0.01015	0.01260	0.00263	0.21193	0.00670	0.00509	0.01053
4	0.01138	0.00823	0.01138	0.01135	0.01236	0.00911	0.00823	0.01340	0.01288	0.01818	0.05616	0.03894	0.02544	0.25899	0.45631	0.01067	0.01619	0.00973	0.00465	0.00641
5	0.02120	0.72609	0.04155	0.01357	0.02035	0.03138	0.01357	0.02374	0.01611	0.01866	0.01102	0.01272	0.01018	0.00678	0.00509	0.00170	0.00848	0.00424	0.00339	0.01018
6	0.01122	0.00811	0.01060	0.00998	0.01185	0.00748	0.00748	0.01496	0.02245	0.03180	0.66766	0.05923	0.07482	0.01621	0.00935	0.00249	0.00374	0.01434	0.00873	0.00748
7	0.01059	0.00808	0.00973	0.00932	0.01146	0.00721	0.00699	0.01375	0.02096	0.02827	0.46808	0.06504	0.27661	0.01753	0.00936	0.00256	0.00383	0.01515	0.00827	0.00721
8	0.01102	0.00810	0.01032	0.00977	0.01172	0.00740	0.00732	0.01457	0.02197	0.03067	0.60382	0.06109	0.13937	0.01663	0.00935	0.00251	0.00377	0.01460	0.00858	0.00740
9	0.01041	0.00807	0.00947	0.00912	0.01135	0.00714	0.00684	0.01339	0.02053	0.02725	0.41000	0.06673	0.33533	0.01791	0.00936	0.00257	0.00386	0.01539	0.00813	0.00714
10	0.77733	0.01534	0.01166	0.01043	0.01534	0.01779	0.00859	0.02331	0.01350	0.03558	0.01104	0.01288	0.00859	0.00736	0.00491	0.00245	0.00613	0.00429	0.00491	0.00859
11	0.77733	0.01534	0.01166	0.01043	0.01534	0.01779	0.00859	0.02331	0.01350	0.03558	0.01104	0.01288	0.00859	0.00736	0.00491	0.00245	0.00613	0.00429	0.00491	0.00859
12	0.77733	0.01534	0.01166	0.01043	0.01534	0.01779	0.00859	0.02331	0.01350	0.03558	0.01104	0.01288	0.00859	0.00736	0.00491	0.00245	0.00613	0.00429	0.00491	0.00859
13	0.01735	0.01735	0.02429	0.02082	0.02082	0.02429	0.01735	0.01908	0.01214	0.01908	0.01041	0.01735	0.01041	0.01388	0.02602	0.00347	0.70680	0.00694	0.00347	0.00867
14	0.03558	0.01350	0.01840	0.01411	0.02024	0.01166	0.01166	0.03865	0.02270	0.67734	0.03128	0.02699	0.01963	0.00981	0.00797	0.00245	0.00675	0.00797	0.00981	0.01350
15	0.77733	0.01534	0.01166	0.01043	0.01534	0.01779	0.00859	0.02331	0.01350	0.03558	0.01104	0.01288	0.00859	0.00736	0.00491	0.00245	0.00613	0.00429	0.00491	0.00859
16	0.01557	0.00824	0.00885	0.00862	0.01074	0.00823	0.00648	0.02010	0.05223	0.06273	0.06509	0.07833	0.02588	0.01083	0.00634	0.00206	0.00406	0.00895	0.58876	0.00793
17	0.01637	0.10085	0.62445	0.02181	0.03310	0.01955	0.02792	0.02499	0.01669	0.02455	0.01395	0.01639	0.01006	0.00747	0.00732	0.00244	0.01144	0.00572	0.00335	0.01158
18	0.03558	0.01350	0.01840	0.01411	0.02024	0.01166	0.01166	0.03865	0.02270	0.67734	0.03128	0.02699	0.01963	0.00981	0.00797	0.00245	0.00675	0.00797	0.00981	0.01350
19	0.03558	0.01350	0.01840	0.01411	0.02024	0.01166	0.01166	0.03865	0.02270	0.67734	0.03128	0.02699	0.01963	0.00981	0.00797	0.00245	0.00675	0.00797	0.00981	0.01350
20	0.03323	0.01493	0.01901	0.01482	0.02081	0.01408	0.01216	0.11241	0.09198	0.53294	0.02991	0.02630	0.01937	0.00988	0.00798	0.00247	0.00694	0.00798	0.00940	0.01339
21	0.03391	0.01312	0.01787	0.01382	0.01967	0.01137	0.01137	0.03702	0.02268	0.63299	0.07501	0.02921	0.02342	0.01025	0.00807	0.00246	0.00654	0.00841	0.00974	0.01308
22	0.03405	0.01595	0.01992	0.01527	0.02147	0.01529	0.01262	0.20935	0.02680	0.50084	0.02784	0.02475	0.01790	0.00973	0.00796	0.00243	0.00730	0.00774	0.00929	0.01349
23	0.03326	0.01529	0.01932	0.01489	0.02089	0.01449	0.01227	0.17905	0.02609	0.50317	0.05597	0.02653	0.02059	0.01002	0.00802	0.00244	0.00708	0.00806	0.00933	0.01323
24	0.01498	0.01409	0.02378	0.70226	0.05462	0.01762	0.02202	0.02026	0.01586	0.02026	0.01409	0.02114	0.01057	0.00793	0.00793	0.00264	0.01057	0.00705	0.00352	0.00881
25	0.05919	0.01553	0.01667	0.01500	0.01939	0.01734	0.01183	0.03722	0.48251	0.09348	0.03495	0.03517	0.06849	0.01178	0.00815	0.00271	0.00622	0.04465	0.00798	0.01173
26	0.77733	0.01534	0.01166	0.01043	0.01534	0.01779	0.00859	0.02331	0.01350	0.03558	0.01104	0.01288	0.00859	0.00736	0.00491	0.00245	0.00613	0.00429	0.00491	0.00859
27	0.03249	0.01281	0.01741	0.01358	0.01918	0.01113	0.01113	0.03564	0.02266	0.59541	0.11205	0.03108	0.02663	0.01063	0.00815	0.00246	0.00637	0.00878	0.00968	0.01273
28	0.01830	0.01773	0.03045	0.21055	0.42136	0.01885	0.07172	0.02380	0.03871	0.02444	0.01522	0.02040	0.01233	0.00762	0.00864	0.00250	0.03480	0.00730	0.00395	0.01133
29	0.01972	0.01703	0.01793	0.01614	0.02062	0.01972	0.01255	0.04214	0.65752	0.03317	0.03228	0.02959	0.02421	0.01076	0.00807	0.00269	0.00628	0.00897	0.00807	0.01255
30	0.03023	0.01222	0.01659	0.01334	0.01842	0.01066	0.01075	0.03319	0.02187	0.53885	0.10024	0.10371	0.02899	0.01209	0.00835	0.00254	0.00620	0.01020	0.00944	0.01211
31	0.00966	0.00690	0.00920	0.01104	0.01150	0.00644	0.00736	0.01104	0.01518	0.02024	0.04371	0.71614	0.05245	0.02484	0.01012	0.00322	0.00460	0.02254	0.00736	0.00644
32	0.01069	0.00778	0.01006	0.01012	0.01168	0.00715	0.00735	0.01369	0.02023	0.02804	0.46307	0.23332	0.10973	0.01875	0.00956	0.00270	0.00399	0.01666	0.00828	0.00715
33	0.01972	0.01703	0.01793	0.01614	0.02062	0.01972	0.01255	0.04214	0.65752	0.03317	0.03228	0.02959	0.02421	0.01076	0.00807	0.00269	0.00628	0.00897	0.00807	0.01255
34	0.01884	0.02084	0.04313	0.03123	0.03880	0.02001	0.56302	0.02753	0.09979	0.02639	0.01810	0.02243	0.01358	0.00720	0.00919	0.00268	0.01247	0.00931	0.00453	0.01093
35	0.02196	0.02295	0.02875	0.10377	0.43333	0.17542	0.02161	0.05253	0.01971	0.02489	0.01440	0.01850	0.01186	0.00751	0.00770	0.00231	0.01064	0.00661	0.00410	0.01145
36	0.01156	0.00896	0.01285	0.01665	0.11589	0.00862	0.00974	0.01341	0.01555	0.02112	0.06894	0.48748	0.04428	0.10998	0.01356	0.00361	0.00571	0.01827	0.00656	0.00726
37	0.02568	0.11741	0.18592	0.01848	0.02593	0.02108	0.04013	0.23551	0.02467	0.16946	0.01890	0.01933	0.01332	0.00882	0.00830	0.00240	0.03938	0.00669	0.00628	0.01231
38	0.01972	0.01703	0.01793	0.01614	0.02062	0.01972	0.01255	0.04214	0.65752	0.03317	0.03228	0.02959	0.02421	0.01076	0.00807	0.00269	0.00628	0.00897	0.00807	0.01255
39	0.01242	0.00961	0.01075	0.01063	0.01292	0.00833	0.00770	0.01427	0.02048	0.02684	0.28030	0.13926	0.37472	0.02024	0.01028	0.00306	0.00480	0.01682	0.00847	0.00812
40	0.77733	0.01534	0.01166	0.01043	0.01534	0.01779	0.00859	0.02331	0.01350	0.03558	0.01104	0.01288	0.00859	0.00736	0.00491	0.00245	0.00613	0.00429	0.00491	0.00859
41	0.01590	0.04102	0.68023	0.02260	0.03432	0.01842	0.02930	0.02511	0.01674	0.02511	0.01423	0.01674	0.01005	0.00753	0.00753	0.00251	0.01172	0.00586	0.00335	0.01172
42	0.01201	0.00858	0.01190	0.01373	0.01522	0.00847	0.01145	0.01510	0.01750	0.02287	0.04241	0.24358	0.04731	0.02263	0.01075	0.00355	0.00664	0.47191	0.00732	0.00709
43	0.03014	0.02221	0.02380	0.01825	0.02459	0.02459	0.01507	0.64541	0.03728	0.04998	0.01904	0.01904	0.01349	0.00952	0.00793	0.00238	0.00873	0.00714	0.00793	0.01349
44	0.01478	0.00739	0.00739	0.00739	0.00924	0.00739	0.00554	0.01848	0.01663	0.02956	0.02587	0.02956	0.02033	0.00924	0.00554	0.00185	0.00370	0.00739	0.76534	0.00739
45	0.02962	0.03779	0.02247	0.02043	0.02451	0.68948	0.01532	0.03166	0.02247	0.01941	0.01226	0.01430	0.01021	0.00817	0.00715	0.00204	0.01430	0.00511	0.00409	0.00919
46	0.01644	0.01409	0.01644	0.01175	0.01879	0.01057	0.00940	0.01997	0.01644	0.02584	0.01409	0.01644	0.01175	0.00587	0.00587	0.00117	0.00587	0.00470	0.00470	0.76979
47	0.03014	0.02221	0.02380	0.01825	0.02459	0.02459	0.01507	0.64541	0.03728	0.04998	0.01904	0.01904	0.01349	0.00952	0.00793	0.00238	0.00873	0.00714	0.00793	0.01349
48	0.00990	0.00818	0.00877	0.00897	0.01150	0.00705	0.00696	0.01221	0.01833	0.02228	0.10720	0.07706	0.55748	0.02011	0.00957	0.00279	0.00442	0.09298	0.00743	0.00681
49	0.77733	0.01534	0.01166	0.01043	0.01534	0.01779	0.00859	0.02331	0.01350	0.03558	0.01104	0.01288	0.00859	0.00736	0.00491	0.00245	0.00613	0.00429	0.00491	0.00859
50	0.77733	0.01534	0.01166	0.01043	0.01534	0.01779	0.00859	0.02331	0.01350	0.03558	0.01104	0.01288	0.00859	0.00736	0.00491	0.00245	0.00613	0.00429	0.00491	0.00859
51	0.01034	0.00807	0.00937	0.00905	0.01130	0.00711	0.00678	0.01325	0.02035	0.02683	0.38665	0.06741	0.35894	0.01806	0.00936	0.00258	0.00387	0.01549	0.00808	0.00711
52	0.77733	0.01534	0.01166	0.01043	0.01534	0.01779	0.00859	0.02331	0.01350	0.03558	0.01104	0.01288	0.00859	0.00736	0.00491	0.00245	0.00613	0.00429	0.00491	0.00859
53	0.01963	0.01884	0.03219	0.04867	0.67185	0.01884	0.02434	0.02434	0.01806	0.02591	0.01492	0.01963	0.01256	0.00707	0.00785	0.00236	0.00942	0.00707	0.00393	0.01256
54	0.77733	0.01534	0.01166	0.01043	0.01534	0.01779	0.00859	0.02331	0.01350	0.03558	0.01104	0.01288	0.00859	0.00736	0.00491	0.00245	0.00613	0.00429	0.00491	0.00859
55	0.01859	0.01718	0.02097	0.01838	0.02072	0.02191	0.01485	0.03111	0.34873	0.02643	0.02181	0.02373	0.01761	0.01225	0.01666	0.00306	0.34145	0.00800	0.00587	0.01070
56	0.00965	0.00696	0.00914	0.01088	0.01146	0.00645	0.00729	0.01106	0.01533	0.02030	0.04562	0.68271	0.08465	0.02459	0.01008	0.00319	0.00457	0.02224	0.00736	0.00645
57	0.01099	0.00810	0.01027	0.00973	0.01170	0.00738	0.00730	0.01451	0.02189	0.03048	0.59312	0.06140	0.15019	0.01670	0.00936	0.00252	0.00378	0.01464	0.00856	0.00738
58	0.01498	0.01409	0.02378	0.70226	0.05462	0.01762	0.02202	0.02026	0.01586	0.02026	0.01409	0.02114	0.01057	0.00793	0.00793	0.00264	0.01057	0.00705	0.00352	0.00881
59	0.01590	0.04102	0.68023	0.02260	0.03432	0.01842	0.02930	0.02511	0.01674	0.02511	0.01423	0.01674	0.01005	0.00753	0.00753	0.00251	0.01172	0.00586	0.00335	0.01172
60	0.01006	0.00806	0.00899	0.00876	0.01114	0.00699	0.00657	0.01272	0.01971	0.02530	0.29973	0.06993	0.44682	0.01864	0.00936	0.00261	0.00391	0.01584	0.00787	0.00699
61	0.02120	0.72609	0.04155	0.01357	0.02035	0.03138	0.01357	0.02374	0.01611	0.01866	0.01102	0.01272	0.01018	0.00678	0.00509	0.00170	0.00848	0.00424	0.00339	0.01018
62	0.03558	0.01350	0.01840	0.01411	0.02024	0.01166	0.01166	0.03865	0.02270	0.67734	0.03128	0.02699	0.01963	0.00981	0.00797	0.00245	0.00675	0.00797	0.00981	0.01350
63	0.01039	0.00742	0.01004	0.01187	0.01265	0.00707	0.00862	0.01230	0.01590	0.02106	0.04331	0.57006	0.05086	0.02416	0.01032	0.00332	0.00523	0.16145	0.00735	0.00664
64	0.23674	0.44966	0.03234	0.01411	0.02029	0.06090	0.04666	0.02412	0.01584	0.02388	0.01137	0.01332	0.00983	0.00701	0.00538	0.00198	0.00838	0.00458	0.00389	0.00970
65	0.77733	0.01534	0.01166	0.01043	0.01534	0.01779	0.00859	0.02331	0.01350	0.03558	0.01104	0.01288	0.00859	0.00736	0.00491	0.00245	0.00613	0.00429	0.00491	0.00859
66	0.01123	0.00749	0.00984	0.01087	0.01197	0.00689	0.00753	0.01311	0.01688	0.05609	0.14394	0.54184	0.08759	0.02244	0.00985	0.00304	0.00454	0.02018	0.00770	0.00698
67	0.01219	0.00894	0.01196	0.01348	0.01545	0.00871	0.01162	0.01556	0.01822	0.02333	0.04857	0.08719	0.15263	0.02159	0.01068	0.00348	0.00674	0.51513	0.00731	0.00720
68	0.74775	0.01561	0.01214	0.01074	0.01570	0.01806	0.00884	0.04793	0.01444	0.03615	0.01136	0.01313	0.00878	0.00745	0.00503	0.00245	0.00624	0.00441	0.00503	0.00878
69	0.01695	0.01997	0.09895	0.39039	0.06919	0.04698	0.16693	0.02359	0.04574	0.02272	0.01533	0.02076	0.01152	0.00770	0.00819	0.00260	0.01127	0.00746	0.00386	0.00988
70	0.01270	0.00857	0.01131	0.01096	0.01307	0.00797	0.00861	0.01633	0.02155	0.06328	0.50163	0.06362	0.08692	0.01704	0.00957	0.00271	0.00455	0.12341	0.00848	0.00773
71	0.02943	0.01308	0.01671	0.01341	0.01879	0.01190	0.01088	0.03478	0.10254	0.49204	0.03915	0.03511	0.12266	0.01156	0.00821	0.00252	0.00626	0.00948	0.00921	0.01230
72	0.02120	0.72609	0.04155	0.01357	0.02035	0.03138	0.01357	0.02374	0.01611	0.01866	0.01102	0.01272	0.01018	0.00678	0.00509	0.00170	0.00848	0.00424	0.00339	0.01018
73	0.06635	0.01795	0.05278	0.07896	0.02680	0.01756	0.10195	0.21510	0.02386	0.18867	0.02101	0.02399	0.01550	0.06066	0.04989	0.00344	0.00971	0.00781	0.00664	0.01137
74	0.16068	0.01473	0.01783	0.01393	0.01987	0.01407	0.01150	0.10058	0.02269	0.50188	0.02655	0.02375	0.01711	0.00937	0.00745	0.00245	0.00685	0.00726	0.00878	0.01266
75	0.77733	0.01534	0.01166	0.01043	0.01534	0.01779	0.00859	0.02331	0.01350	0.03558	0.01104	0.01288	0.00859	0.00736	0.00491	0.00245	0.00613	0.00429	0.00491	0.00859
76	0.00937	0.00803	0.00803	0.00803	0.01071	0.00669	0.00602	0.01138	0.01807	0.02142	0.08033	0.07632	0.66863	0.02008	0.00937	0.00268	0.00402	0.01674	0.00736	0.00669
77	0.01819	0.01983	0.03810	0.02855	0.03348	0.02169	0.40135	0.02296	0.01618	0.02296	0.01387	0.01983	0.01141	0.00946	0.01580	0.00298	0.28124	0.00842	0.00380	0.00991
78	0.01153	0.00769	0.00865	0.00865	0.00865	0.00769	0.00480	0.01153	0.01153	0.01538	0.02499	0.05189	0.02883	0.72131	0.04036	0.00769	0.00769	0.01153	0.00480	0.00480
79	0.01541	0.01460	0.02428	0.61377	0.08532	0.01820	0.02178	0.02039	0.01569	0.02047	0.01385	0.02076	0.01067	0.00835	0.00934	0.00269	0.06483	0.00704	0.00354	0.00900
80	0.01207	0.00876	0.01182	0.01306	0.01491	0.00851	0.01103	0.01549	0.01883	0.02476	0.15299	0.10972	0.10742	0.02089	0.01050	0.00335	0.00628	0.43483	0.00756	0.00724
81	0.00966	0.00690	0.00920	0.01104	0.01150	0.00644	0.00736	0.01104	0.01518	0.02024	0.04371	0.71614	0.05245	0.02484	0.01012	0.00322	0.00460	0.02254	0.00736	0.00644
82	0.02962	0.03779	0.02247	0.02043	0.02451	0.68948	0.01532	0.03166	0.02247	0.01941	0.01226	0.01430	0.01021	0.00817	0.00715	0.00204	0.01430	0.00511	0.00409	0.00919
83	0.02769	0.01650	0.02175	0.22018	0.03188	0.01762	0.01585	0.22961	0.02538	0.27874	0.02221	0.02268	0.01495	0.00916	0.00795	0.00249	0.00853	0.00743	0.00733	0.01210
84	0.02677	0.01767	0.02253	0.22708	0.03278	0.01941	0.01640	0.31109	0.02728	0.18827	0.02040	0.02155	0.01404	0.00910	0.00794	0.00248	0.00883	0.00731	0.00702	0.01205
85	0.01904	0.01824	0.03112	0.13163	0.59351	0.01869	0.02404	0.02382	0.01778	0.02519	0.01481	0.01982	0.01231	0.00717	0.00786	0.00239	0.00957	0.00706	0.00387	0.01208
86	0.77733	0.01534	0.01166	0.01043	0.01534	0.01779	0.00859	0.02331	0.01350	0.03558	0.01104	0.01288	0.00859	0.00736	0.00491	0.00245	0.00613	0.00429	0.00491	0.00859
87	0.01644	0.01409	0.01644	0.01175	0.01879	0.01057	0.00940	0.01997	0.01644	0.02584	0.01409	0.01644	0.01175	0.00587	0.00587	0.00117	0.00587	0.00470	0.00470	0.76979
88	0.03558	0.01350	0.01840	0.01411	0.02024	0.01166	0.01166	0.03865	0.02270	0.67734	0.03128	0.02699	0.01963	0.00981	0.00797	0.00245	0.00675	0.00797	0.00981	0.01350
89	0.01122	0.00811	0.01060	0.00998	0.01185	0.00748	0.00748	0.01496	0.02245	0.03180	0.66766	0.05923	0.07482	0.01621	0.00935	0.00249	0.00374	0.01434	0.00873	0.00748
90	0.01521	0.01414	0.02315	0.58008	0.04804	0.01791	0.02065	0.01960	0.01510	0.01978	0.01361	0.02081	0.01072	0.00970	0.01141	0.04228	0.09875	0.00703	0.00351	0.00852
91	0.77733	0.01534	0.01166	0.01043	0.01534	0.01779	0.00859	0.02331	0.01350	0.03558	0.01104	0.01288	0.00859	0.00736	0.00491	0.00245	0.00613	0.00429	0.00491	0.00859
92	0.01644	0.01409	0.01644	0.01175	0.01879	0.01057	0.00940	0.01997	0.01644	0.02584	0.01409	0.01644	0.01175	0.00587	0.00587	0.00117	0.00587	0.00470	0.00470	0.76979
93	0.01498	0.01409	0.02378	0.70226	0.05462	0.01762	0.02202	0.02026	0.01586	0.02026	0.01409	0.02114	0.01057	0.00793	0.00793	0.00264	0.01057	0.00705	0.00352	0.00881
94	0.07614	0.01360	0.01803	0.01391	0.01997	0.01199	0.01149	0.03781	0.02219	0.64225	0.03018	0.02622	0.01903	0.00968	0.00781	0.00245	0.00671	0.00777	0.00955	0.01323
95	0.01872	0.02139	0.04679	0.03342	0.04144	0.02005	0.64305	0.02540	0.01872	0.02540	0.01604	0.02139	0.01203	0.00668	0.00936	0.00267	0.01337	0.00936	0.00401	0.01070
96	0.01618	0.00969	0.01339	0.01394	0.01645	0.00932	0.01193	0.01975	0.01949	0.12793	0.11971	0.07575	0.04524	0.01927	0.01028	0.00332	0.00676	0.44543	0.00788	0.00830
97	0.02120	0.72609	0.04155	0.01357	0.02035	0.03138	0.01357	0.02374	0.01611	0.01866	0.01102	0.01272	0.01018	0.00678	0.00509	0.00170	0.00848	0.00424	0.00339	0.01018
98	0.01498	0.01409	0.02378	0.70226	0.05462	0.01762	0.02202	0.02026	0.01586	0.02026	0.01409	0.02114	0.01057	0.00793	0.00793	0.00264	0.01057	0.00705	0.00352	0.00881
99	0.02120	0.72609	0.04155	0.01357	0.02035	0.03138	0.01357	0.02374	0.01611	0.01866	0.01102	0.01272	0.01018	0.00678	0.00509	0.00170	0.00848	0.00424	0.00339	0.01018
100	0.00996	0.00765	0.00989	0.04774	0.01377	0.00729	0.00796	0.01178	0.01580	0.02044	0.04993	0.48633	0.19957	0.02455	0.04495	0.00355	0.00564	0.01956	0.00699	0.00666
101	0.01133	0.00850	0.01274	0.01274	0.01416	0.00991	0.00991	0.01416	0.01274	0.01841	0.02124	0.03115	0.01982	0.05947	0.68989	0.01274	0.02124	0.00850	0.00425	0.00708
102	0.01760	0.01801	0.03430	0.28272	0.22158	0.01882	0.24345	0.02322	0.01748	0.02366	0.01502	0.02081	0.01164	0.00725	0.00841	0.00257	0.01125	0.00787	0.00381	0.01052
103	0.02261	0.05526	0.03232	0.02887	0.17379	0.01960	0.21250	0.07306	0.08784	0.13305	0.01954	0.02187	0.01457	0.00843	0.00952	0.00255	0.05927	0.00798	0.00558	0.01180
104	0.20025	0.02152	0.01702	0.01504	0.01884	0.22783	0.01157	0.05509	0.06965	0.09550	0.01790	0.02210	0.01478	0.09458	0.01185	0.00300	0.04977	0.00660	0.03780	0.00934
105	0.01265	0.00909	0.01260	0.01436	0.01622	0.00904	0.01253	0.01624	0.01825	0.02365	0.04340	0.08897	0.06854	0.02184	0.01089	0.00362	0.00718	0.59635	0.00730	0.00728
106	0.01832	0.02062	0.04436	0.10405	0.04283	0.01980	0.57747	0.02486	0.01841	0.02486	0.01584	0.02136	0.01188	0.00682	0.00921	0.00267	0.01307	0.00911	0.00396	0.01050
107	0.06050	0.11095	0.08543	0.08975	0.15660	0.04211	0.11073	0.05030	0.01925	0.12086	0.06302	0.02222	0.01697	0.00830	0.00765	0.00238	0.00937	0.00738	0.00520	0.01104
108	0.02394	0.01863	0.16626	0.01550	0.02160	0.01275	0.01489	0.02969	0.07155	0.32502	0.03187	0.13257	0.05137	0.01254	0.00838	0.00266	0.00742	0.03429	0.00764	0.01143
109	0.00990	0.00722	0.00936	0.01082	0.01170	0.00668	0.00751	0.01163	0.01616	0.02135	0.09051	0.56801	0.12128	0.02357	0.01003	0.00313	0.00462	0.05248	0.00745	0.00659

[dist]
# distance from previous block
# <min> <max>
1	9

[block]
# block no. 1 follows, 24 sequences, length 13
# corresponding to MSA columns:
# 881-893
name=unknown_B
#
# <colnr> <probs for GDERKNQSTAVLIFYWHMCP>
#	G	D	E	R	K	N	Q	S	T	A	V	L	I	F	Y	W	H	M	C	P
0	0.16352	0.05858	0.18894	0.01701	0.02415	0.10337	0.01668	0.12239	0.02136	0.18450	0.01802	0.01832	0.01260	0.00839	0.00706	0.00237	0.00925	0.00610	0.00595	0.01144
1	0.01321	0.01192	0.01957	0.01678	0.02010	0.01181	0.15676	0.01831	0.07299	0.02269	0.03832	0.16958	0.15287	0.02581	0.15888	0.00506	0.01054	0.06061	0.00596	0.00823
2	0.01742	0.19053	0.20829	0.01522	0.02351	0.01770	0.01596	0.02230	0.01645	0.02393	0.01340	0.01564	0.01090	0.00655	0.00615	0.00167	0.00813	0.00491	0.00401	0.37730
3	0.10747	0.03546	0.02135	0.01939	0.02356	0.61954	0.01462	0.03080	0.02154	0.02109	0.01213	0.01415	0.01005	0.00809	0.00692	0.00209	0.01345	0.00502	0.00417	0.00913
4	0.00966	0.00690	0.00920	0.01104	0.01150	0.00644	0.00736	0.01104	0.01518	0.02024	0.04371	0.71614	0.05245	0.02484	0.01012	0.00322	0.00460	0.02254	0.00736	0.00644
5	0.01916	0.08947	0.07160	0.01566	0.01981	0.01881	0.01339	0.10793	0.24955	0.02831	0.05547	0.02496	0.01980	0.01364	0.01364	0.14528	0.06977	0.00772	0.00597	0.01005
6	0.01041	0.00756	0.00992	0.01113	0.01224	0.00707	0.00809	0.01264	0.01729	0.02312	0.16867	0.44383	0.10395	0.02234	0.01004	0.00310	0.00479	0.10940	0.00762	0.00679
7	0.01167	0.01250	0.10291	0.01174	0.01453	0.00894	0.01021	0.01509	0.01828	0.02532	0.30684	0.13651	0.10029	0.13897	0.01466	0.00357	0.00586	0.04775	0.00694	0.00740
8	0.01590	0.04102	0.68023	0.02260	0.03432	0.01842	0.02930	0.02511	0.01674	0.02511	0.01423	0.01674	0.01005	0.00753	0.00753	0.00251	0.01172	0.00586	0.00335	0.01172
9	0.09286	0.21849	0.15616	0.01554	0.02287	0.01974	0.01561	0.06280	0.01964	0.27368	0.01980	0.01930	0.01378	0.00828	0.00681	0.00225	0.00827	0.00614	0.00620	0.01178
10	0.43293	0.01760	0.01670	0.01361	0.01916	0.01958	0.01123	0.24734	0.02296	0.10755	0.01601	0.01655	0.01149	0.00839	0.00631	0.00243	0.00712	0.00569	0.00650	0.01085
11	0.02241	0.01058	0.01418	0.01187	0.01570	0.00940	0.00940	0.02584	0.02256	0.32827	0.37540	0.04443	0.04947	0.01327	0.00872	0.00248	0.00512	0.01142	0.00923	0.01024
12	0.01798	0.25709	0.36337	0.02052	0.02934	0.02322	0.07804	0.02419	0.01633	0.02256	0.01304	0.01592	0.01030	0.00775	0.00847	0.00235	0.06949	0.00574	0.00343	0.01088

[dist]
# distance from previous block
# <min> <max>
16	76

[block]
# block no. 2 follows, 24 sequences, length 24
# corresponding to MSA columns:
# 977-1000
name=unknown_C
#
# <colnr> <probs for GDERKNQSTAVLIFYWHMCP>
#	G	D	E	R	K	N	Q	S	T	A	V	L	I	F	Y	W	H	M	C	P
0	0.54856	0.01510	0.01417	0.09708	0.02099	0.01704	0.01066	0.02427	0.05037	0.05656	0.01362	0.01567	0.01038	0.00759	0.00566	0.00238	0.00669	0.00507	0.00508	0.07306
1	0.01516	0.01851	0.13510	0.25446	0.07277	0.01604	0.05882	0.02217	0.07875	0.02458	0.10769	0.03134	0.08457	0.01048	0.00895	0.00262	0.03424	0.00907	0.00504	0.00963
2	0.01695	0.02903	0.36343	0.05472	0.02905	0.01910	0.02216	0.02790	0.17277	0.02615	0.01856	0.02071	0.01400	0.00932	0.01026	0.00267	0.10999	0.00690	0.03517	0.01116
3	0.00973	0.00789	0.00843	0.00858	0.01073	0.00681	0.00620	0.01166	0.01760	0.02168	0.12125	0.14438	0.49898	0.07606	0.01192	0.00312	0.00435	0.01677	0.00727	0.00658
4	0.02120	0.04682	0.13162	0.05694	0.07921	0.01783	0.11265	0.06003	0.01850	0.14312	0.01755	0.02036	0.01313	0.01063	0.03758	0.00287	0.10260	0.00706	0.00513	0.09517
5	0.02726	0.01420	0.01673	0.01360	0.01851	0.01426	0.01098	0.14619	0.12085	0.31086	0.02790	0.02653	0.01936	0.00977	0.00741	0.00233	0.00632	0.00783	0.18719	0.01191
6	0.02502	0.01923	0.02360	0.16522	0.08372	0.02132	0.01680	0.37268	0.07662	0.06285	0.01893	0.02053	0.01377	0.00896	0.00787	0.00242	0.00882	0.00720	0.00664	0.03779
7	0.05795	0.01761	0.07608	0.05867	0.07682	0.01555	0.09501	0.03209	0.04943	0.35892	0.02370	0.02352	0.01604	0.00911	0.00908	0.00256	0.05095	0.00769	0.00708	0.01213
8	0.01152	0.00805	0.01033	0.00976	0.01163	0.00747	0.00732	0.01526	0.02196	0.03161	0.61367	0.05674	0.07024	0.01562	0.00903	0.00244	0.00374	0.01376	0.07238	0.00747
9	0.01122	0.00811	0.01060	0.00998	0.01185	0.00748	0.00748	0.01496	0.02245	0.03180	0.66766	0.05923	0.07482	0.01621	0.00935	0.00249	0.00374	0.01434	0.00873	0.00748
10	0.00944	0.00777	0.00830	0.00873	0.01089	0.00664	0.00633	0.01130	0.01740	0.02115	0.07184	0.22471	0.52572	0.02119	0.00955	0.00280	0.00415	0.01808	0.00736	0.00664
11	0.01901	0.01565	0.01641	0.01488	0.01898	0.01795	0.01154	0.03873	0.56533	0.03265	0.03135	0.02958	0.02365	0.01054	0.00771	0.00257	0.00590	0.00874	0.11700	0.01181
12	0.01972	0.01703	0.01793	0.01614	0.02062	0.01972	0.01255	0.04214	0.65752	0.03317	0.03228	0.02959	0.02421	0.01076	0.00807	0.00269	0.00628	0.00897	0.00807	0.01255
13	0.77733	0.01534	0.01166	0.01043	0.01534	0.01779	0.00859	0.02331	0.01350	0.03558	0.01104	0.01288	0.00859	0.00736	0.00491	0.00245	0.00613	0.00429	0.00491	0.00859
14	0.01972	0.01703	0.01793	0.01614	0.02062	0.01972	0.01255	0.04214	0.65752	0.03317	0.03228	0.02959	0.02421	0.01076	0.00807	0.00269	0.00628	0.00897	0.00807	0.01255
15	0.01153	0.00769	0.00865	0.00865	0.00865	0.00769	0.00480	0.01153	0.01153	0.01538	0.02499	0.05189	0.02883	0.72131	0.04036	0.00769	0.00769	0.01153	0.00480	0.00480
16	0.00965	0.00695	0.00915	0.01090	0.01147	0.00645	0.00730	0.01106	0.01532	0.02030	0.04539	0.68669	0.08081	0.02462	0.01009	0.00320	0.00457	0.02228	0.00736	0.00645
17	0.01655	0.01645	0.02418	0.56775	0.08447	0.07155	0.02132	0.02132	0.01627	0.02043	0.01376	0.02027	0.01064	0.00828	0.00903	0.00263	0.05558	0.00689	0.00359	0.00904
18	0.77733	0.01534	0.01166	0.01043	0.01534	0.01779	0.00859	0.02331	0.01350	0.03558	0.01104	0.01288	0.00859	0.00736	0.00491	0.00245	0.00613	0.00429	0.00491	0.00859
19	0.01394	0.01134	0.01646	0.14638	0.08586	0.01203	0.01391	0.01961	0.07292	0.02670	0.23611	0.05497	0.04348	0.01505	0.00932	0.00288	0.00688	0.19680	0.00679	0.00859
20	0.01082	0.00768	0.00822	0.00852	0.01056	0.00686	0.00622	0.01321	0.01743	0.02370	0.09050	0.17958	0.37140	0.01814	0.00859	0.00257	0.00403	0.01541	0.18972	0.00686
21	0.01270	0.00960	0.01343	0.01326	0.01416	0.01116	0.01028	0.01446	0.01322	0.01850	0.02350	0.04300	0.02432	0.16843	0.29388	0.07246	0.11358	0.11870	0.00472	0.00661
22	0.01164	0.01071	0.01691	0.01456	0.01782	0.00965	0.14376	0.01460	0.01755	0.02213	0.05590	0.21302	0.35023	0.01840	0.00963	0.00286	0.00635	0.05012	0.00664	0.00753
23	0.77733	0.01534	0.01166	0.01043	0.01534	0.01779	0.00859	0.02331	0.01350	0.03558	0.01104	0.01288	0.00859	0.00736	0.00491	0.00245	0.00613	0.00429	0.00491	0.00859

[dist]
# distance from previous block
# <min> <max>
0	1

[block]
# block no. 3 follows, 24 sequences, length 21
# corresponding to MSA columns:
# 1002-1022
name=unknown_D
#
# <colnr> <probs for GDERKNQSTAVLIFYWHMCP>
#	G	D	E	R	K	N	Q	S	T	A	V	L	I	F	Y	W	H	M	C	P
0	0.01943	0.33177	0.03742	0.08054	0.11378	0.02530	0.14171	0.02320	0.01630	0.02116	0.01271	0.01672	0.01093	0.00791	0.00952	0.00231	0.10916	0.00625	0.00361	0.01027
1	0.01546	0.07466	0.19702	0.02281	0.15455	0.01518	0.06245	0.01958	0.01664	0.02261	0.04833	0.03212	0.15006	0.01308	0.01136	0.11277	0.00858	0.00890	0.00453	0.00933
2	0.02266	0.02016	0.02246	0.27879	0.03498	0.11628	0.01714	0.24127	0.07011	0.03110	0.01685	0.02019	0.01269	0.00978	0.00907	0.04367	0.00996	0.00693	0.00547	0.01048
3	0.01149	0.00897	0.01210	0.11079	0.01771	0.00949	0.00932	0.01397	0.01542	0.02052	0.12634	0.04799	0.16326	0.19303	0.19879	0.00652	0.01041	0.01155	0.00557	0.00678
4	0.01985	0.01446	0.01708	0.01259	0.01909	0.01191	0.01009	0.08449	0.01892	0.10164	0.01653	0.01831	0.01293	0.00785	0.00767	0.04272	0.00631	0.00543	0.00554	0.56660
5	0.14117	0.01376	0.01744	0.01358	0.01954	0.01253	0.01122	0.03646	0.02139	0.58598	0.02840	0.02498	0.01806	0.00947	0.00754	0.00245	0.00666	0.00745	0.00912	0.01280
6	0.77733	0.01534	0.01166	0.01043	0.01534	0.01779	0.00859	0.02331	0.01350	0.03558	0.01104	0.01288	0.00859	0.00736	0.00491	0.00245	0.00613	0.00429	0.00491	0.00859
7	0.01498	0.01409	0.02378	0.70226	0.05462	0.01762	0.02202	0.02026	0.01586	0.02026	0.01409	0.02114	0.01057	0.00793	0.00793	0.00264	0.01057	0.00705	0.00352	0.00881
8	0.01677	0.01470	0.02106	0.01921	0.05692	0.01817	0.05130	0.01938	0.03960	0.04806	0.01704	0.02865	0.01693	0.21750	0.02658	0.00450	0.36241	0.00855	0.00438	0.00827
9	0.01135	0.00851	0.01158	0.04067	0.01464	0.00877	0.00945	0.01359	0.01639	0.02214	0.12940	0.37028	0.04811	0.07962	0.01356	0.00356	0.04808	0.13650	0.00694	0.00686
10	0.01498	0.01409	0.02378	0.70226	0.05462	0.01762	0.02202	0.02026	0.01586	0.02026	0.01409	0.02114	0.01057	0.00793	0.00793	0.00264	0.01057	0.00705	0.00352	0.00881
11	0.02073	0.53710	0.17026	0.01590	0.02350	0.07603	0.01690	0.02459	0.01670	0.02003	0.01177	0.01365	0.01015	0.00704	0.00573	0.00189	0.00956	0.00463	0.00343	0.01042
12	0.02446	0.12103	0.02270	0.01554	0.02090	0.02139	0.01291	0.29386	0.17666	0.07592	0.06120	0.02425	0.02007	0.00981	0.00746	0.00233	0.00733	0.00765	0.06255	0.01198
13	0.13007	0.16168	0.11897	0.04585	0.02454	0.08188	0.08573	0.02379	0.01691	0.07456	0.01855	0.11730	0.01698	0.01028	0.00806	0.00246	0.03953	0.00830	0.00482	0.00973
14	0.32388	0.05249	0.13125	0.01551	0.02104	0.11524	0.01433	0.02684	0.10921	0.02887	0.01619	0.04578	0.01334	0.00906	0.00750	0.00249	0.04598	0.00626	0.00494	0.00977
15	0.12436	0.00928	0.01103	0.01067	0.01296	0.00905	0.00796	0.01709	0.01921	0.08297	0.35106	0.22671	0.05456	0.01672	0.00880	0.00268	0.00457	0.01456	0.00789	0.00786
16	0.12752	0.13583	0.49102	0.01953	0.02955	0.02019	0.02402	0.02465	0.01618	0.02571	0.01331	0.01560	0.00985	0.00740	0.00680	0.00239	0.01044	0.00540	0.00358	0.01104
17	0.02143	0.01518	0.01782	0.01306	0.01986	0.01278	0.01058	0.11394	0.02046	0.13125	0.01750	0.01847	0.01323	0.00702	0.00650	0.00155	0.00642	0.00557	0.00597	0.54140
18	0.12722	0.01428	0.01575	0.01155	0.01829	0.01162	0.00928	0.02045	0.01601	0.02726	0.01365	0.01592	0.01129	0.00609	0.00573	0.00136	0.00591	0.00464	0.00473	0.65897
19	0.02888	0.12281	0.02500	0.01670	0.02292	0.02302	0.01408	0.40384	0.08341	0.14829	0.02101	0.02032	0.01492	0.00927	0.00754	0.00232	0.00816	0.00701	0.00760	0.01293
20	0.01089	0.00799	0.01018	0.01022	0.01193	0.00737	0.00763	0.01393	0.02011	0.02754	0.42571	0.15945	0.14630	0.04086	0.01059	0.00289	0.00433	0.06683	0.00810	0.00713

[dist]
# distance from previous block
# <min> <max>
0	1

[block]
# block no. 4 follows, 24 sequences, length 6
# corresponding to MSA columns:
# 1024-1029
name=unknown_E
#
# <colnr> <probs for GDERKNQSTAVLIFYWHMCP>
#	G	D	E	R	K	N	Q	S	T	A	V	L	I	F	Y	W	H	M	C	P
0	0.01300	0.00939	0.01158	0.01221	0.01363	0.00940	0.00862	0.11433	0.01878	0.02508	0.03969	0.60264	0.04610	0.02235	0.00977	0.00308	0.00527	0.02004	0.00745	0.00759
1	0.15584	0.01461	0.01781	0.01390	0.01985	0.01386	0.01148	0.09289	0.02256	0.51418	0.02684	0.02395	0.01726	0.00939	0.00747	0.00245	0.00683	0.00730	0.00884	0.01270
2	0.01825	0.19835	0.05885	0.02131	0.05185	0.01952	0.20886	0.02237	0.01765	0.06240	0.08000	0.11897	0.02334	0.01079	0.00916	0.00250	0.05109	0.00988	0.00505	0.00984
3	0.01827	0.01537	0.01628	0.01481	0.01849	0.01758	0.01117	0.03670	0.54266	0.03001	0.03098	0.03355	0.02503	0.13710	0.01381	0.00358	0.00653	0.00942	0.00749	0.01117
4	0.00966	0.00690	0.00920	0.01104	0.01150	0.00644	0.00736	0.01104	0.01518	0.02024	0.04371	0.71614	0.05245	0.02484	0.01012	0.00322	0.00460	0.02254	0.00736	0.00644
5	0.01801	0.03422	0.50142	0.02149	0.03060	0.01883	0.02552	0.02531	0.01648	0.08532	0.01515	0.01781	0.01101	0.00888	0.01086	0.00268	0.13484	0.00625	0.00398	0.01134

[dist]
# distance from previous block
# <min> <max>
0	1

[block]
# block no. 5 follows, 24 sequences, length 45
# corresponding to MSA columns:
# 1031-1075
name=unknown_F
#
# <colnr> <probs for GDERKNQSTAVLIFYWHMCP>
#	G	D	E	R	K	N	Q	S	T	A	V	L	I	F	Y	W	H	M	C	P
0	0.01862	0.10113	0.02630	0.46869	0.07318	0.02056	0.01988	0.13176	0.01979	0.02560	0.01464	0.01969	0.01113	0.00803	0.00758	0.00247	0.00994	0.00673	0.00431	0.00997
1	0.01141	0.00762	0.00924	0.00995	0.01045	0.00766	0.00651	0.01268	0.01401	0.01995	0.03304	0.34601	0.03746	0.27013	0.02072	0.00460	0.03011	0.01567	0.12668	0.00609
2	0.18041	0.02359	0.07102	0.08581	0.19778	0.17316	0.04422	0.02505	0.01729	0.02523	0.01299	0.01677	0.01061	0.00812	0.00884	0.00246	0.07645	0.00603	0.00405	0.01012
3	0.01102	0.00747	0.00880	0.00931	0.00943	0.00735	0.00551	0.01140	0.01253	0.01671	0.03012	0.23420	0.03531	0.53017	0.03206	0.00646	0.00684	0.01455	0.00551	0.00525
4	0.01644	0.01409	0.01644	0.01175	0.01879	0.01057	0.00940	0.01997	0.01644	0.02584	0.01409	0.01644	0.01175	0.00587	0.00587	0.00117	0.00587	0.00470	0.00470	0.76979
5	0.00987	0.00727	0.00931	0.01084	0.01178	0.00670	0.00759	0.01154	0.01591	0.02072	0.04954	0.56008	0.15238	0.02382	0.01007	0.00317	0.00473	0.07076	0.00736	0.00655
6	0.60491	0.01862	0.07860	0.01387	0.01976	0.01838	0.06323	0.05495	0.01543	0.03447	0.01216	0.01426	0.00926	0.00743	0.00568	0.00247	0.00739	0.00500	0.00484	0.00931
7	0.01498	0.01409	0.02378	0.70226	0.05462	0.01762	0.02202	0.02026	0.01586	0.02026	0.01409	0.02114	0.01057	0.00793	0.00793	0.00264	0.01057	0.00705	0.00352	0.00881
8	0.00999	0.00704	0.00910	0.01062	0.01100	0.00666	0.00691	0.01113	0.01453	0.01938	0.04039	0.59831	0.04826	0.14839	0.01549	0.00401	0.00515	0.02059	0.00691	0.00615
9	0.01964	0.01852	0.02966	0.04290	0.55633	0.01900	0.02225	0.02749	0.13149	0.02720	0.01800	0.02139	0.01463	0.00772	0.00789	0.00241	0.00886	0.00740	0.00466	0.01256
10	0.01972	0.01703	0.01793	0.01614	0.02062	0.01972	0.01255	0.04214	0.65752	0.03317	0.03228	0.02959	0.02421	0.01076	0.00807	0.00269	0.00628	0.00897	0.00807	0.01255
11	0.77733	0.01534	0.01166	0.01043	0.01534	0.01779	0.00859	0.02331	0.01350	0.03558	0.01104	0.01288	0.00859	0.00736	0.00491	0.00245	0.00613	0.00429	0.00491	0.00859
12	0.01972	0.01703	0.01793	0.01614	0.02062	0.01972	0.01255	0.04214	0.65752	0.03317	0.03228	0.02959	0.02421	0.01076	0.00807	0.00269	0.00628	0.00897	0.00807	0.01255
13	0.01644	0.01409	0.01644	0.01175	0.01879	0.01057	0.00940	0.01997	0.01644	0.02584	0.01409	0.01644	0.01175	0.00587	0.00587	0.00117	0.00587	0.00470	0.00470	0.76979
14	0.01896	0.01402	0.01670	0.01206	0.01898	0.01071	0.00969	0.02242	0.01727	0.11148	0.01635	0.01783	0.01278	0.00639	0.00615	0.00134	0.00599	0.00513	0.00537	0.67038
15	0.01498	0.01409	0.02378	0.70226	0.05462	0.01762	0.02202	0.02026	0.01586	0.02026	0.01409	0.02114	0.01057	0.00793	0.00793	0.00264	0.01057	0.00705	0.00352	0.00881
16	0.00961	0.00709	0.00901	0.01055	0.01137	0.00648	0.00714	0.01110	0.01566	0.02044	0.04970	0.61146	0.15325	0.02406	0.01000	0.00313	0.00451	0.02159	0.00736	0.00648
17	0.02084	0.65884	0.03992	0.01426	0.02040	0.03070	0.01393	0.02330	0.01574	0.01870	0.01097	0.01316	0.01020	0.00746	0.00707	0.00186	0.07474	0.00450	0.00340	0.01003
18	0.56386	0.01531	0.01522	0.07961	0.07375	0.01721	0.01149	0.02473	0.01507	0.10135	0.01380	0.01572	0.01027	0.00765	0.00576	0.00246	0.00689	0.00517	0.00522	0.00946
19	0.02152	0.08811	0.02594	0.32409	0.03811	0.14927	0.04414	0.13874	0.04787	0.02615	0.01520	0.01901	0.01163	0.00822	0.00758	0.00239	0.01069	0.00660	0.00464	0.01011
20	0.02242	0.01838	0.01945	0.01668	0.02165	0.02098	0.01320	0.19842	0.49685	0.03753	0.02885	0.02685	0.02143	0.01044	0.00803	0.00261	0.00691	0.00849	0.00803	0.01279
21	0.00937	0.00803	0.00803	0.00803	0.01071	0.00669	0.00602	0.01138	0.01807	0.02142	0.08033	0.07632	0.66863	0.02008	0.00937	0.00268	0.00402	0.01674	0.00736	0.00669
22	0.02089	0.48986	0.03201	0.01312	0.01853	0.10768	0.01210	0.02362	0.01701	0.02104	0.01430	0.01646	0.01232	0.00747	0.00544	0.00177	0.00819	0.00501	0.16372	0.00947
23	0.01298	0.00803	0.01109	0.01115	0.01181	0.00849	0.00776	0.01356	0.05563	0.01694	0.02088	0.09623	0.02130	0.11202	0.17618	0.38679	0.00993	0.00943	0.00447	0.00532
24	0.05621	0.29092	0.02931	0.01605	0.02214	0.07170	0.01396	0.27190	0.09808	0.03343	0.01670	0.01726	0.01302	0.00844	0.00669	0.00213	0.00863	0.00599	0.00583	0.01162
25	0.31731	0.07870	0.06312	0.07971	0.05526	0.01716	0.01292	0.05210	0.01731	0.11802	0.02344	0.02431	0.09253	0.00937	0.00665	0.00243	0.00725	0.00697	0.00560	0.00983
26	0.01065	0.00700	0.00885	0.01034	0.01107	0.00662	0.00701	0.01247	0.01546	0.02204	0.04027	0.58399	0.04626	0.02184	0.00924	0.00296	0.00443	0.01963	0.15325	0.00662
27	0.02000	0.03246	0.41061	0.02117	0.03026	0.07784	0.07431	0.02790	0.05076	0.11398	0.05121	0.02114	0.01559	0.00844	0.00783	0.00248	0.01073	0.00696	0.00486	0.01147
28	0.01679	0.01426	0.09760	0.01254	0.01707	0.01067	0.01136	0.02219	0.08003	0.15324	0.12680	0.05339	0.28081	0.01523	0.00884	0.00266	0.00594	0.05364	0.00756	0.00937
29	0.01872	0.02139	0.04679	0.03342	0.04144	0.02005	0.64305	0.02540	0.01872	0.02540	0.01604	0.02139	0.01203	0.00668	0.00936	0.00267	0.01337	0.00936	0.00401	0.01070
30	0.01901	0.01355	0.01610	0.01178	0.01834	0.01051	0.00945	0.02248	0.01733	0.11746	0.01731	0.01882	0.01344	0.00666	0.00614	0.00140	0.00585	0.00534	0.05730	0.61172
31	0.03014	0.02221	0.02380	0.01825	0.02459	0.02459	0.01507	0.64541	0.03728	0.04998	0.01904	0.01904	0.01349	0.00952	0.00793	0.00238	0.00873	0.00714	0.00793	0.01349
32	0.01975	0.53800	0.21690	0.01605	0.02419	0.02782	0.01789	0.02412	0.01629	0.02043	0.01190	0.01382	0.01014	0.00699	0.00576	0.00192	0.00937	0.00468	0.00338	0.01060
33	0.02158	0.23205	0.02522	0.07738	0.04920	0.09922	0.01312	0.02480	0.01938	0.13222	0.15226	0.02630	0.02549	0.00948	0.00713	0.00211	0.00795	0.00748	0.00578	0.06184
34	0.01638	0.07284	0.04516	0.01231	0.01824	0.01247	0.01048	0.01995	0.01753	0.04844	0.12196	0.02591	0.04926	0.00869	0.00736	0.00167	0.03045	0.00695	0.00543	0.46853
35	0.02232	0.01391	0.01705	0.01247	0.01924	0.01090	0.01009	0.02570	0.01836	0.22587	0.01937	0.01968	0.01417	0.00708	0.00652	0.00157	0.00614	0.00570	0.00627	0.53758
36	0.01626	0.01487	0.02252	0.07398	0.12690	0.01550	0.11385	0.02567	0.20507	0.02669	0.09030	0.09315	0.07845	0.04853	0.01030	0.00292	0.00774	0.01102	0.00620	0.01009
37	0.01797	0.01360	0.01610	0.01176	0.01824	0.01048	0.00930	0.02120	0.01672	0.08836	0.01651	0.01989	0.01368	0.05506	0.00843	0.00174	0.00608	0.00548	0.00520	0.64420
38	0.01120	0.00755	0.00875	0.00907	0.00915	0.00747	0.00526	0.01144	0.01218	0.01624	0.02831	0.16972	0.03302	0.59777	0.03500	0.00690	0.00714	0.01349	0.00526	0.00510
39	0.03014	0.02221	0.02380	0.01825	0.02459	0.02459	0.01507	0.64541	0.03728	0.04998	0.01904	0.01904	0.01349	0.00952	0.00793	0.00238	0.00873	0.00714	0.00793	0.01349
40	0.01253	0.00967	0.01264	0.01200	0.01240	0.01133	0.00851	0.01364	0.01198	0.01690	0.02129	0.03982	0.02297	0.40782	0.21923	0.00833	0.13854	0.00985	0.00441	0.00614
41	0.04988	0.00778	0.00985	0.01121	0.01231	0.00747	0.00805	0.01273	0.01630	0.02263	0.10317	0.51061	0.07925	0.02254	0.00985	0.00314	0.00491	0.09421	0.00736	0.00677
42	0.02528	0.03068	0.02296	0.14440	0.02948	0.47621	0.01682	0.02787	0.01985	0.01952	0.01234	0.01596	0.01031	0.00891	0.00988	0.00235	0.10852	0.00571	0.00390	0.00905
43	0.04547	0.07168	0.23997	0.01906	0.02680	0.01603	0.13113	0.02464	0.01817	0.13430	0.02882	0.02946	0.12887	0.00986	0.00794	0.00245	0.00916	0.00857	0.00538	0.04223
44	0.09510	0.01549	0.08022	0.01500	0.01778	0.01545	0.01279	0.07465	0.01579	0.05096	0.02033	0.10162	0.01999	0.13192	0.13792	0.00541	0.16676	0.00932	0.00505	0.00846

[dist]
# distance from previous block
# <min> <max>
2	9

[block]
# block no. 6 follows, 24 sequences, length 30
# corresponding to MSA columns:
# 1085-1114
name=unknown_G
#
# <colnr> <probs for GDERKNQSTAVLIFYWHMCP>
#	G	D	E	R	K	N	Q	S	T	A	V	L	I	F	Y	W	H	M	C	P
0	0.02442	0.01693	0.06274	0.08432	0.02700	0.01562	0.10046	0.05163	0.04015	0.27727	0.05356	0.02439	0.01803	0.00949	0.01002	0.00251	0.08602	0.00785	0.00667	0.08094
1	0.15808	0.35664	0.05563	0.07747	0.02390	0.08158	0.01430	0.08511	0.01846	0.04645	0.01297	0.01489	0.01055	0.00750	0.00596	0.00207	0.00884	0.00505	0.00438	0.01017
2	0.08872	0.01856	0.02555	0.23178	0.16396	0.06783	0.06693	0.06525	0.07767	0.02616	0.01566	0.01989	0.01232	0.00857	0.00945	0.00259	0.07719	0.00701	0.00452	0.01036
3	0.01276	0.01088	0.01742	0.01552	0.01777	0.01063	0.13457	0.01686	0.07399	0.02150	0.03345	0.38379	0.03713	0.15668	0.01572	0.00394	0.00712	0.01650	0.00625	0.00753
4	0.01155	0.00981	0.01450	0.08422	0.01879	0.00936	0.06999	0.01485	0.01897	0.02510	0.26515	0.15930	0.23414	0.01692	0.00933	0.00269	0.00560	0.01509	0.00711	0.00754
5	0.01859	0.15796	0.02175	0.05905	0.06096	0.01621	0.01192	0.05553	0.05426	0.08541	0.11526	0.03109	0.08589	0.03521	0.00844	0.00228	0.00677	0.00834	0.00596	0.15910
6	0.01478	0.00739	0.00739	0.00739	0.00924	0.00739	0.00554	0.01848	0.01663	0.02956	0.02587	0.02956	0.02033	0.00924	0.00554	0.00185	0.00370	0.00739	0.76534	0.00739
7	0.02009	0.01495	0.02099	0.01797	0.01950	0.01906	0.01482	0.02230	0.01446	0.15684	0.01672	0.02184	0.01403	0.02120	0.14130	0.00492	0.43722	0.00744	0.00494	0.00940
8	0.01913	0.01393	0.02260	0.08311	0.10001	0.01354	0.12578	0.02456	0.06124	0.15720	0.18988	0.03764	0.09352	0.01142	0.00869	0.00255	0.00755	0.01054	0.00689	0.01023
9	0.01972	0.01703	0.01793	0.01614	0.02062	0.01972	0.01255	0.04214	0.65752	0.03317	0.03228	0.02959	0.02421	0.01076	0.00807	0.00269	0.00628	0.00897	0.00807	0.01255
10	0.01765	0.01020	0.01415	0.01292	0.01549	0.01081	0.01006	0.05044	0.01604	0.16571	0.02372	0.03164	0.02034	0.10998	0.44237	0.00946	0.01610	0.00861	0.00572	0.00860
11	0.01972	0.01703	0.01793	0.01614	0.02062	0.01972	0.01255	0.04214	0.65752	0.03317	0.03228	0.02959	0.02421	0.01076	0.00807	0.00269	0.00628	0.00897	0.00807	0.01255
12	0.02900	0.03649	0.02219	0.02016	0.02427	0.64731	0.01515	0.03232	0.06245	0.02027	0.01352	0.01526	0.01110	0.00833	0.00721	0.00208	0.01380	0.00535	0.00434	0.00940
13	0.01621	0.03743	0.57721	0.02296	0.03403	0.01808	0.08737	0.02482	0.01691	0.02519	0.01440	0.01717	0.01034	0.00735	0.00761	0.00244	0.01151	0.00612	0.00350	0.05935
14	0.02181	0.10133	0.22767	0.14781	0.06504	0.01722	0.01973	0.02727	0.01857	0.20810	0.05469	0.02251	0.01657	0.00862	0.00758	0.00242	0.00918	0.00703	0.00554	0.01131
