[name]
unknown

[dist]
# distance from previous block
# <min> <max>
0	42

[block]
# block no. 0 follows, 16 sequences, length 12
# corresponding to MSA columns:
# 42-53
name=unknown_A
#
# <colnr> <probs for GDERKNQSTAVLIFYWHMCP>
#	G	D	E	R	K	N	Q	S	T	A	V	L	I	F	Y	W	H	M	C	P
0	0.01329	0.00953	0.01034	0.01034	0.01134	0.00902	0.00633	0.01404	0.01655	0.02106	0.05127	0.07257	0.20679	0.46482	0.03772	0.00752	0.00802	0.01604	0.00683	0.00658
1	0.08414	0.01095	0.01318	0.01337	0.01603	0.01030	0.00972	0.02051	0.02097	0.11667	0.09658	0.37238	0.13079	0.02388	0.01116	0.00354	0.00602	0.02092	0.00931	0.00958
2	0.06340	0.01132	0.01350	0.01382	0.01602	0.01124	0.01029	0.05484	0.02268	0.03190	0.17200	0.26879	0.09915	0.07842	0.01479	0.00409	0.00658	0.08931	0.00894	0.00893
3	0.18343	0.01696	0.01844	0.01581	0.02090	0.01781	0.01253	0.13491	0.06532	0.13822	0.16056	0.10559	0.04001	0.01519	0.00959	0.00312	0.00737	0.01241	0.00942	0.01241
4	0.02468	0.01998	0.02163	0.01877	0.02409	0.02239	0.01476	0.15077	0.36251	0.04443	0.14505	0.04063	0.03905	0.01415	0.01014	0.00316	0.00768	0.01179	0.00999	0.01436
5	0.02539	0.01338	0.01685	0.01510	0.01910	0.01275	0.01171	0.08735	0.02608	0.20878	0.12585	0.21074	0.04598	0.01875	0.01054	0.00323	0.00684	0.03927	0.09047	0.01182
6	0.01186	0.00922	0.01080	0.01171	0.01367	0.00815	0.00829	0.01421	0.02112	0.02696	0.13350	0.33891	0.30380	0.02660	0.01186	0.00354	0.00519	0.02327	0.00918	0.00815
7	0.02399	0.02303	0.03934	0.05949	0.59893	0.02303	0.02974	0.02974	0.02207	0.03166	0.01823	0.02399	0.01535	0.00864	0.00960	0.00288	0.01151	0.00864	0.00480	0.01535
8	0.01233	0.00901	0.01141	0.01272	0.01374	0.00862	0.00862	0.01407	0.01809	0.02380	0.05374	0.40850	0.13677	0.13037	0.08560	0.00596	0.00835	0.02249	0.00810	0.00770
9	0.01175	0.00865	0.01103	0.01293	0.01391	0.00792	0.00875	0.01356	0.01910	0.02496	0.06026	0.56745	0.14529	0.02947	0.01223	0.00383	0.00551	0.02647	0.00900	0.00792
10	0.01257	0.00899	0.01208	0.01404	0.01502	0.00849	0.01002	0.01495	0.01997	0.02672	0.10395	0.51526	0.06540	0.02882	0.01244	0.00393	0.00603	0.10401	0.00914	0.00815
11	0.01283	0.01052	0.01422	0.01405	0.01662	0.00947	0.04657	0.01568	0.02122	0.02707	0.10704	0.29605	0.28379	0.02543	0.01193	0.00359	0.00623	0.06033	0.00883	0.00852

[dist]
# distance from previous block
# <min> <max>
0	2

[block]
# block no. 1 follows, 16 sequences, length 29
# corresponding to MSA columns:
# 56-82,85,86
name=unknown_B
#
# <colnr> <probs for GDERKNQSTAVLIFYWHMCP>
#	G	D	E	R	K	N	Q	S	T	A	V	L	I	F	Y	W	H	M	C	P
0	0.01987	0.01632	0.01887	0.01377	0.02167	0.01249	0.01096	0.02420	0.02012	0.03209	0.01882	0.02188	0.01552	0.00763	0.00713	0.00153	0.00688	0.00611	0.08421	0.63992
1	0.03407	0.02507	0.02711	0.02132	0.02828	0.02760	0.01738	0.50526	0.04257	0.05705	0.02661	0.09313	0.02176	0.01371	0.00999	0.00302	0.01011	0.01081	0.00962	0.01553
2	0.01385	0.01038	0.01558	0.01558	0.01731	0.01211	0.01211	0.01731	0.01558	0.02250	0.02596	0.03808	0.02423	0.07269	0.62098	0.01558	0.02596	0.01038	0.00519	0.00865
3	0.01987	0.01826	0.02742	0.35594	0.10126	0.02210	0.02288	0.02902	0.11890	0.02762	0.02181	0.02989	0.01782	0.06101	0.01519	0.00379	0.08069	0.00944	0.00546	0.01162
4	0.03684	0.02715	0.02909	0.02230	0.03006	0.03006	0.01842	0.56661	0.04557	0.06108	0.02327	0.02327	0.01648	0.01163	0.00970	0.00291	0.01067	0.00873	0.00970	0.01648
5	0.02411	0.02082	0.02192	0.01972	0.02520	0.02411	0.01534	0.05150	0.58142	0.04054	0.03945	0.03616	0.02959	0.01315	0.00986	0.00329	0.00767	0.01096	0.00986	0.01534
6	0.02591	0.66522	0.05079	0.01658	0.02488	0.03835	0.01658	0.02902	0.01969	0.02280	0.01347	0.01555	0.01244	0.00829	0.00622	0.00207	0.01036	0.00518	0.00415	0.01244
7	0.01409	0.00940	0.01057	0.01057	0.01057	0.00940	0.00587	0.01409	0.01409	0.01879	0.03054	0.06342	0.03524	0.65938	0.04933	0.00940	0.00940	0.01409	0.00587	0.00587
8	0.01994	0.09748	0.56619	0.02677	0.04063	0.02373	0.03433	0.03056	0.02040	0.03009	0.01709	0.02008	0.01229	0.00914	0.00898	0.00299	0.01402	0.00701	0.00410	0.01418
9	0.01372	0.00991	0.01296	0.01219	0.01448	0.00914	0.00914	0.01829	0.02743	0.03887	0.59381	0.07240	0.09145	0.01981	0.01143	0.00305	0.00457	0.01753	0.01067	0.00914
10	0.02120	0.02120	0.02969	0.02545	0.02545	0.02969	0.02120	0.02332	0.01484	0.02332	0.01272	0.02120	0.01272	0.01696	0.03181	0.00424	0.64165	0.00848	0.00424	0.01060
11	0.01830	0.01723	0.02907	0.63609	0.06675	0.02153	0.02692	0.02476	0.01938	0.02476	0.01723	0.02584	0.01292	0.00969	0.00969	0.00323	0.01292	0.00861	0.00431	0.01077
12	0.03620	0.04619	0.02747	0.02497	0.02996	0.62047	0.01873	0.03870	0.02747	0.02372	0.01498	0.01748	0.01248	0.00999	0.00874	0.00250	0.01748	0.00624	0.00499	0.01124
13	0.01684	0.00842	0.01263	0.01263	0.01263	0.00842	0.00842	0.01263	0.01263	0.01684	0.01684	0.02946	0.01684	0.03367	0.03788	0.71801	0.00842	0.00842	0.00421	0.00421
14	0.01210	0.00865	0.01159	0.01383	0.01453	0.00813	0.00951	0.01401	0.01885	0.02507	0.05326	0.61076	0.06346	0.03009	0.01245	0.00398	0.00588	0.06693	0.00899	0.00795
15	0.04178	0.01922	0.02418	0.01854	0.02610	0.01829	0.01531	0.18020	0.03230	0.46622	0.03440	0.03050	0.02207	0.01190	0.00973	0.00298	0.00887	0.00949	0.01141	0.01649
16	0.01155	0.00946	0.01018	0.01076	0.01334	0.00810	0.00778	0.01380	0.02119	0.02581	0.08672	0.23659	0.45908	0.02604	0.01169	0.00344	0.00509	0.02227	0.00900	0.00810
17	0.02544	0.02052	0.02196	0.01955	0.02517	0.02343	0.01527	0.05121	0.54320	0.07954	0.03936	0.03594	0.02920	0.01307	0.00985	0.00327	0.00771	0.01087	0.01001	0.01542
18	0.02832	0.02004	0.02687	0.02233	0.02531	0.02467	0.01850	0.09646	0.02198	0.17583	0.02137	0.02555	0.01680	0.01867	0.06183	0.00450	0.36236	0.00896	0.00695	0.01270
19	0.03081	0.03010	0.13291	0.02624	0.07579	0.02779	0.02244	0.35798	0.06762	0.04929	0.02195	0.02341	0.01611	0.01147	0.01131	0.00306	0.05978	0.00855	0.00791	0.01549
20	0.01360	0.01066	0.01558	0.06125	0.08254	0.01049	0.01253	0.01607	0.01900	0.02551	0.04704	0.54031	0.05519	0.02654	0.01188	0.00377	0.00678	0.02416	0.00821	0.00890
21	0.02300	0.01901	0.02223	0.05189	0.02678	0.01650	0.01363	0.12172	0.02463	0.03648	0.01831	0.02100	0.01465	0.00812	0.00778	0.00180	0.00814	0.00644	0.00637	0.55153
22	0.01569	0.01377	0.02062	0.32382	0.04085	0.01518	0.01784	0.02027	0.02030	0.02645	0.07799	0.15831	0.12995	0.01670	0.01045	0.00323	0.00918	0.01466	0.00655	0.05816
23	0.02587	0.02429	0.02547	0.06230	0.02838	0.11153	0.01796	0.12917	0.16184	0.03615	0.08620	0.03066	0.02621	0.01390	0.01543	0.00332	0.17134	0.00981	0.00741	0.01275
24	0.02071	0.09820	0.15957	0.03171	0.10237	0.02289	0.18910	0.02726	0.02086	0.02875	0.02411	0.09998	0.02263	0.01297	0.01178	0.00328	0.05423	0.05176	0.00537	0.01246
25	0.01684	0.00842	0.01263	0.01263	0.01263	0.00842	0.00842	0.01263	0.01263	0.01684	0.01684	0.02946	0.01684	0.03367	0.03788	0.71801	0.00842	0.00842	0.00421	0.00421
26	0.01385	0.01038	0.01558	0.01558	0.01731	0.01211	0.01211	0.01731	0.01558	0.02250	0.02596	0.03808	0.02423	0.07269	0.62098	0.01558	0.02596	0.01038	0.00519	0.00865
27	0.01617	0.01249	0.01659	0.01550	0.01581	0.01497	0.01120	0.01687	0.01439	0.02040	0.02364	0.04431	0.02546	0.32053	0.14586	0.08778	0.17412	0.01136	0.00515	0.00740
28	0.02350	0.33159	0.31554	0.02239	0.03335	0.06871	0.02589	0.03045	0.02057	0.02663	0.01544	0.01802	0.01236	0.00884	0.00781	0.00258	0.01272	0.00620	0.00418	0.01326

[dist]
# distance from previous block
# <min> <max>
0	3

[block]
# block no. 2 follows, 16 sequences, length 22
# corresponding to MSA columns:
# 90-111
name=unknown_C
#
# <colnr> <probs for GDERKNQSTAVLIFYWHMCP>
#	G	D	E	R	K	N	Q	S	T	A	V	L	I	F	Y	W	H	M	C	P
0	0.12807	0.14853	0.02681	0.01782	0.02354	0.12499	0.01476	0.08850	0.05629	0.09520	0.08801	0.03134	0.06166	0.01246	0.00973	0.00282	0.04080	0.00907	0.00734	0.01225
1	0.36206	0.01982	0.01823	0.01637	0.02210	0.02297	0.01301	0.04045	0.31013	0.04196	0.02698	0.02636	0.02042	0.01116	0.00801	0.00315	0.00759	0.00822	0.00801	0.01301
2	0.03503	0.02625	0.02807	0.02193	0.02936	0.02921	0.01798	0.49323	0.12190	0.05816	0.02557	0.02511	0.01835	0.01185	0.00972	0.00296	0.01024	0.00904	0.00972	0.01632
3	0.01862	0.04440	0.52424	0.02543	0.03804	0.02061	0.03201	0.02893	0.02146	0.03186	0.09950	0.02786	0.02356	0.01072	0.00952	0.00307	0.01293	0.00864	0.00503	0.01359
4	0.01746	0.01024	0.01506	0.01445	0.01445	0.01145	0.01024	0.01415	0.01294	0.01776	0.01625	0.02829	0.01625	0.03129	0.03701	0.61634	0.09862	0.00843	0.00421	0.00512
5	0.02411	0.02082	0.02192	0.01972	0.02520	0.02411	0.01534	0.05150	0.58142	0.04054	0.03945	0.03616	0.02959	0.01315	0.00986	0.00329	0.00767	0.01096	0.00986	0.01534
6	0.01181	0.00843	0.01125	0.01350	0.01406	0.00787	0.00900	0.01350	0.01856	0.02474	0.05342	0.65306	0.06410	0.03036	0.01237	0.00394	0.00562	0.02755	0.00900	0.00787
7	0.02591	0.66522	0.05079	0.01658	0.02488	0.03835	0.01658	0.02902	0.01969	0.02280	0.01347	0.01555	0.01244	0.00829	0.00622	0.00207	0.01036	0.00518	0.00415	0.01244
8	0.01385	0.01038	0.01558	0.01558	0.01731	0.01211	0.01211	0.01731	0.01558	0.02250	0.02596	0.03808	0.02423	0.07269	0.62098	0.01558	0.02596	0.01038	0.00519	0.00865
9	0.02010	0.01723	0.02010	0.01436	0.02297	0.01292	0.01148	0.02440	0.02010	0.03158	0.01723	0.02010	0.01436	0.00718	0.00718	0.00144	0.00718	0.00574	0.00574	0.71863
10	0.02010	0.01723	0.02010	0.01436	0.02297	0.01292	0.01148	0.02440	0.02010	0.03158	0.01723	0.02010	0.01436	0.00718	0.00718	0.00144	0.00718	0.00574	0.00574	0.71863
11	0.01356	0.00917	0.01073	0.01125	0.01138	0.00904	0.00660	0.01396	0.01513	0.02017	0.03585	0.20041	0.04194	0.51325	0.04074	0.00813	0.00852	0.01722	0.00660	0.00634
12	0.01409	0.00940	0.01057	0.01057	0.01057	0.00940	0.00587	0.01409	0.01409	0.01879	0.03054	0.06342	0.03524	0.65938	0.04933	0.00940	0.00940	0.01409	0.00587	0.00587
13	0.10499	0.01670	0.02175	0.01684	0.02420	0.01492	0.01391	0.04555	0.02673	0.55511	0.03601	0.03144	0.02278	0.01173	0.00941	0.00300	0.00818	0.00934	0.01146	0.01596
14	0.01532	0.00925	0.01319	0.01319	0.01375	0.00982	0.00913	0.01444	0.01388	0.01907	0.02249	0.03891	0.02284	0.16870	0.23041	0.35028	0.01433	0.01017	0.00485	0.00598
15	0.01409	0.00940	0.01057	0.01057	0.01057	0.00940	0.00587	0.01409	0.01409	0.01879	0.03054	0.06342	0.03524	0.65938	0.04933	0.00940	0.00940	0.01409	0.00587	0.00587
16	0.02002	0.04609	0.51625	0.02985	0.04341	0.02285	0.12467	0.03075	0.02087	0.03075	0.01777	0.02142	0.01269	0.00903	0.00958	0.00310	0.01466	0.00788	0.00423	0.01411
17	0.01629	0.01203	0.01893	0.22396	0.03217	0.01399	0.01561	0.01819	0.01586	0.02129	0.02044	0.03271	0.01874	0.07277	0.20066	0.22935	0.01516	0.00939	0.00463	0.00783
18	0.12409	0.01258	0.01499	0.01384	0.01743	0.01210	0.01033	0.02673	0.02132	0.20327	0.08179	0.22991	0.04113	0.09047	0.01444	0.00397	0.00696	0.01570	0.04818	0.01078
19	0.01205	0.00862	0.01146	0.01333	0.01411	0.00803	0.00902	0.01410	0.01968	0.02652	0.12164	0.57976	0.06755	0.02903	0.01225	0.00382	0.00549	0.02629	0.00921	0.00803
20	0.27076	0.02347	0.02356	0.01868	0.02582	0.02601	0.01542	0.34410	0.03435	0.09786	0.02114	0.02149	0.01505	0.01077	0.00845	0.00295	0.00941	0.00763	0.00863	0.01446
21	0.02272	0.02127	0.02962	0.02383	0.02868	0.10264	0.18206	0.06098	0.02231	0.05993	0.02822	0.13150	0.02771	0.15798	0.05177	0.00522	0.01301	0.01346	0.00649	0.01061

[dist]
# distance from previous block
# <min> <max>
3	11

[block]
# block no. 3 follows, 16 sequences, length 9
# corresponding to MSA columns:
# 126-128,131-136
name=unknown_D
#
# <colnr> <probs for GDERKNQSTAVLIFYWHMCP>
#	G	D	E	R	K	N	Q	S	T	A	V	L	I	F	Y	W	H	M	C	P
0	0.02332	0.01592	0.01919	0.01711	0.01957	0.05980	0.01319	0.02490	0.01863	0.14146	0.02903	0.03759	0.05859	0.10532	0.14311	0.11230	0.13421	0.01039	0.00658	0.00981
1	0.01367	0.00956	0.01214	0.01191	0.01354	0.00894	0.00840	0.01639	0.02284	0.03157	0.36839	0.12540	0.10929	0.13057	0.01990	0.05710	0.00580	0.01745	0.00910	0.00803
2	0.02467	0.54688	0.15821	0.01871	0.02816	0.03530	0.02028	0.02934	0.01984	0.02432	0.01423	0.01649	0.01241	0.00847	0.00679	0.00226	0.01113	0.00556	0.00414	0.01280
3	0.02226	0.06605	0.11354	0.02304	0.10177	0.01874	0.01841	0.07075	0.02247	0.03330	0.01763	0.02062	0.01422	0.00811	0.00794	0.00203	0.00931	0.00654	0.00559	0.41767
4	0.07538	0.15113	0.14022	0.08519	0.10489	0.02670	0.02257	0.14834	0.05571	0.07151	0.02017	0.02235	0.01517	0.00990	0.00868	0.00284	0.01109	0.00767	0.00635	0.01414
5	0.01462	0.01026	0.01344	0.01518	0.01722	0.00996	0.01249	0.01831	0.02137	0.02853	0.05550	0.20490	0.11984	0.02570	0.01232	0.00400	0.00738	0.32321	0.07714	0.00864
6	0.01218	0.00872	0.01157	0.01324	0.01414	0.00812	0.00903	0.01442	0.02026	0.02746	0.15738	0.54135	0.06936	0.02833	0.01219	0.00377	0.00542	0.02562	0.00932	0.00812
7	0.02599	0.02172	0.06276	0.11244	0.17169	0.05937	0.06519	0.03131	0.02396	0.15953	0.09611	0.03639	0.06644	0.01206	0.01006	0.00302	0.01065	0.01075	0.00732	0.01322
8	0.01201	0.00917	0.01104	0.01199	0.01379	0.00820	0.00845	0.01445	0.02129	0.02764	0.16058	0.35972	0.25361	0.02655	0.01189	0.00355	0.00520	0.02338	0.00928	0.00820

[dist]
# distance from previous block
# <min> <max>
3	7

[block]
# block no. 4 follows, 16 sequences, length 29
# corresponding to MSA columns:
# 149-177
name=unknown_E
#
# <colnr> <probs for GDERKNQSTAVLIFYWHMCP>
#	G	D	E	R	K	N	Q	S	T	A	V	L	I	F	Y	W	H	M	C	P
0	0.02999	0.01629	0.02292	0.01747	0.02411	0.01397	0.06332	0.03362	0.02277	0.29260	0.02952	0.03449	0.02262	0.12853	0.01645	0.00378	0.00893	0.00964	0.00856	0.20044
1	0.03746	0.02615	0.02847	0.02183	0.02956	0.02858	0.01803	0.51809	0.04390	0.11196	0.02467	0.02418	0.01718	0.01167	0.00970	0.00292	0.01044	0.00882	0.00991	0.01648
2	0.02522	0.09916	0.10247	0.01909	0.02663	0.09942	0.01743	0.03094	0.04722	0.09513	0.02225	0.02787	0.01835	0.01300	0.03354	0.00299	0.03752	0.04019	0.00627	0.23533
3	0.08493	0.02073	0.02743	0.15533	0.07586	0.05762	0.06906	0.10347	0.02597	0.11007	0.09656	0.03064	0.02541	0.01114	0.00953	0.00291	0.01053	0.00957	0.00727	0.06600
4	0.02354	0.01667	0.01806	0.01616	0.02107	0.01789	0.01260	0.04022	0.33150	0.11176	0.04896	0.04616	0.13142	0.01483	0.00973	0.00311	0.00682	0.01227	0.10387	0.01334
5	0.01233	0.00960	0.01120	0.01134	0.01376	0.00847	0.00830	0.01539	0.02335	0.03044	0.26653	0.18802	0.31875	0.02392	0.01161	0.00331	0.00492	0.02071	0.00959	0.00847
6	0.01381	0.00997	0.01423	0.09617	0.02101	0.01009	0.01135	0.01608	0.02010	0.02723	0.17873	0.34219	0.05787	0.02541	0.01514	0.09766	0.00670	0.02000	0.00816	0.00809
7	0.01409	0.00940	0.01057	0.01057	0.01057	0.00940	0.00587	0.01409	0.01409	0.01879	0.03054	0.06342	0.03524	0.65938	0.04933	0.00940	0.00940	0.01409	0.00587	0.00587
8	0.02265	0.02548	0.05352	0.03879	0.04729	0.02520	0.49130	0.03002	0.02180	0.03002	0.01869	0.02548	0.01444	0.00934	0.01416	0.00340	0.09981	0.01104	0.00481	0.01274
9	0.01830	0.01723	0.02907	0.63609	0.06675	0.02153	0.02692	0.02476	0.01938	0.02476	0.01723	0.02584	0.01292	0.00969	0.00969	0.00323	0.01292	0.00861	0.00431	0.01077
10	0.01288	0.00878	0.01110	0.01254	0.01370	0.00821	0.00864	0.01536	0.02014	0.02820	0.12394	0.46597	0.08927	0.02614	0.01145	0.00356	0.00530	0.02340	0.10322	0.00821
11	0.03395	0.02571	0.02746	0.02172	0.02895	0.02871	0.01772	0.44972	0.16716	0.05642	0.02694	0.02619	0.01946	0.01198	0.00973	0.00299	0.00999	0.00923	0.00973	0.01622
12	0.01372	0.00991	0.01296	0.01219	0.01448	0.00914	0.00914	0.01829	0.02743	0.03887	0.59381	0.07240	0.09145	0.01981	0.01143	0.00305	0.00457	0.01753	0.01067	0.00914
13	0.01623	0.01965	0.14767	0.01548	0.02144	0.01228	0.01543	0.02105	0.02218	0.07126	0.06914	0.07431	0.34857	0.02041	0.01107	0.00336	0.00783	0.08422	0.00810	0.01030
14	0.01833	0.01115	0.01438	0.01343	0.01640	0.01033	0.01010	0.02320	0.05058	0.12331	0.36439	0.16761	0.09775	0.02039	0.01127	0.00322	0.00548	0.01793	0.01046	0.01029
15	0.02994	0.02296	0.02479	0.02019	0.02654	0.02550	0.01627	0.33856	0.20529	0.05194	0.10330	0.03364	0.03032	0.01317	0.00997	0.00304	0.00896	0.01056	0.00987	0.01517
16	0.02591	0.66522	0.05079	0.01658	0.02488	0.03835	0.01658	0.02902	0.01969	0.02280	0.01347	0.01555	0.01244	0.00829	0.00622	0.00207	0.01036	0.00518	0.00415	0.01244
17	0.01458	0.00993	0.01268	0.01231	0.01448	0.00911	0.00897	0.01816	0.02466	0.05943	0.40267	0.16261	0.12288	0.06674	0.01418	0.00365	0.00527	0.01875	0.00999	0.00896
18	0.01511	0.01133	0.01428	0.01410	0.01659	0.01123	0.01081	0.02232	0.09864	0.03606	0.38308	0.14272	0.07524	0.02114	0.01160	0.00338	0.00569	0.08678	0.01013	0.00978
19	0.01231	0.00879	0.01182	0.01407	0.01485	0.00830	0.00987	0.01436	0.01905	0.02530	0.05314	0.58145	0.06301	0.02989	0.01250	0.00401	0.00606	0.09421	0.00899	0.00801
20	0.01326	0.00952	0.01174	0.01202	0.01315	0.00940	0.00808	0.01506	0.01792	0.02405	0.11686	0.16387	0.12051	0.28529	0.12929	0.00786	0.01031	0.01704	0.00734	0.00742
21	0.06658	0.01060	0.01309	0.01305	0.01506	0.01069	0.00938	0.01954	0.01920	0.07479	0.11324	0.20824	0.04512	0.14336	0.12874	0.00662	0.01011	0.01605	0.06771	0.00882
22	0.33145	0.01929	0.01991	0.01624	0.02300	0.02041	0.01334	0.11457	0.06469	0.24860	0.02567	0.02449	0.01758	0.01075	0.00816	0.00301	0.00824	0.00778	0.00897	0.01387
23	0.01612	0.01037	0.01228	0.01205	0.01507	0.00904	0.00893	0.01883	0.02265	0.10484	0.14412	0.22424	0.31801	0.02372	0.01146	0.00337	0.00549	0.02044	0.00962	0.00934
24	0.01781	0.01363	0.01617	0.01513	0.01765	0.04187	0.01166	0.02083	0.02170	0.08187	0.16855	0.13989	0.17668	0.02786	0.09538	0.00503	0.09417	0.01617	0.00830	0.00966
25	0.02446	0.01529	0.02241	0.02619	0.16365	0.01496	0.01602	0.02930	0.05013	0.18069	0.07485	0.12017	0.03364	0.08285	0.09562	0.00539	0.01088	0.01299	0.00811	0.01241
26	0.01846	0.01064	0.01511	0.01440	0.01628	0.01121	0.01066	0.01983	0.01636	0.09859	0.02643	0.03958	0.02439	0.14829	0.32920	0.15840	0.01737	0.01047	0.00600	0.00834
27	0.01934	0.01160	0.01236	0.01139	0.01387	0.01193	0.00830	0.09295	0.02282	0.03573	0.07264	0.04335	0.03111	0.15919	0.01718	0.00403	0.00645	0.01078	0.40566	0.00932
28	0.09342	0.02755	0.02949	0.10967	0.10868	0.17277	0.06078	0.12778	0.02587	0.03375	0.01839	0.02448	0.01526	0.05619	0.01342	0.00342	0.05258	0.00832	0.00584	0.01232

[dist]
# distance from previous block
# <min> <max>
0	1

[block]
# block no. 5 follows, 16 sequences, length 6
# corresponding to MSA columns:
# 179-184
name=unknown_F
#
# <colnr> <probs for GDERKNQSTAVLIFYWHMCP>
#	G	D	E	R	K	N	Q	S	T	A	V	L	I	F	Y	W	H	M	C	P
0	0.02297	0.01387	0.01787	0.09037	0.02360	0.01418	0.01258	0.09872	0.02253	0.12771	0.03634	0.08486	0.09526	0.12841	0.02254	0.14951	0.00880	0.01246	0.00754	0.00988
1	0.10838	0.01864	0.02204	0.12246	0.03089	0.01760	0.01488	0.09196	0.02268	0.03550	0.01752	0.02095	0.01390	0.00838	0.00778	0.00212	0.00864	0.00655	0.00601	0.42311
2	0.02439	0.17634	0.03098	0.11240	0.11058	0.02304	0.01892	0.03195	0.09628	0.10026	0.02845	0.04012	0.02460	0.01296	0.00938	0.00305	0.00980	0.09888	0.03486	0.01275
3	0.02054	0.01857	0.09381	0.12838	0.09976	0.01526	0.01873	0.02610	0.02397	0.11355	0.23754	0.08602	0.04743	0.01501	0.01046	0.00312	0.00866	0.01321	0.00811	0.01177
4	0.02322	0.02615	0.11302	0.02940	0.10285	0.02382	0.11467	0.04235	0.33674	0.03642	0.03029	0.03071	0.02282	0.01118	0.01001	0.00320	0.01058	0.01022	0.00757	0.01481
5	0.11333	0.02267	0.02960	0.03598	0.26537	0.02447	0.02134	0.13575	0.17755	0.04103	0.02434	0.02614	0.01883	0.01047	0.00924	0.00301	0.00982	0.00886	0.00723	0.01496

[dist]
# distance from previous block
# <min> <max>
0	18

[block]
# block no. 6 follows, 16 sequences, length 39
# corresponding to MSA columns:
# 203-241
name=unknown_G
#
# <colnr> <probs for GDERKNQSTAVLIFYWHMCP>
#	G	D	E	R	K	N	Q	S	T	A	V	L	I	F	Y	W	H	M	C	P
0	0.01909	0.01296	0.01549	0.01365	0.01738	0.01215	0.01033	0.08454	0.02617	0.08459	0.25540	0.11590	0.13574	0.07396	0.01407	0.00355	0.00640	0.01585	0.00941	0.07336
1	0.08107	0.01115	0.01333	0.01341	0.01538	0.01105	0.00975	0.01997	0.01904	0.08132	0.08534	0.15755	0.04522	0.26370	0.02569	0.00586	0.00803	0.11671	0.00795	0.00848
2	0.01521	0.01135	0.01402	0.01431	0.01676	0.01069	0.01053	0.06330	0.02246	0.03024	0.09775	0.39033	0.10441	0.02489	0.01161	0.00354	0.00636	0.07048	0.00890	0.07286
3	0.01221	0.00897	0.01154	0.01331	0.01451	0.00829	0.00939	0.01442	0.01987	0.02606	0.08663	0.49115	0.14190	0.02865	0.01229	0.00385	0.00578	0.07404	0.00907	0.00808
4	0.01954	0.01541	0.01651	0.01548	0.01942	0.01684	0.01180	0.03571	0.31874	0.03653	0.09620	0.10116	0.10411	0.01631	0.00988	0.00314	0.00634	0.01382	0.13087	0.01219
5	0.01591	0.01009	0.01265	0.01229	0.01426	0.00934	0.00863	0.01860	0.02215	0.08087	0.26630	0.17590	0.11010	0.17530	0.02057	0.00475	0.00628	0.01811	0.00918	0.00870
6	0.01678	0.01088	0.01342	0.01393	0.01560	0.01073	0.00954	0.02131	0.08481	0.08037	0.04518	0.38871	0.04973	0.16822	0.02015	0.00500	0.00696	0.02088	0.00868	0.00912
7	0.03368	0.30636	0.03648	0.01904	0.02639	0.15235	0.01659	0.08679	0.02587	0.17896	0.02119	0.02124	0.01585	0.00993	0.00799	0.00248	0.01132	0.00693	0.00690	0.01363
8	0.03402	0.01773	0.02218	0.01660	0.02455	0.01517	0.01357	0.08535	0.02645	0.33884	0.02892	0.02722	0.01966	0.01014	0.00877	0.00240	0.00806	0.00814	0.00942	0.28283
9	0.72785	0.01874	0.01425	0.01275	0.01874	0.02174	0.01050	0.02849	0.01649	0.04348	0.01350	0.01574	0.01050	0.00900	0.00600	0.00300	0.00750	0.00525	0.00600	0.01050
10	0.01241	0.00869	0.01107	0.01273	0.01315	0.00827	0.00818	0.01365	0.01739	0.02319	0.04744	0.49895	0.05656	0.19477	0.02203	0.00536	0.00661	0.02404	0.00818	0.00735
11	0.01194	0.00880	0.01090	0.01249	0.01355	0.00807	0.00839	0.01363	0.01887	0.02450	0.06041	0.48675	0.16887	0.08584	0.01551	0.00429	0.00582	0.02491	0.00872	0.00775
12	0.01384	0.01041	0.01370	0.01491	0.01717	0.01027	0.01218	0.01733	0.02060	0.02661	0.05881	0.14019	0.19130	0.03548	0.13141	0.00627	0.01090	0.25180	0.00822	0.00858
13	0.01349	0.00973	0.01275	0.01235	0.01443	0.00899	0.00913	0.01772	0.02639	0.03720	0.53007	0.14089	0.08822	0.02106	0.01154	0.00315	0.00470	0.01871	0.01047	0.00899
14	0.02591	0.66522	0.05079	0.01658	0.02488	0.03835	0.01658	0.02902	0.01969	0.02280	0.01347	0.01555	0.01244	0.00829	0.00622	0.00207	0.01036	0.00518	0.00415	0.01244
15	0.02297	0.02415	0.02942	0.02539	0.02598	0.09937	0.02091	0.02514	0.01633	0.02337	0.01299	0.02076	0.01269	0.01614	0.02909	0.00404	0.56802	0.00822	0.00433	0.01068
16	0.01286	0.00998	0.01178	0.01165	0.01438	0.00890	0.00895	0.01646	0.02451	0.03214	0.31604	0.08543	0.31799	0.02263	0.01163	0.00328	0.00514	0.06783	0.00974	0.00868
17	0.02120	0.02120	0.02969	0.02545	0.02545	0.02969	0.02120	0.02332	0.01484	0.02332	0.01272	0.02120	0.01272	0.01696	0.03181	0.00424	0.64165	0.00848	0.00424	0.01060
18	0.01409	0.00940	0.01057	0.01057	0.01057	0.00940	0.00587	0.01409	0.01409	0.01879	0.03054	0.06342	0.03524	0.65938	0.04933	0.00940	0.00940	0.01409	0.00587	0.00587
19	0.02288	0.02614	0.05719	0.04085	0.05065	0.02451	0.56373	0.03105	0.02288	0.03105	0.01961	0.02614	0.01471	0.00817	0.01144	0.00327	0.01634	0.01144	0.00490	0.01307
20	0.01385	0.01038	0.01558	0.01558	0.01731	0.01211	0.01211	0.01731	0.01558	0.02250	0.02596	0.03808	0.02423	0.07269	0.62098	0.01558	0.02596	0.01038	0.00519	0.00865
21	0.03620	0.04619	0.02747	0.02497	0.02996	0.62047	0.01873	0.03870	0.02747	0.02372	0.01498	0.01748	0.01248	0.00999	0.00874	0.00250	0.01748	0.00624	0.00499	0.01124
22	0.72785	0.01874	0.01425	0.01275	0.01874	0.02174	0.01050	0.02849	0.01649	0.04348	0.01350	0.01574	0.01050	0.00900	0.00600	0.00300	0.00750	0.00525	0.00600	0.01050
23	0.01436	0.01053	0.01424	0.01517	0.01720	0.01073	0.01230	0.01794	0.02022	0.02689	0.09457	0.08153	0.11232	0.09489	0.17504	0.00755	0.01258	0.24560	0.00783	0.00851
24	0.01181	0.00843	0.01125	0.01350	0.01406	0.00787	0.00900	0.01350	0.01856	0.02474	0.05342	0.65306	0.06410	0.03036	0.01237	0.00394	0.00562	0.02755	0.00900	0.00787
25	0.01172	0.00880	0.01087	0.01253	0.01380	0.00795	0.00857	0.01360	0.01948	0.02512	0.06512	0.50675	0.20286	0.02884	0.01213	0.00376	0.00544	0.02570	0.00900	0.00795
26	0.72785	0.01874	0.01425	0.01275	0.01874	0.02174	0.01050	0.02849	0.01649	0.04348	0.01350	0.01574	0.01050	0.00900	0.00600	0.00300	0.00750	0.00525	0.00600	0.01050
27	0.01173	0.00873	0.01094	0.01271	0.01385	0.00794	0.00865	0.01358	0.01931	0.02505	0.06295	0.53393	0.17709	0.02913	0.01218	0.00379	0.00547	0.02604	0.00900	0.00794
28	0.01219	0.00869	0.01156	0.01341	0.01403	0.00837	0.00899	0.01388	0.01790	0.02402	0.04901	0.54739	0.05809	0.09010	0.06821	0.00543	0.00772	0.02487	0.00839	0.00776
29	0.01402	0.01130	0.01243	0.01271	0.01526	0.01099	0.00910	0.02039	0.11820	0.02757	0.06831	0.24522	0.28666	0.08449	0.01504	0.00405	0.00603	0.02028	0.00885	0.00912
30	0.01255	0.00851	0.01099	0.01297	0.01373	0.00801	0.00873	0.01457	0.01876	0.02609	0.05085	0.58029	0.05947	0.02811	0.01171	0.00374	0.00549	0.02537	0.09206	0.00801
31	0.03684	0.02715	0.02909	0.02230	0.03006	0.03006	0.01842	0.56661	0.04557	0.06108	0.02327	0.02327	0.01648	0.01163	0.00970	0.00291	0.01067	0.00873	0.00970	0.01648
32	0.01823	0.01151	0.01449	0.01398	0.01722	0.01073	0.01102	0.02319	0.05401	0.11397	0.23743	0.12583	0.17250	0.02151	0.01156	0.00344	0.00622	0.11298	0.01001	0.01017
33	0.09819	0.01789	0.02138	0.01732	0.02386	0.01776	0.01404	0.08848	0.13633	0.34899	0.08292	0.03462	0.02905	0.01259	0.00957	0.00305	0.00796	0.01016	0.01073	0.01509
34	0.01795	0.01263	0.01876	0.02299	0.12963	0.01264	0.01393	0.02086	0.01887	0.07996	0.03581	0.25396	0.03778	0.10876	0.16232	0.00708	0.01236	0.01645	0.00718	0.01010
35	0.01198	0.00919	0.01051	0.01143	0.01313	0.00823	0.00782	0.01377	0.01951	0.02454	0.07024	0.31808	0.29811	0.11726	0.01722	0.00442	0.00584	0.02245	0.00855	0.00773
36	0.01833	0.01592	0.02400	0.40018	0.04801	0.01880	0.02074	0.06843	0.02115	0.02733	0.02922	0.03791	0.08482	0.07332	0.06783	0.00484	0.01264	0.01065	0.00554	0.01034
37	0.02023	0.07791	0.12068	0.09804	0.08643	0.07194	0.06955	0.02504	0.01982	0.02602	0.02487	0.14856	0.02503	0.07006	0.01531	0.00378	0.06783	0.01231	0.00546	0.01115
38	0.40843	0.08230	0.02671	0.01986	0.02612	0.12714	0.09174	0.03039	0.01949	0.03540	0.01458	0.01779	0.01173	0.00941	0.00863	0.00293	0.04430	0.00647	0.00541	0.01117

[dist]
# distance from previous block
# <min> <max>
0	21

[block]
# block no. 7 follows, 16 sequences, length 39
# corresponding to MSA columns:
# 263-301
name=unknown_H
#
# <colnr> <probs for GDERKNQSTAVLIFYWHMCP>
#	G	D	E	R	K	N	Q	S	T	A	V	L	I	F	Y	W	H	M	C	P
0	0.02081	0.04998	0.06434	0.08804	0.03649	0.02327	0.20454	0.02473	0.01810	0.02523	0.01652	0.02457	0.01414	0.01557	0.02161	0.13449	0.19330	0.00928	0.00446	0.01055
1	0.02122	0.29923	0.09205	0.01609	0.02410	0.02413	0.01561	0.02559	0.02084	0.02798	0.07882	0.02924	0.06795	0.01052	0.00774	0.00219	0.00885	0.00800	0.00563	0.21423
2	0.01222	0.00875	0.01162	0.01321	0.01415	0.00815	0.00903	0.01453	0.02047	0.02779	0.17016	0.52762	0.07001	0.02809	0.01217	0.00374	0.00540	0.02539	0.00936	0.00815
3	0.02814	0.01936	0.03138	0.03202	0.17566	0.01863	0.11349	0.08446	0.02542	0.19274	0.03127	0.14734	0.02709	0.01395	0.01050	0.00319	0.01024	0.01307	0.00810	0.01395
4	0.53183	0.01810	0.01661	0.01403	0.02046	0.01959	0.01157	0.03386	0.01972	0.20450	0.02058	0.02068	0.01436	0.00986	0.00707	0.00300	0.00771	0.00654	0.00772	0.01221
5	0.11071	0.01672	0.02168	0.01680	0.02415	0.01498	0.01388	0.04539	0.02664	0.55042	0.03581	0.03129	0.02267	0.01170	0.00938	0.00300	0.00817	0.00930	0.01141	0.01591
6	0.07731	0.01135	0.01342	0.01277	0.01489	0.01101	0.00865	0.02177	0.01806	0.13983	0.03603	0.19088	0.03770	0.33029	0.02927	0.00632	0.00813	0.01564	0.00784	0.00884
7	0.01558	0.01150	0.01376	0.01383	0.01616	0.01169	0.01010	0.02373	0.13470	0.03404	0.23886	0.26219	0.06284	0.02126	0.01097	0.00332	0.00555	0.01882	0.08116	0.00994
8	0.01396	0.00992	0.01321	0.01321	0.01412	0.01083	0.00916	0.01579	0.01488	0.02075	0.02813	0.05007	0.02944	0.35028	0.35051	0.01265	0.01812	0.01214	0.00551	0.00734
9	0.03996	0.02085	0.02503	0.01933	0.02683	0.02087	0.01592	0.24930	0.06175	0.36635	0.03248	0.02937	0.02135	0.01191	0.00973	0.00298	0.00916	0.00941	0.01100	0.01643
10	0.08867	0.01274	0.01465	0.01307	0.01635	0.01257	0.00978	0.06553	0.02486	0.09416	0.28461	0.05884	0.10162	0.14024	0.01785	0.00426	0.00668	0.01440	0.00921	0.00992
11	0.01533	0.01198	0.01430	0.01528	0.01725	0.01252	0.01081	0.02438	0.17977	0.02927	0.04942	0.47636	0.05422	0.02543	0.01165	0.00375	0.00621	0.02280	0.00924	0.01001
12	0.01290	0.00921	0.01250	0.01474	0.01578	0.00881	0.01089	0.01538	0.01963	0.02596	0.05282	0.49732	0.06172	0.02934	0.01266	0.00409	0.00657	0.17252	0.00898	0.00817
13	0.02436	0.02174	0.01971	0.01983	0.02339	0.18600	0.01637	0.02819	0.02434	0.08644	0.03957	0.07521	0.04013	0.02045	0.01168	0.00375	0.01131	0.32905	0.00811	0.01036
14	0.02062	0.01480	0.01740	0.01648	0.01943	0.01553	0.01274	0.17391	0.02620	0.03482	0.03835	0.17065	0.04077	0.18470	0.02133	0.00518	0.00895	0.15963	0.00838	0.01012
15	0.02399	0.02303	0.03934	0.05949	0.59893	0.02303	0.02974	0.02974	0.02207	0.03166	0.01823	0.02399	0.01535	0.00864	0.00960	0.00288	0.01151	0.00864	0.00480	0.01535
16	0.02120	0.02120	0.02969	0.02545	0.02545	0.02969	0.02120	0.02332	0.01484	0.02332	0.01272	0.02120	0.01272	0.01696	0.03181	0.00424	0.64165	0.00848	0.00424	0.01060
17	0.01166	0.00903	0.01063	0.01191	0.01364	0.00801	0.00829	0.01367	0.02008	0.02536	0.07276	0.41120	0.29347	0.02785	0.01197	0.00365	0.00531	0.02449	0.00900	0.00801
18	0.01396	0.00992	0.01325	0.01325	0.01417	0.01085	0.00921	0.01581	0.01489	0.02077	0.02809	0.04988	0.02936	0.34592	0.35475	0.01270	0.01825	0.01211	0.00551	0.00736
19	0.01360	0.00861	0.01061	0.01222	0.01327	0.00820	0.00836	0.01610	0.01906	0.02800	0.04717	0.47636	0.05286	0.02490	0.01077	0.00346	0.00531	0.02225	0.21070	0.00820
20	0.01974	0.01313	0.01657	0.01528	0.01795	0.01423	0.01138	0.06735	0.07663	0.08369	0.02964	0.04344	0.02728	0.22374	0.28517	0.01029	0.01637	0.01131	0.00690	0.00995
21	0.02100	0.01529	0.02681	0.02165	0.02651	0.01408	0.16884	0.02564	0.02368	0.13151	0.18030	0.21575	0.05000	0.01809	0.01140	0.00335	0.00888	0.01725	0.00878	0.01119
22	0.04348	0.01649	0.02249	0.01724	0.02474	0.01425	0.01425	0.04723	0.02774	0.60564	0.03824	0.03299	0.02399	0.01200	0.00975	0.00300	0.00825	0.00975	0.01200	0.01649
23	0.01796	0.01496	0.01782	0.01413	0.02067	0.01162	0.01084	0.02159	0.01970	0.02982	0.02655	0.18316	0.02717	0.01315	0.00852	0.00208	0.00678	0.01136	0.00658	0.53553
24	0.01186	0.00895	0.01098	0.01234	0.01381	0.00806	0.00854	0.01400	0.02029	0.02630	0.11004	0.44566	0.21838	0.02784	0.01203	0.00367	0.00533	0.02471	0.00913	0.00806
25	0.01392	0.01010	0.01414	0.01414	0.01538	0.01134	0.01033	0.01639	0.01515	0.02144	0.02727	0.04534	0.02738	0.24073	0.45724	0.01381	0.02122	0.01145	0.00539	0.00786
26	0.01344	0.00912	0.01076	0.01141	0.01157	0.00896	0.00677	0.01392	0.01538	0.02050	0.03711	0.23281	0.04353	0.47869	0.03871	0.00783	0.00831	0.01796	0.00677	0.00645
27	0.01316	0.00983	0.01188	0.01140	0.01371	0.00892	0.00834	0.01670	0.02466	0.03346	0.40506	0.07701	0.21896	0.08645	0.01531	0.00376	0.00515	0.01795	0.00974	0.00856
28	0.01387	0.01028	0.01507	0.01507	0.01662	0.01184	0.01148	0.01698	0.01543	0.02212	0.02642	0.04065	0.02535	0.13218	0.56301	0.01495	0.02428	0.01076	0.00526	0.00837
29	0.01217	0.00869	0.01166	0.01391	0.01463	0.00818	0.00962	0.01412	0.01891	0.02515	0.05322	0.60151	0.06331	0.03002	0.01247	0.00399	0.00594	0.07554	0.00899	0.00797
30	0.01244	0.00870	0.01106	0.01268	0.01309	0.00830	0.00813	0.01366	0.01731	0.02309	0.04705	0.48890	0.05607	0.20549	0.02266	0.00546	0.00667	0.02381	0.00813	0.00732
31	0.40113	0.01955	0.02029	0.08000	0.08352	0.02207	0.01507	0.11986	0.02269	0.04276	0.01773	0.02079	0.01361	0.00970	0.00743	0.00292	0.00870	0.00688	0.07339	0.01190
32	0.02484	0.02216	0.02735	0.02324	0.02620	0.02815	0.01903	0.12880	0.18263	0.03503	0.02227	0.02586	0.01823	0.01492	0.02156	0.00373	0.34693	0.00923	0.00683	0.01301
33	0.01460	0.01149	0.01702	0.01659	0.01814	0.01391	0.01304	0.01792	0.01550	0.02258	0.02461	0.03635	0.02305	0.06699	0.56074	0.01442	0.08891	0.01019	0.00509	0.00885
34	0.01807	0.00903	0.00903	0.00903	0.01129	0.00903	0.00678	0.02258	0.02033	0.03613	0.03162	0.03613	0.02484	0.01129	0.00678	0.00226	0.00452	0.00903	0.71319	0.00903
35	0.01361	0.00994	0.01253	0.01253	0.01450	0.01028	0.00929	0.01637	0.01769	0.02434	0.04789	0.05749	0.18942	0.14075	0.30043	0.00982	0.01534	0.01369	0.07593	0.00814
36	0.16406	0.08388	0.02248	0.07176	0.02545	0.02138	0.01421	0.10650	0.11854	0.06357	0.12871	0.03803	0.07703	0.01333	0.00908	0.00299	0.00807	0.01056	0.00814	0.01222
37	0.09425	0.01827	0.02115	0.07762	0.07147	0.07137	0.01547	0.02852	0.07516	0.08839	0.16903	0.03758	0.03612	0.01576	0.01437	0.07621	0.06006	0.01066	0.00749	0.01105
38	0.02732	0.02411	0.02827	0.05554	0.16108	0.07552	0.01910	0.18705	0.02871	0.03930	0.01904	0.02195	0.01498	0.00920	0.00873	0.00238	0.01039	0.00747	0.00656	0.25330

[dist]
# distance from previous block
# <min> <max>
10	75

[block]
# block no. 8 follows, 16 sequences, length 6
# corresponding to MSA columns:
# 377-382
name=unknown_I
#
# <colnr> <probs for GDERKNQSTAVLIFYWHMCP>
#	G	D	E	R	K	N	Q	S	T	A	V	L	I	F	Y	W	H	M	C	P
0	0.11096	0.01542	0.01741	0.01524	0.01932	0.01588	0.01166	0.14565	0.02710	0.11287	0.16079	0.15125	0.04448	0.09097	0.01467	0.00389	0.00752	0.01440	0.00919	0.01132
1	0.01619	0.01170	0.01395	0.01305	0.01590	0.01176	0.00989	0.02477	0.12384	0.03876	0.41328	0.06067	0.07073	0.01738	0.01047	0.00297	0.00511	0.01512	0.11426	0.01022
2	0.01409	0.00940	0.01057	0.01057	0.01057	0.00940	0.00587	0.01409	0.01409	0.01879	0.03054	0.06342	0.03524	0.65938	0.04933	0.00940	0.00940	0.01409	0.00587	0.00587
3	0.33086	0.01615	0.01607	0.01393	0.01885	0.01715	0.01074	0.03167	0.06505	0.17801	0.02583	0.03296	0.02126	0.16331	0.01746	0.00453	0.00815	0.00893	0.00779	0.01130
4	0.12602	0.01394	0.01568	0.01391	0.01766	0.01403	0.01051	0.08571	0.02456	0.12141	0.18521	0.10833	0.07704	0.12433	0.01661	0.00418	0.00718	0.01410	0.00901	0.01056
5	0.03505	0.01836	0.02260	0.01743	0.02455	0.01719	0.01424	0.16290	0.03078	0.32747	0.09544	0.03332	0.02855	0.01210	0.00955	0.00275	0.00824	0.00981	0.01038	0.11932

[dist]
# distance from previous block
# <min> <max>
0	16

[block]
# block no. 9 follows, 16 sequences, length 44
# corresponding to MSA columns:
# 399-412,414-443
name=unknown_J
#
# <colnr> <probs for GDERKNQSTAVLIFYWHMCP>
#	G	D	E	R	K	N	Q	S	T	A	V	L	I	F	Y	W	H	M	C	P
0	0.11049	0.01216	0.01311	0.01294	0.01566	0.01220	0.00940	0.06864	0.02209	0.03184	0.10770	0.25840	0.17478	0.08900	0.01482	0.00404	0.00648	0.01872	0.00850	0.00903
1	0.02928	0.02525	0.16738	0.02295	0.07556	0.01745	0.02028	0.08056	0.02556	0.24560	0.05478	0.08795	0.02583	0.01273	0.00973	0.00297	0.00973	0.01067	0.00844	0.06729
2	0.16206	0.07932	0.03583	0.02652	0.03194	0.12289	0.17157	0.02947	0.01987	0.02945	0.01524	0.02047	0.01279	0.01109	0.01519	0.00326	0.18858	0.00805	0.00488	0.01153
3	0.01322	0.00939	0.01258	0.01450	0.01559	0.00904	0.01073	0.01573	0.01971	0.02617	0.07543	0.41541	0.06047	0.08073	0.01568	0.00450	0.00687	0.17737	0.00879	0.00808
4	0.08408	0.08186	0.03498	0.03330	0.19007	0.02238	0.12504	0.03365	0.09449	0.10918	0.02599	0.07763	0.02157	0.01137	0.00962	0.00304	0.01059	0.01058	0.00682	0.01376
5	0.02288	0.02614	0.05719	0.04085	0.05065	0.02451	0.56373	0.03105	0.02288	0.03105	0.01961	0.02614	0.01471	0.00817	0.01144	0.00327	0.01634	0.01144	0.00490	0.01307
6	0.01257	0.00965	0.01106	0.01163	0.01370	0.00871	0.00842	0.01487	0.02063	0.02607	0.11530	0.18806	0.31213	0.12804	0.01794	0.00449	0.00615	0.07404	0.00862	0.00791
7	0.14821	0.01259	0.01500	0.01434	0.01789	0.01218	0.01073	0.02582	0.02121	0.19070	0.07017	0.33661	0.04480	0.02089	0.01046	0.00346	0.00663	0.01810	0.00939	0.01081
8	0.03182	0.02434	0.02881	0.08360	0.09164	0.02678	0.01964	0.41355	0.03912	0.05272	0.06959	0.02767	0.02226	0.01182	0.00983	0.00295	0.01046	0.00944	0.00875	0.01521
9	0.01830	0.01723	0.02907	0.63609	0.06675	0.02153	0.02692	0.02476	0.01938	0.02476	0.01723	0.02584	0.01292	0.00969	0.00969	0.00323	0.01292	0.00861	0.00431	0.01077
10	0.01181	0.00843	0.01125	0.01350	0.01406	0.00787	0.00900	0.01350	0.01856	0.02474	0.05342	0.65306	0.06410	0.03036	0.01237	0.00394	0.00562	0.02755	0.00900	0.00787
11	0.01409	0.00940	0.01057	0.01057	0.01057	0.00940	0.00587	0.01409	0.01409	0.01879	0.03054	0.06342	0.03524	0.65938	0.04933	0.00940	0.00940	0.01409	0.00587	0.00587
12	0.02010	0.01723	0.02010	0.01436	0.02297	0.01292	0.01148	0.02440	0.02010	0.03158	0.01723	0.02010	0.01436	0.00718	0.00718	0.00144	0.00718	0.00574	0.00574	0.71863
13	0.01392	0.00964	0.01170	0.01134	0.01242	0.00928	0.00742	0.01608	0.02041	0.02829	0.29718	0.06767	0.06185	0.35663	0.03139	0.00639	0.00711	0.01572	0.00814	0.00742
14	0.22199	0.02405	0.04506	0.03291	0.04164	0.02373	0.40747	0.03032	0.02107	0.03456	0.01788	0.02321	0.01352	0.00840	0.00990	0.00319	0.01384	0.00969	0.00521	0.01234
15	0.01830	0.01723	0.02907	0.63609	0.06675	0.02153	0.02692	0.02476	0.01938	0.02476	0.01723	0.02584	0.01292	0.00969	0.00969	0.00323	0.01292	0.00861	0.00431	0.01077
16	0.72785	0.01874	0.01425	0.01275	0.01874	0.02174	0.01050	0.02849	0.01649	0.04348	0.01350	0.01574	0.01050	0.00900	0.00600	0.00300	0.00750	0.00525	0.00600	0.01050
17	0.01178	0.00855	0.01112	0.01318	0.01397	0.00790	0.00886	0.01353	0.01886	0.02487	0.05730	0.60449	0.11016	0.02986	0.01229	0.00388	0.00556	0.02694	0.00900	0.00790
18	0.01525	0.00936	0.01045	0.01042	0.01271	0.00883	0.00772	0.01922	0.02247	0.03436	0.20296	0.10654	0.13906	0.01742	0.00931	0.00278	0.00469	0.01481	0.34281	0.00883
19	0.02120	0.02120	0.02969	0.02545	0.02545	0.02969	0.02120	0.02332	0.01484	0.02332	0.01272	0.02120	0.01272	0.01696	0.03181	0.00424	0.64165	0.00848	0.00424	0.01060
20	0.04058	0.08595	0.02651	0.01799	0.02561	0.01932	0.01516	0.12928	0.02978	0.45676	0.03323	0.02960	0.02157	0.01155	0.00937	0.00289	0.00886	0.00911	0.01080	0.01607
21	0.01385	0.01038	0.01558	0.01558	0.01731	0.01211	0.01211	0.01731	0.01558	0.02250	0.02596	0.03808	0.02423	0.07269	0.62098	0.01558	0.02596	0.01038	0.00519	0.00865
22	0.01684	0.00842	0.01263	0.01263	0.01263	0.00842	0.00842	0.01263	0.01263	0.01684	0.01684	0.02946	0.01684	0.03367	0.03788	0.71801	0.00842	0.00842	0.00421	0.00421
23	0.04348	0.01649	0.02249	0.01724	0.02474	0.01425	0.01425	0.04723	0.02774	0.60564	0.03824	0.03299	0.02399	0.01200	0.00975	0.00300	0.00825	0.00975	0.01200	0.01649
24	0.02254	0.01715	0.02035	0.01466	0.02315	0.01306	0.01177	0.02679	0.02090	0.09152	0.01942	0.02144	0.01536	0.00768	0.00745	0.00160	0.00729	0.00616	0.00640	0.64532
25	0.03620	0.04619	0.02747	0.02497	0.02996	0.62047	0.01873	0.03870	0.02747	0.02372	0.01498	0.01748	0.01248	0.00999	0.00874	0.00250	0.01748	0.00624	0.00499	0.01124
26	0.01473	0.01016	0.01263	0.01186	0.01438	0.00923	0.00879	0.01850	0.02538	0.06136	0.43134	0.07361	0.17514	0.07310	0.01449	0.00361	0.00520	0.01741	0.01003	0.00904
27	0.01684	0.00842	0.01263	0.01263	0.01263	0.00842	0.00842	0.01263	0.01263	0.01684	0.01684	0.02946	0.01684	0.03367	0.03788	0.71801	0.00842	0.00842	0.00421	0.00421
28	0.04348	0.01649	0.02249	0.01724	0.02474	0.01425	0.01425	0.04723	0.02774	0.60564	0.03824	0.03299	0.02399	0.01200	0.00975	0.00300	0.00825	0.00975	0.01200	0.01649
29	0.01194	0.00868	0.01126	0.01307	0.01401	0.00800	0.00887	0.01393	0.01960	0.02604	0.10222	0.55623	0.11244	0.02898	0.01221	0.00380	0.00547	0.02610	0.00914	0.00800
30	0.01385	0.01038	0.01558	0.01558	0.01731	0.01211	0.01211	0.01731	0.01558	0.02250	0.02596	0.03808	0.02423	0.07269	0.62098	0.01558	0.02596	0.01038	0.00519	0.00865
31	0.03513	0.01427	0.01911	0.01576	0.02146	0.01256	0.01255	0.03857	0.02531	0.44265	0.04046	0.14957	0.03159	0.01537	0.00996	0.00310	0.00740	0.01302	0.07798	0.01417
32	0.13927	0.01332	0.01436	0.01343	0.01601	0.01388	0.00951	0.07692	0.01984	0.07267	0.03169	0.13340	0.03329	0.31418	0.02796	0.00615	0.00857	0.03924	0.00734	0.00899
33	0.02416	0.07433	0.01903	0.01474	0.01904	0.01380	0.01151	0.02820	0.05307	0.21644	0.05146	0.26040	0.13402	0.02031	0.01063	0.00330	0.00693	0.01747	0.00957	0.01160
34	0.02705	0.59859	0.04852	0.01718	0.02542	0.03748	0.01678	0.08516	0.02240	0.02680	0.01450	0.01635	0.01286	0.00864	0.00658	0.00216	0.01040	0.00555	0.00473	0.01286
35	0.02038	0.01914	0.03224	0.30405	0.31367	0.02094	0.02655	0.02605	0.02057	0.02803	0.02114	0.08449	0.01893	0.01115	0.00990	0.00313	0.01156	0.01042	0.00498	0.01266
36	0.08263	0.01101	0.01305	0.01223	0.01520	0.01041	0.00928	0.01992	0.02524	0.06630	0.41429	0.09528	0.15020	0.01955	0.01088	0.00311	0.00514	0.01684	0.00998	0.00946
37	0.01820	0.00999	0.01318	0.01386	0.01585	0.00915	0.00981	0.02048	0.02041	0.13420	0.04895	0.49093	0.05366	0.02550	0.01146	0.00364	0.00603	0.02284	0.06229	0.00957
