[name]
unknown

[dist]
# distance from previous block
# <min> <max>
0	267

[block]
# block no. 0 follows, 22 sequences, length 75
# corresponding to MSA columns:
# 283-357
name=unknown_A
#
# <colnr> <probs for GDERKNQSTAVLIFYWHMCP>
#	G	D	E	R	K	N	Q	S	T	A	V	L	I	F	Y	W	H	M	C	P
0	0.01334	0.00975	0.01311	0.01475	0.01661	0.00988	0.01235	0.01819	0.06443	0.02494	0.04356	0.19827	0.04743	0.02264	0.01110	0.00367	0.00706	0.45331	0.00772	0.00789
1	0.02149	0.01825	0.01925	0.01707	0.02192	0.02105	0.01335	0.08824	0.59578	0.03608	0.03277	0.03016	0.02451	0.01117	0.00844	0.00279	0.00677	0.00925	0.00844	0.01322
2	0.01994	0.01939	0.03286	0.04112	0.43209	0.01931	0.10839	0.02590	0.05270	0.02711	0.01646	0.02091	0.01354	0.00778	0.00920	0.00246	0.04449	0.00758	0.00443	0.09433
3	0.00982	0.00842	0.00842	0.00842	0.01122	0.00701	0.00631	0.01192	0.01894	0.02244	0.08416	0.07995	0.65285	0.02104	0.00982	0.00281	0.00421	0.01753	0.00771	0.00701
4	0.01961	0.02241	0.04902	0.03501	0.04342	0.02101	0.62605	0.02661	0.01961	0.02661	0.01681	0.02241	0.01261	0.00700	0.00980	0.00280	0.01401	0.00980	0.00420	0.01120
5	0.03176	0.07083	0.02314	0.01643	0.02259	0.01997	0.01360	0.31836	0.02979	0.27978	0.02461	0.02488	0.01738	0.05579	0.01034	0.00283	0.00826	0.00789	0.00849	0.01327
6	0.01893	0.01818	0.03181	0.08099	0.47128	0.01820	0.08726	0.02376	0.01859	0.02611	0.01962	0.08560	0.01821	0.00975	0.00875	0.00266	0.00983	0.03398	0.00457	0.01191
7	0.03460	0.01842	0.02193	0.01681	0.02334	0.01857	0.01389	0.31638	0.03095	0.37595	0.02676	0.02437	0.01754	0.01014	0.00833	0.00253	0.00804	0.00794	0.00936	0.01413
8	0.00982	0.00842	0.00842	0.00842	0.01122	0.00701	0.00631	0.01192	0.01894	0.02244	0.08416	0.07995	0.65285	0.02104	0.00982	0.00281	0.00421	0.01753	0.00771	0.00701
9	0.01780	0.01473	0.01990	0.23775	0.03228	0.01360	0.01438	0.02208	0.01738	0.05947	0.01574	0.01947	0.01234	0.00709	0.00699	0.00182	0.00784	0.00593	0.00480	0.46862
10	0.02323	0.01422	0.01754	0.01298	0.01977	0.01125	0.01048	0.02679	0.01963	0.22720	0.05543	0.02317	0.01853	0.00805	0.00705	0.00173	0.00632	0.00656	0.00684	0.48325
11	0.01012	0.00723	0.00964	0.01157	0.01205	0.00675	0.00771	0.01157	0.01591	0.02121	0.04579	0.70262	0.05495	0.02603	0.01060	0.00337	0.00482	0.02362	0.00771	0.00675
12	0.01012	0.00723	0.00964	0.01157	0.01205	0.00675	0.00771	0.01157	0.01591	0.02121	0.04579	0.70262	0.05495	0.02603	0.01060	0.00337	0.00482	0.02362	0.00771	0.00675
13	0.03198	0.01853	0.06882	0.01640	0.02298	0.01650	0.01428	0.17206	0.08872	0.39053	0.02843	0.02595	0.01886	0.01011	0.00823	0.00256	0.00777	0.00807	0.03556	0.01367
14	0.76672	0.01607	0.01221	0.01092	0.01607	0.01864	0.00900	0.02442	0.01414	0.03727	0.01157	0.01350	0.00900	0.00771	0.00514	0.00257	0.00643	0.00450	0.00514	0.00900
15	0.02151	0.02265	0.08005	0.08748	0.32359	0.04557	0.12011	0.10690	0.02131	0.02931	0.01592	0.02033	0.01263	0.00822	0.00947	0.00261	0.04784	0.00762	0.00460	0.01226
16	0.02221	0.71304	0.04353	0.01421	0.02132	0.03287	0.01421	0.02488	0.01688	0.01955	0.01155	0.01333	0.01066	0.00711	0.00533	0.00178	0.00888	0.00444	0.00355	0.01066
17	0.01081	0.00775	0.01032	0.01154	0.01253	0.00725	0.00816	0.01310	0.01822	0.02478	0.21100	0.48295	0.06081	0.02333	0.01045	0.00320	0.00478	0.06380	0.00810	0.00711
18	0.01023	0.00775	0.00945	0.01048	0.01184	0.00696	0.00730	0.01219	0.01777	0.02309	0.13280	0.43470	0.23858	0.02339	0.01027	0.00311	0.00452	0.02071	0.00789	0.00696
19	0.69029	0.01586	0.01295	0.01133	0.01660	0.01796	0.00933	0.02610	0.01515	0.10273	0.01379	0.01504	0.01021	0.00798	0.00548	0.00257	0.00649	0.00490	0.00568	0.00954
20	0.03629	0.01688	0.02011	0.01567	0.02195	0.06342	0.01282	0.09290	0.02514	0.55866	0.03011	0.02652	0.01924	0.01012	0.00829	0.00253	0.00785	0.00805	0.00965	0.01380
21	0.03727	0.01414	0.01928	0.01478	0.02121	0.01221	0.01221	0.04049	0.02378	0.66198	0.03277	0.02828	0.02056	0.01028	0.00835	0.00257	0.00707	0.00835	0.01028	0.01414
22	0.02050	0.01991	0.03473	0.04994	0.61591	0.01982	0.06500	0.02557	0.01896	0.02711	0.01570	0.02068	0.01312	0.00738	0.00833	0.00249	0.01014	0.00756	0.00412	0.01303
23	0.02066	0.01785	0.01878	0.01691	0.02160	0.02066	0.01315	0.04414	0.64121	0.03475	0.03381	0.03099	0.02536	0.01127	0.00845	0.00282	0.00657	0.00939	0.00845	0.01315
24	0.76672	0.01607	0.01221	0.01092	0.01607	0.01864	0.00900	0.02442	0.01414	0.03727	0.01157	0.01350	0.00900	0.00771	0.00514	0.00257	0.00643	0.00450	0.00514	0.00900
25	0.03158	0.02327	0.02493	0.01911	0.02576	0.02576	0.01579	0.62852	0.03906	0.05236	0.01995	0.01995	0.01413	0.00997	0.00831	0.00249	0.00914	0.00748	0.00831	0.01413
26	0.76672	0.01607	0.01221	0.01092	0.01607	0.01864	0.00900	0.02442	0.01414	0.03727	0.01157	0.01350	0.00900	0.00771	0.00514	0.00257	0.00643	0.00450	0.00514	0.00900
27	0.02056	0.01974	0.03372	0.05099	0.65622	0.01974	0.02550	0.02550	0.01892	0.02714	0.01563	0.02056	0.01316	0.00740	0.00822	0.00247	0.00987	0.00740	0.00411	0.01316
28	0.02066	0.01785	0.01878	0.01691	0.02160	0.02066	0.01315	0.04414	0.64121	0.03475	0.03381	0.03099	0.02536	0.01127	0.00845	0.00282	0.00657	0.00939	0.00845	0.01315
29	0.01012	0.00723	0.00964	0.01157	0.01205	0.00675	0.00771	0.01157	0.01591	0.02121	0.04579	0.70262	0.05495	0.02603	0.01060	0.00337	0.00482	0.02362	0.00771	0.00675
30	0.03507	0.01768	0.02147	0.01646	0.02297	0.01746	0.01360	0.26835	0.02970	0.42574	0.02780	0.02505	0.01807	0.01016	0.00834	0.00254	0.00787	0.00802	0.00952	0.01413
31	0.01208	0.00805	0.00906	0.00906	0.00906	0.00805	0.00503	0.01208	0.01208	0.01611	0.02618	0.05436	0.03020	0.70804	0.04228	0.00805	0.00805	0.01208	0.00503	0.00503
32	0.01039	0.00744	0.00988	0.01138	0.01211	0.00693	0.00773	0.01224	0.01716	0.02320	0.14544	0.59729	0.05880	0.02454	0.01047	0.00325	0.00467	0.02220	0.00795	0.00693
33	0.01010	0.00826	0.00892	0.00911	0.01148	0.00708	0.00670	0.01234	0.01908	0.02362	0.14945	0.16451	0.49803	0.02123	0.00993	0.00286	0.00426	0.01807	0.00789	0.00708
34	0.01723	0.01477	0.01723	0.01230	0.01969	0.01107	0.00984	0.02092	0.01723	0.02707	0.01477	0.01723	0.01230	0.00615	0.00615	0.00123	0.00615	0.00492	0.00492	0.75883
35	0.02102	0.01285	0.01538	0.01317	0.01701	0.01274	0.01033	0.14085	0.05887	0.15902	0.26385	0.09372	0.08522	0.01463	0.00904	0.00263	0.00578	0.01244	0.04101	0.01045
36	0.01101	0.00830	0.01017	0.01004	0.01204	0.00747	0.00740	0.01410	0.02125	0.02873	0.41582	0.15119	0.23353	0.01929	0.00991	0.00277	0.00412	0.01684	0.00856	0.00747
37	0.01666	0.04297	0.66500	0.02368	0.03596	0.01929	0.03069	0.02631	0.01754	0.02631	0.01491	0.01754	0.01052	0.00789	0.00789	0.00263	0.01228	0.00614	0.00351	0.01228
38	0.01062	0.00735	0.00960	0.01121	0.01190	0.00689	0.00758	0.01241	0.01652	0.02272	0.08428	0.61095	0.05401	0.02423	0.01020	0.00322	0.00469	0.02188	0.06286	0.00689
39	0.01012	0.00723	0.00964	0.01157	0.01205	0.00675	0.00771	0.01157	0.01591	0.02121	0.04579	0.70262	0.05495	0.02603	0.01060	0.00337	0.00482	0.02362	0.00771	0.00675
40	0.01999	0.01742	0.02271	0.06323	0.02377	0.02209	0.01626	0.15192	0.06617	0.02803	0.01679	0.02228	0.01440	0.02115	0.13245	0.00495	0.33327	0.00776	0.00515	0.01020
41	0.02056	0.02070	0.03232	0.15241	0.47086	0.07310	0.05898	0.02548	0.01895	0.02558	0.01533	0.02047	0.01258	0.00762	0.00827	0.00251	0.01072	0.00737	0.00406	0.01211
42	0.01975	0.01011	0.01351	0.01204	0.01520	0.00907	0.00923	0.02303	0.02235	0.23476	0.35185	0.15646	0.05582	0.01630	0.00946	0.00272	0.00509	0.01428	0.00928	0.00970
43	0.02014	0.01980	0.03138	0.17887	0.50037	0.05491	0.02449	0.02504	0.01870	0.02557	0.01530	0.02058	0.01260	0.00765	0.00820	0.00251	0.01039	0.00729	0.00404	0.01217
44	0.01263	0.00786	0.00947	0.00947	0.00947	0.00786	0.00554	0.01179	0.01179	0.01572	0.02345	0.04762	0.02655	0.55059	0.04001	0.18198	0.00786	0.01095	0.00470	0.00470
45	0.08506	0.02041	0.02448	0.02396	0.12817	0.05633	0.06171	0.15262	0.25729	0.06758	0.02380	0.02402	0.01780	0.00957	0.00816	0.00263	0.00865	0.00805	0.00699	0.01272
46	0.02747	0.01869	0.02786	0.02100	0.02745	0.01867	0.16052	0.16066	0.06526	0.23151	0.02299	0.02350	0.01612	0.00943	0.00989	0.00258	0.05964	0.00819	0.00730	0.08129
47	0.01618	0.01527	0.02580	0.62392	0.11754	0.01859	0.02332	0.02166	0.01684	0.02182	0.01485	0.02199	0.01128	0.00821	0.00830	0.00274	0.01095	0.00738	0.00373	0.00962
48	0.02487	0.02757	0.03130	0.06940	0.24054	0.26437	0.11987	0.07381	0.02215	0.02610	0.01506	0.01883	0.01211	0.00801	0.00822	0.00242	0.01246	0.00704	0.00448	0.01138
49	0.76672	0.01607	0.01221	0.01092	0.01607	0.01864	0.00900	0.02442	0.01414	0.03727	0.01157	0.01350	0.00900	0.00771	0.00514	0.00257	0.00643	0.00450	0.00514	0.00900
50	0.01987	0.01704	0.01809	0.01650	0.02088	0.01961	0.01274	0.04169	0.59403	0.03373	0.03472	0.08167	0.02759	0.01238	0.00862	0.00286	0.00644	0.01047	0.00840	0.01267
51	0.71293	0.01592	0.01273	0.01121	0.01644	0.01816	0.00923	0.02560	0.01485	0.08335	0.01313	0.01459	0.00985	0.00790	0.00538	0.00257	0.00647	0.00478	0.00552	0.00938
52	0.07969	0.01077	0.01260	0.01081	0.01462	0.01019	0.00857	0.02703	0.02009	0.26048	0.09090	0.03181	0.02585	0.01048	0.00708	0.00228	0.00523	0.00845	0.35290	0.01017
53	0.01043	0.00849	0.00933	0.00970	0.01216	0.00738	0.00746	0.01282	0.01900	0.02330	0.10861	0.12775	0.49311	0.02144	0.01010	0.00297	0.00470	0.09633	0.00779	0.00713
54	0.01109	0.00847	0.01018	0.00975	0.01200	0.00756	0.00731	0.01439	0.02194	0.02958	0.45714	0.06819	0.27541	0.01837	0.00981	0.00268	0.00402	0.01588	0.00865	0.00756
55	0.00984	0.00834	0.00850	0.00862	0.01128	0.00700	0.00640	0.01190	0.01874	0.02236	0.08163	0.12091	0.61352	0.02137	0.00987	0.00284	0.00425	0.01793	0.00771	0.00700
56	0.03068	0.02214	0.02392	0.01862	0.02503	0.02441	0.01529	0.52915	0.10601	0.08516	0.02224	0.02166	0.01576	0.01014	0.00833	0.00253	0.00873	0.00774	0.00844	0.01402
57	0.01723	0.01477	0.01723	0.01230	0.01969	0.01107	0.00984	0.02092	0.01723	0.02707	0.01477	0.01723	0.01230	0.00615	0.00615	0.00123	0.00615	0.00492	0.00492	0.75883
58	0.02066	0.01785	0.01878	0.01691	0.02160	0.02066	0.01315	0.04414	0.64121	0.03475	0.03381	0.03099	0.02536	0.01127	0.00845	0.00282	0.00657	0.00939	0.00845	0.01315
59	0.01569	0.01477	0.02492	0.68808	0.05722	0.01846	0.02307	0.02123	0.01661	0.02123	0.01477	0.02215	0.01107	0.00831	0.00831	0.00277	0.01107	0.00738	0.00369	0.00923
60	0.01666	0.04297	0.66500	0.02368	0.03596	0.01929	0.03069	0.02631	0.01754	0.02631	0.01491	0.01754	0.01052	0.00789	0.00789	0.00263	0.01228	0.00614	0.00351	0.01228
61	0.01012	0.00723	0.00964	0.01157	0.01205	0.00675	0.00771	0.01157	0.01591	0.02121	0.04579	0.70262	0.05495	0.02603	0.01060	0.00337	0.00482	0.02362	0.00771	0.00675
62	0.03468	0.01564	0.01994	0.01540	0.02162	0.01467	0.01268	0.15662	0.02682	0.50424	0.06553	0.02854	0.02258	0.01060	0.00843	0.00256	0.00730	0.00856	0.00982	0.01378
63	0.01128	0.00805	0.01097	0.01289	0.01388	0.00774	0.00972	0.01356	0.01704	0.02250	0.04515	0.48720	0.05242	0.02494	0.01091	0.00353	0.00582	0.22764	0.00769	0.00707
64	0.01961	0.02241	0.04902	0.03501	0.04342	0.02101	0.62605	0.02661	0.01961	0.02661	0.01681	0.02241	0.01261	0.00700	0.00980	0.00280	0.01401	0.00980	0.00420	0.01120
65	0.01252	0.01076	0.01100	0.01053	0.01381	0.01041	0.00801	0.01995	0.17391	0.02551	0.07162	0.06776	0.49658	0.01861	0.00948	0.00281	0.00480	0.01551	0.00790	0.00854
66	0.01190	0.00876	0.01265	0.01265	0.01389	0.01000	0.00950	0.01438	0.01314	0.01876	0.02290	0.03621	0.02232	0.16849	0.57106	0.01248	0.01992	0.00942	0.00455	0.00703
67	0.76672	0.01607	0.01221	0.01092	0.01607	0.01864	0.00900	0.02442	0.01414	0.03727	0.01157	0.01350	0.00900	0.00771	0.00514	0.00257	0.00643	0.00450	0.00514	0.00900
68	0.01176	0.00849	0.01110	0.01045	0.01241	0.00784	0.00784	0.01568	0.02352	0.03331	0.65184	0.06206	0.07839	0.01698	0.00980	0.00261	0.00392	0.01502	0.00914	0.00784
69	0.01182	0.00800	0.01017	0.01039	0.01190	0.00750	0.00750	0.01498	0.02033	0.02933	0.37754	0.25002	0.06292	0.01862	0.00945	0.00274	0.00418	0.01653	0.11857	0.00750
70	0.01966	0.01823	0.02983	0.30818	0.24224	0.02005	0.08323	0.09090	0.05442	0.02781	0.01686	0.02191	0.01302	0.00823	0.00844	0.00265	0.01052	0.00775	0.00464	0.01144
71	0.02027	0.31567	0.34040	0.01988	0.02949	0.02456	0.05409	0.02654	0.01773	0.05982	0.01465	0.01668	0.01126	0.00766	0.00697	0.00229	0.01068	0.00576	0.00395	0.01166
72	0.01014	0.00772	0.00934	0.01043	0.01180	0.00692	0.00725	0.01199	0.01748	0.02251	0.10328	0.44777	0.25602	0.02370	0.01028	0.00313	0.00455	0.02095	0.00782	0.00692
73	0.01879	0.01052	0.01187	0.01107	0.01408	0.01052	0.00843	0.02547	0.12614	0.13338	0.03604	0.12900	0.07321	0.01320	0.00766	0.00246	0.00502	0.01109	0.34253	0.00953
74	0.07037	0.05758	0.10902	0.06623	0.23835	0.02123	0.05551	0.10734	0.13396	0.03164	0.01895	0.02136	0.01462	0.00853	0.00798	0.00256	0.00951	0.00741	0.00539	0.01245

[dist]
# distance from previous block
# <min> <max>
0	2

[block]
# block no. 1 follows, 22 sequences, length 54
# corresponding to MSA columns:
# 360-413
name=unknown_B
#
# <colnr> <probs for GDERKNQSTAVLIFYWHMCP>
#	G	D	E	R	K	N	Q	S	T	A	V	L	I	F	Y	W	H	M	C	P
0	0.05574	0.01502	0.01942	0.02176	0.14462	0.06008	0.01421	0.02499	0.05853	0.13214	0.02232	0.02724	0.01826	0.03281	0.30651	0.00736	0.01491	0.00808	0.00566	0.01031
1	0.01850	0.01775	0.02431	0.02092	0.02139	0.02416	0.01729	0.05967	0.01469	0.02222	0.01394	0.06615	0.01420	0.01504	0.02484	0.00354	0.59949	0.00843	0.00423	0.00926
2	0.11621	0.02189	0.02207	0.01998	0.06706	0.09572	0.01496	0.22961	0.17062	0.03715	0.02007	0.02095	0.01532	0.00986	0.00932	0.00257	0.06509	0.00718	0.00666	0.04770
3	0.01675	0.01760	0.03506	0.02680	0.03196	0.01748	0.37876	0.02156	0.01774	0.02430	0.02434	0.21500	0.02442	0.01329	0.01209	0.00306	0.09154	0.01343	0.00513	0.00969
4	0.02066	0.01785	0.01878	0.01691	0.02160	0.02066	0.01315	0.04414	0.64121	0.03475	0.03381	0.03099	0.02536	0.01127	0.00845	0.00282	0.00657	0.00939	0.00845	0.01315
5	0.01713	0.01674	0.02230	0.01965	0.02021	0.04940	0.01611	0.01925	0.01334	0.01983	0.01386	0.02170	0.01340	0.02639	0.19057	0.00603	0.49394	0.00760	0.00387	0.00869
6	0.76672	0.01607	0.01221	0.01092	0.01607	0.01864	0.00900	0.02442	0.01414	0.03727	0.01157	0.01350	0.00900	0.00771	0.00514	0.00257	0.00643	0.00450	0.00514	0.00900
7	0.00998	0.00777	0.00909	0.01014	0.01168	0.00687	0.00708	0.01173	0.01727	0.02176	0.06312	0.42141	0.32497	0.02377	0.01025	0.00312	0.00454	0.02087	0.00771	0.00687
8	0.01076	0.00837	0.00977	0.00960	0.01184	0.00738	0.00713	0.01367	0.02089	0.02749	0.34965	0.11503	0.33966	0.01947	0.00986	0.00275	0.00411	0.01677	0.00839	0.00738
9	0.01276	0.00936	0.01251	0.01408	0.01615	0.00911	0.01214	0.01628	0.01909	0.02443	0.05107	0.09128	0.15454	0.02261	0.01118	0.00364	0.00704	0.49750	0.00766	0.00754
10	0.76672	0.01607	0.01221	0.01092	0.01607	0.01864	0.00900	0.02442	0.01414	0.03727	0.01157	0.01350	0.00900	0.00771	0.00514	0.00257	0.00643	0.00450	0.00514	0.00900
11	0.76672	0.01607	0.01221	0.01092	0.01607	0.01864	0.00900	0.02442	0.01414	0.03727	0.01157	0.01350	0.00900	0.00771	0.00514	0.00257	0.00643	0.00450	0.00514	0.00900
12	0.03697	0.01462	0.01958	0.01501	0.02145	0.01293	0.01240	0.07162	0.02459	0.62970	0.03209	0.02783	0.02022	0.01027	0.00835	0.00257	0.00718	0.00831	0.01018	0.01414
13	0.03103	0.03959	0.02354	0.02140	0.02568	0.67469	0.01605	0.03317	0.02354	0.02033	0.01284	0.01498	0.01070	0.00856	0.00749	0.00214	0.01498	0.00535	0.00428	0.00963
14	0.01569	0.01477	0.02492	0.68808	0.05722	0.01846	0.02307	0.02123	0.01661	0.02123	0.01477	0.02215	0.01107	0.00831	0.00831	0.00277	0.01107	0.00738	0.00369	0.00923
15	0.05014	0.01626	0.02691	0.47379	0.22887	0.01884	0.02315	0.02260	0.01717	0.02364	0.01487	0.02131	0.01159	0.00802	0.00814	0.00267	0.01052	0.00726	0.00388	0.01036
16	0.07812	0.01614	0.01896	0.01556	0.02128	0.01650	0.01255	0.07453	0.25008	0.35689	0.03104	0.02784	0.02120	0.01046	0.00818	0.00266	0.00697	0.00843	0.00917	0.01344
17	0.01666	0.04297	0.66500	0.02368	0.03596	0.01929	0.03069	0.02631	0.01754	0.02631	0.01491	0.01754	0.01052	0.00789	0.00789	0.00263	0.01228	0.00614	0.00351	0.01228
18	0.03575	0.01633	0.05818	0.01554	0.02232	0.01333	0.01350	0.06995	0.02419	0.59254	0.03104	0.02720	0.01963	0.01012	0.00832	0.00257	0.00749	0.00818	0.00978	0.01403
19	0.01797	0.03901	0.55541	0.02265	0.03375	0.01982	0.02786	0.06288	0.08909	0.02876	0.01733	0.01919	0.01240	0.00839	0.00798	0.00264	0.01145	0.00658	0.00434	0.01248
20	0.01696	0.01606	0.02721	0.52217	0.21320	0.01879	0.02370	0.02234	0.01721	0.02277	0.01499	0.02173	0.01162	0.00807	0.00828	0.00269	0.01076	0.00739	0.00380	0.01025
21	0.01012	0.00723	0.00964	0.01157	0.01205	0.00675	0.00771	0.01157	0.01591	0.02121	0.04579	0.70262	0.05495	0.02603	0.01060	0.00337	0.00482	0.02362	0.00771	0.00675
22	0.06697	0.01211	0.01665	0.01554	0.05900	0.01156	0.04309	0.04868	0.02296	0.14432	0.37625	0.04689	0.07428	0.01387	0.00907	0.00260	0.00581	0.01214	0.00840	0.00980
23	0.02056	0.01974	0.03372	0.05099	0.65622	0.01974	0.02550	0.02550	0.01892	0.02714	0.01563	0.02056	0.01316	0.00740	0.00822	0.00247	0.00987	0.00740	0.00411	0.01316
24	0.76672	0.01607	0.01221	0.01092	0.01607	0.01864	0.00900	0.02442	0.01414	0.03727	0.01157	0.01350	0.00900	0.00771	0.00514	0.00257	0.00643	0.00450	0.00514	0.00900
25	0.01155	0.00841	0.01086	0.01040	0.01232	0.00773	0.00774	0.01522	0.02280	0.03197	0.58302	0.10139	0.10995	0.01776	0.00985	0.00267	0.00399	0.01568	0.00898	0.00773
26	0.03014	0.03398	0.02282	0.02002	0.02466	0.49022	0.01533	0.16188	0.02652	0.02799	0.01531	0.01710	0.01213	0.00894	0.00756	0.00220	0.01299	0.00597	0.05373	0.01049
27	0.01007	0.00836	0.00881	0.00883	0.01141	0.00710	0.00657	0.01236	0.01933	0.02370	0.15107	0.11095	0.55121	0.02081	0.00986	0.00281	0.00421	0.01755	0.00789	0.00710
28	0.01046	0.00762	0.00985	0.01103	0.01205	0.00701	0.00761	0.01251	0.01787	0.02400	0.18324	0.50367	0.11525	0.02357	0.01035	0.00315	0.00456	0.02116	0.00803	0.00701
29	0.01074	0.00845	0.00970	0.00939	0.01179	0.00741	0.00704	0.01371	0.02112	0.02763	0.35496	0.07141	0.37881	0.01910	0.00981	0.00271	0.00407	0.01634	0.00840	0.00741
30	0.03192	0.01514	0.01878	0.01472	0.02041	0.01450	0.01204	0.16961	0.02655	0.41391	0.07256	0.02904	0.02323	0.01062	0.00818	0.00249	0.00698	0.00856	0.08774	0.01302
31	0.02066	0.01785	0.01878	0.01691	0.02160	0.02066	0.01315	0.04414	0.64121	0.03475	0.03381	0.03099	0.02536	0.01127	0.00845	0.00282	0.00657	0.00939	0.00845	0.01315
32	0.01723	0.01477	0.01723	0.01230	0.01969	0.01107	0.00984	0.02092	0.01723	0.02707	0.01477	0.01723	0.01230	0.00615	0.00615	0.00123	0.00615	0.00492	0.00492	0.75883
33	0.76672	0.01607	0.01221	0.01092	0.01607	0.01864	0.00900	0.02442	0.01414	0.03727	0.01157	0.01350	0.00900	0.00771	0.00514	0.00257	0.00643	0.00450	0.00514	0.00900
34	0.01569	0.01477	0.02492	0.68808	0.05722	0.01846	0.02307	0.02123	0.01661	0.02123	0.01477	0.02215	0.01107	0.00831	0.00831	0.00277	0.01107	0.00738	0.00369	0.00923
35	0.01012	0.00723	0.00964	0.01157	0.01205	0.00675	0.00771	0.01157	0.01591	0.02121	0.04579	0.70262	0.05495	0.02603	0.01060	0.00337	0.00482	0.02362	0.00771	0.00675
36	0.01012	0.00723	0.00964	0.01157	0.01205	0.00675	0.00771	0.01157	0.01591	0.02121	0.04579	0.70262	0.05495	0.02603	0.01060	0.00337	0.00482	0.02362	0.00771	0.00675
37	0.02221	0.71304	0.04353	0.01421	0.02132	0.03287	0.01421	0.02488	0.01688	0.01955	0.01155	0.01333	0.01066	0.00711	0.00533	0.00178	0.00888	0.00444	0.00355	0.01066
38	0.01818	0.01818	0.02545	0.02181	0.02181	0.02545	0.01818	0.01999	0.01272	0.01999	0.01091	0.01818	0.01091	0.01454	0.02726	0.00364	0.69284	0.00727	0.00364	0.00909
39	0.01012	0.00723	0.00964	0.01157	0.01205	0.00675	0.00771	0.01157	0.01591	0.02121	0.04579	0.70262	0.05495	0.02603	0.01060	0.00337	0.00482	0.02362	0.00771	0.00675
40	0.01961	0.02241	0.04902	0.03501	0.04342	0.02101	0.62605	0.02661	0.01961	0.02661	0.01681	0.02241	0.01261	0.00700	0.00980	0.00280	0.01401	0.00980	0.00420	0.01120
41	0.03103	0.03959	0.02354	0.02140	0.02568	0.67469	0.01605	0.03317	0.02354	0.02033	0.01284	0.01498	0.01070	0.00856	0.00749	0.00214	0.01498	0.00535	0.00428	0.00963
42	0.02139	0.01820	0.01919	0.01705	0.02188	0.02100	0.01332	0.08281	0.60137	0.03592	0.03289	0.03026	0.02462	0.01118	0.00844	0.00280	0.00674	0.00927	0.00844	0.01321
43	0.02105	0.01964	0.03206	0.04637	0.57326	0.01956	0.02383	0.06426	0.02011	0.02877	0.01585	0.02030	0.01317	0.00749	0.00809	0.00239	0.00958	0.00724	0.00444	0.06257
44	0.62312	0.01569	0.01360	0.01168	0.01708	0.01737	0.00963	0.02758	0.01604	0.16025	0.01574	0.01640	0.01127	0.00822	0.00577	0.00257	0.00655	0.00526	0.00615	0.01001
45	0.01208	0.00805	0.00906	0.00906	0.00906	0.00805	0.00503	0.01208	0.01208	0.01611	0.02618	0.05436	0.03020	0.70804	0.04228	0.00805	0.00805	0.01208	0.00503	0.00503
46	0.01334	0.01219	0.01161	0.01152	0.01390	0.08186	0.00846	0.01701	0.05708	0.02524	0.19882	0.19913	0.28066	0.01919	0.00964	0.00281	0.00560	0.01641	0.00772	0.00781
47	0.01236	0.00892	0.01154	0.01138	0.01244	0.00960	0.00796	0.01515	0.04379	0.02022	0.09383	0.04503	0.03134	0.32919	0.30129	0.00942	0.01346	0.01095	0.00541	0.00672
48	0.01715	0.02123	0.13460	0.27110	0.07844	0.02144	0.02259	0.02188	0.01539	0.02199	0.01332	0.01970	0.01105	0.01063	0.01570	0.00307	0.27998	0.00713	0.00367	0.00995
49	0.03103	0.03959	0.02354	0.02140	0.02568	0.67469	0.01605	0.03317	0.02354	0.02033	0.01284	0.01498	0.01070	0.00856	0.00749	0.00214	0.01498	0.00535	0.00428	0.00963
50	0.01035	0.00739	0.00990	0.01183	0.01241	0.00694	0.00811	0.01196	0.01613	0.02146	0.04566	0.66005	0.05445	0.02581	0.01066	0.00341	0.00502	0.06394	0.00771	0.00681
51	0.01625	0.01703	0.03508	0.02671	0.03231	0.01596	0.40710	0.02128	0.01830	0.02470	0.02707	0.26326	0.02760	0.01374	0.01009	0.00300	0.01075	0.01469	0.00544	0.00963
52	0.01726	0.00977	0.01151	0.01092	0.01400	0.00902	0.00863	0.02104	0.04193	0.14535	0.07629	0.08764	0.22819	0.01631	0.00881	0.00271	0.00523	0.09189	0.18467	0.00885
53	0.01087	0.00754	0.00942	0.01061	0.01091	0.00725	0.00669	0.01176	0.01445	0.01926	0.03831	0.45547	0.04551	0.28605	0.02268	0.00516	0.00605	0.01922	0.00669	0.00609

[dist]
# distance from previous block
# <min> <max>
0	43

[block]
# block no. 2 follows, 22 sequences, length 36
# corresponding to MSA columns:
# 457-492
name=unknown_C
#
# <colnr> <probs for GDERKNQSTAVLIFYWHMCP>
#	G	D	E	R	K	N	Q	S	T	A	V	L	I	F	Y	W	H	M	C	P
0	0.01853	0.26908	0.45529	0.02048	0.03102	0.02388	0.02513	0.02583	0.01732	0.02403	0.01377	0.01612	0.01057	0.00763	0.00703	0.00234	0.01113	0.00557	0.00352	0.01173
1	0.01986	0.42913	0.30685	0.01822	0.02752	0.02712	0.02120	0.02548	0.01716	0.02241	0.01297	0.01511	0.01060	0.00744	0.00642	0.00214	0.01032	0.00516	0.00353	0.01135
2	0.01218	0.00870	0.01200	0.01392	0.01530	0.00852	0.01128	0.01512	0.01793	0.02351	0.04465	0.31940	0.05045	0.02409	0.01115	0.00366	0.00660	0.38656	0.00767	0.00732
3	0.01681	0.01600	0.02657	0.50874	0.16326	0.01935	0.02305	0.02189	0.01666	0.02219	0.01456	0.02148	0.01144	0.00873	0.01008	0.00280	0.07531	0.00738	0.00376	0.00993
4	0.09560	0.01967	0.03375	0.02479	0.03208	0.01908	0.30706	0.12147	0.02320	0.20668	0.02120	0.02283	0.01470	0.00842	0.00875	0.00267	0.01065	0.00856	0.00659	0.01225
5	0.00982	0.00842	0.00842	0.00842	0.01122	0.00701	0.00631	0.01192	0.01894	0.02244	0.08416	0.07995	0.65285	0.02104	0.00982	0.00281	0.00421	0.01753	0.00771	0.00701
6	0.01057	0.00841	0.00953	0.00967	0.01200	0.00737	0.00730	0.01318	0.01981	0.02517	0.21712	0.13102	0.41738	0.02062	0.01000	0.00288	0.00443	0.05825	0.00806	0.00724
7	0.01977	0.01893	0.03229	0.15469	0.55872	0.01953	0.02510	0.02480	0.01854	0.02618	0.01549	0.02082	0.01282	0.00755	0.00824	0.00252	0.01007	0.00740	0.00404	0.01252
8	0.01561	0.00904	0.01037	0.01048	0.01260	0.00886	0.00794	0.05206	0.01885	0.06174	0.03703	0.20980	0.07287	0.01587	0.00809	0.00260	0.00495	0.06830	0.36479	0.00813
9	0.01000	0.00769	0.00917	0.01035	0.01173	0.00685	0.00717	0.01170	0.01707	0.02168	0.06057	0.46265	0.28537	0.02410	0.01030	0.00315	0.00458	0.02127	0.00771	0.00685
10	0.01723	0.01477	0.01723	0.01230	0.01969	0.01107	0.00984	0.02092	0.01723	0.02707	0.01477	0.01723	0.01230	0.00615	0.00615	0.00123	0.00615	0.00492	0.00492	0.75883
11	0.08978	0.01940	0.03172	0.04727	0.59684	0.01964	0.02397	0.02540	0.01847	0.02808	0.01525	0.01991	0.01277	0.00743	0.00794	0.00248	0.00955	0.00713	0.00421	0.01277
12	0.01892	0.02791	0.26123	0.02800	0.14530	0.02030	0.09408	0.03081	0.19164	0.02849	0.02031	0.02245	0.01541	0.00901	0.00942	0.00273	0.04872	0.00777	0.00509	0.01238
13	0.01569	0.01477	0.02492	0.68808	0.05722	0.01846	0.02307	0.02123	0.01661	0.02123	0.01477	0.02215	0.01107	0.00831	0.00831	0.00277	0.01107	0.00738	0.00369	0.00923
14	0.01961	0.02241	0.04902	0.03501	0.04342	0.02101	0.62605	0.02661	0.01961	0.02661	0.01681	0.02241	0.01261	0.00700	0.00980	0.00280	0.01401	0.00980	0.00420	0.01120
15	0.02066	0.01785	0.01878	0.01691	0.02160	0.02066	0.01315	0.04414	0.64121	0.03475	0.03381	0.03099	0.02536	0.01127	0.00845	0.00282	0.00657	0.00939	0.00845	0.01315
16	0.01560	0.00999	0.01393	0.01525	0.01758	0.00981	0.01328	0.01937	0.01956	0.08396	0.04295	0.08764	0.04528	0.02177	0.01119	0.00371	0.00760	0.54539	0.00789	0.00825
17	0.01012	0.00723	0.00964	0.01157	0.01205	0.00675	0.00771	0.01157	0.01591	0.02121	0.04579	0.70262	0.05495	0.02603	0.01060	0.00337	0.00482	0.02362	0.00771	0.00675
18	0.01208	0.00805	0.00906	0.00906	0.00906	0.00805	0.00503	0.01208	0.01208	0.01611	0.02618	0.05436	0.03020	0.70804	0.04228	0.00805	0.00805	0.01208	0.00503	0.00503
19	0.03158	0.02327	0.02493	0.01911	0.02576	0.02576	0.01579	0.62852	0.03906	0.05236	0.01995	0.01995	0.01413	0.00997	0.00831	0.00249	0.00914	0.00748	0.00831	0.01413
20	0.03727	0.01414	0.01928	0.01478	0.02121	0.01221	0.01221	0.04049	0.02378	0.66198	0.03277	0.02828	0.02056	0.01028	0.00835	0.00257	0.00707	0.00835	0.01028	0.01414
21	0.02066	0.01785	0.01878	0.01691	0.02160	0.02066	0.01315	0.04414	0.64121	0.03475	0.03381	0.03099	0.02536	0.01127	0.00845	0.00282	0.00657	0.00939	0.00845	0.01315
22	0.01961	0.02241	0.04902	0.03501	0.04342	0.02101	0.62605	0.02661	0.01961	0.02661	0.01681	0.02241	0.01261	0.00700	0.00980	0.00280	0.01401	0.00980	0.00420	0.01120
23	0.02095	0.14480	0.02330	0.01641	0.02155	0.02289	0.01334	0.04063	0.52720	0.03197	0.02975	0.02777	0.02268	0.01051	0.00788	0.00263	0.00700	0.00849	0.00756	0.01269
24	0.02011	0.01928	0.03290	0.11009	0.60066	0.01962	0.02527	0.02510	0.01870	0.02659	0.01555	0.02071	0.01297	0.00749	0.00823	0.00250	0.00998	0.00740	0.00407	0.01279
25	0.02247	0.02336	0.03186	0.04559	0.54108	0.13934	0.02377	0.02690	0.01976	0.02590	0.01512	0.01954	0.01271	0.00761	0.00809	0.00241	0.01080	0.00703	0.00414	0.01251
26	0.01163	0.00849	0.01093	0.01032	0.01233	0.00778	0.00774	0.01543	0.02322	0.03261	0.61501	0.06322	0.11566	0.01725	0.00980	0.00263	0.00394	0.01519	0.00905	0.00778
27	0.01715	0.03957	0.56299	0.02556	0.03719	0.01958	0.12929	0.02636	0.01788	0.02636	0.01522	0.01835	0.01087	0.00775	0.00821	0.00266	0.01256	0.00675	0.00362	0.01210
28	0.15817	0.58576	0.03781	0.01361	0.02036	0.03027	0.01326	0.02479	0.01638	0.02278	0.01155	0.01336	0.01036	0.00722	0.00530	0.00192	0.00844	0.00445	0.00384	0.01036
29	0.01012	0.00723	0.00964	0.01157	0.01205	0.00675	0.00771	0.01157	0.01591	0.02121	0.04579	0.70262	0.05495	0.02603	0.01060	0.00337	0.00482	0.02362	0.00771	0.00675
30	0.03123	0.01328	0.01723	0.01372	0.01937	0.01172	0.01117	0.03538	0.05760	0.50773	0.04239	0.03804	0.13846	0.01234	0.00863	0.00263	0.00651	0.01012	0.00970	0.01276
31	0.01694	0.01604	0.02717	0.52496	0.21059	0.01879	0.02369	0.02232	0.01720	0.02274	0.01499	0.02174	0.01161	0.00807	0.00828	0.00269	0.01077	0.00739	0.00380	0.01023
32	0.01166	0.00871	0.01099	0.01199	0.01324	0.00859	0.00837	0.01616	0.09077	0.02505	0.15713	0.50456	0.05583	0.02261	0.01020	0.00317	0.00486	0.02035	0.00807	0.00770
33	0.03278	0.02135	0.02374	0.01820	0.02480	0.02291	0.01504	0.50490	0.03585	0.18051	0.02264	0.02170	0.01548	0.01004	0.00832	0.00251	0.00871	0.00766	0.00872	0.01413
34	0.01044	0.00835	0.00942	0.01000	0.01222	0.00734	0.00758	0.01274	0.01862	0.02304	0.09823	0.19465	0.43654	0.02202	0.01018	0.00304	0.00476	0.09596	0.00777	0.00709
35	0.02350	0.10461	0.03501	0.08157	0.19237	0.10592	0.16651	0.13647	0.02294	0.02941	0.01580	0.01946	0.01244	0.00796	0.00820	0.00245	0.01136	0.00739	0.00482	0.01182

[dist]
# distance from previous block
# <min> <max>
0	1

[block]
# block no. 3 follows, 22 sequences, length 11
# corresponding to MSA columns:
# 494-504
name=unknown_D
#
# <colnr> <probs for GDERKNQSTAVLIFYWHMCP>
#	G	D	E	R	K	N	Q	S	T	A	V	L	I	F	Y	W	H	M	C	P
0	0.18611	0.09945	0.19684	0.02809	0.22364	0.04761	0.02113	0.05743	0.01852	0.02941	0.01422	0.01717	0.01122	0.00775	0.00712	0.00245	0.00981	0.00603	0.00435	0.01165
1	0.02458	0.02685	0.05848	0.07983	0.15457	0.22918	0.01858	0.10100	0.16735	0.02911	0.01936	0.02111	0.01502	0.00906	0.00804	0.00248	0.01087	0.00715	0.00559	0.01178
2	0.02410	0.01626	0.01912	0.01411	0.02116	0.01411	0.01147	0.14084	0.02274	0.16277	0.01947	0.02002	0.01435	0.00773	0.00702	0.00175	0.00691	0.00612	0.00667	0.46328
3	0.01135	0.00848	0.01054	0.01002	0.01216	0.00767	0.00752	0.01489	0.02255	0.03103	0.53272	0.06581	0.19893	0.01783	0.00980	0.00265	0.00398	0.01555	0.00884	0.00767
4	0.01193	0.00867	0.01219	0.01219	0.01327	0.00975	0.00893	0.01409	0.01301	0.01842	0.02332	0.03853	0.02333	0.23745	0.50348	0.01191	0.01840	0.00976	0.00461	0.00677
5	0.01161	0.00849	0.01090	0.01030	0.01232	0.00778	0.00772	0.01539	0.02317	0.03249	0.60860	0.06342	0.12214	0.01729	0.00980	0.00263	0.00394	0.01521	0.00904	0.00778
6	0.47011	0.15455	0.15275	0.01418	0.02117	0.02149	0.01446	0.02490	0.01536	0.03163	0.01225	0.01430	0.00963	0.00763	0.00574	0.00243	0.00810	0.00483	0.00450	0.00999
7	0.01360	0.00894	0.01147	0.01058	0.01299	0.00810	0.00803	0.01727	0.02304	0.08275	0.54093	0.06126	0.13554	0.01688	0.00968	0.00263	0.00420	0.01476	0.00908	0.00826
8	0.01831	0.11271	0.16191	0.02100	0.08227	0.02019	0.01845	0.02276	0.01623	0.02409	0.01345	0.01734	0.01143	0.00895	0.01211	0.00234	0.18732	0.00596	0.00403	0.23916
9	0.02466	0.30499	0.16386	0.01863	0.02608	0.17573	0.01829	0.12853	0.02227	0.02663	0.01395	0.01569	0.01122	0.00808	0.00685	0.00216	0.01102	0.00551	0.00451	0.01134
10	0.02087	0.17848	0.28286	0.01727	0.02547	0.01874	0.01916	0.02651	0.01928	0.14997	0.08088	0.02842	0.07747	0.01021	0.00777	0.00245	0.00902	0.00804	0.00574	0.01141

[dist]
# distance from previous block
# <min> <max>
0	2

[block]
# block no. 4 follows, 22 sequences, length 32
# corresponding to MSA columns:
# 507-538
name=unknown_E
#
# <colnr> <probs for GDERKNQSTAVLIFYWHMCP>
#	G	D	E	R	K	N	Q	S	T	A	V	L	I	F	Y	W	H	M	C	P
0	0.02451	0.02155	0.05753	0.02403	0.12926	0.07265	0.04653	0.13292	0.23267	0.10426	0.04956	0.02597	0.02049	0.00993	0.00839	0.00261	0.00883	0.00838	0.00714	0.01279
1	0.01698	0.02718	0.29139	0.02433	0.13175	0.04283	0.02145	0.02564	0.10376	0.02674	0.05313	0.15038	0.02452	0.01213	0.00861	0.00275	0.00941	0.01046	0.00537	0.01119
2	0.03621	0.01584	0.02033	0.01559	0.02206	0.01474	0.01288	0.15021	0.02663	0.54822	0.03038	0.02672	0.01936	0.01022	0.00835	0.00256	0.00746	0.00819	0.00991	0.01414
3	0.02066	0.01785	0.01878	0.01691	0.02160	0.02066	0.01315	0.04414	0.64121	0.03475	0.03381	0.03099	0.02536	0.01127	0.00845	0.00282	0.00657	0.00939	0.00845	0.01315
4	0.01702	0.01005	0.01305	0.01161	0.01456	0.00935	0.00894	0.02186	0.05679	0.15131	0.50247	0.05405	0.06469	0.01542	0.00945	0.00262	0.00465	0.01347	0.00932	0.00931
5	0.06397	0.08802	0.08971	0.01953	0.02689	0.01917	0.11534	0.14403	0.02421	0.29117	0.02298	0.02258	0.01559	0.00903	0.00809	0.00252	0.00924	0.00765	0.00737	0.01290
6	0.33450	0.01779	0.01722	0.11807	0.02498	0.05465	0.01309	0.03172	0.24777	0.03295	0.02039	0.02140	0.01548	0.00917	0.00698	0.00267	0.00766	0.00681	0.00610	0.01061
7	0.01012	0.00723	0.00964	0.01157	0.01205	0.00675	0.00771	0.01157	0.01591	0.02121	0.04579	0.70262	0.05495	0.02603	0.01060	0.00337	0.00482	0.02362	0.00771	0.00675
8	0.01666	0.04297	0.66500	0.02368	0.03596	0.01929	0.03069	0.02631	0.01754	0.02631	0.01491	0.01754	0.01052	0.00789	0.00789	0.00263	0.01228	0.00614	0.00351	0.01228
9	0.01961	0.02241	0.04902	0.03501	0.04342	0.02101	0.62605	0.02661	0.01961	0.02661	0.01681	0.02241	0.01261	0.00700	0.00980	0.00280	0.01401	0.00980	0.00420	0.01120
10	0.76672	0.01607	0.01221	0.01092	0.01607	0.01864	0.00900	0.02442	0.01414	0.03727	0.01157	0.01350	0.00900	0.00771	0.00514	0.00257	0.00643	0.00450	0.00514	0.00900
11	0.01188	0.00885	0.01308	0.01308	0.01447	0.01024	0.01004	0.01466	0.01327	0.01908	0.02250	0.03402	0.02137	0.10355	0.63470	0.01301	0.02134	0.00910	0.00449	0.00727
12	0.01176	0.00849	0.01110	0.01045	0.01241	0.00784	0.00784	0.01568	0.02352	0.03331	0.65184	0.06206	0.07839	0.01698	0.00980	0.00261	0.00392	0.01502	0.00914	0.00784
13	0.01391	0.01075	0.01296	0.01201	0.01463	0.01093	0.00912	0.02255	0.17261	0.03366	0.50267	0.05456	0.06559	0.01560	0.00947	0.00266	0.00456	0.01366	0.00898	0.00912
14	0.01658	0.01166	0.01259	0.01175	0.01471	0.01256	0.00898	0.02774	0.25030	0.03290	0.16857	0.03790	0.03550	0.01189	0.00768	0.00241	0.00489	0.00997	0.31165	0.00977
15	0.05711	0.01932	0.10655	0.01439	0.02216	0.01385	0.01315	0.05571	0.04833	0.02923	0.01582	0.01788	0.01261	0.00693	0.00657	0.00164	0.00719	0.00542	0.00509	0.54107
16	0.02961	0.02210	0.02387	0.01818	0.02493	0.02374	0.01497	0.54496	0.03606	0.04888	0.01923	0.01957	0.01388	0.00945	0.00801	0.00232	0.00873	0.00713	0.00784	0.11655
17	0.12469	0.52922	0.08532	0.01474	0.02195	0.02950	0.01483	0.05746	0.01775	0.02426	0.01226	0.01403	0.01061	0.00740	0.00566	0.00199	0.00882	0.00474	0.00402	0.01074
18	0.02050	0.11590	0.03970	0.04109	0.38327	0.02193	0.20586	0.02575	0.01885	0.02594	0.01542	0.02013	0.01265	0.00724	0.00830	0.00247	0.01099	0.00772	0.00406	0.01222
19	0.01569	0.01477	0.02492	0.68808	0.05722	0.01846	0.02307	0.02123	0.01661	0.02123	0.01477	0.02215	0.01107	0.00831	0.00831	0.00277	0.01107	0.00738	0.00369	0.00923
20	0.01208	0.00805	0.00906	0.00906	0.00906	0.00805	0.00503	0.01208	0.01208	0.01611	0.02618	0.05436	0.03020	0.70804	0.04228	0.00805	0.00805	0.01208	0.00503	0.00503
21	0.01089	0.00827	0.01174	0.10461	0.01826	0.00836	0.00982	0.01290	0.01600	0.02121	0.04152	0.60903	0.04891	0.02359	0.01029	0.00329	0.00568	0.02138	0.00716	0.00709
22	0.01012	0.00723	0.00964	0.01157	0.01205	0.00675	0.00771	0.01157	0.01591	0.02121	0.04579	0.70262	0.05495	0.02603	0.01060	0.00337	0.00482	0.02362	0.00771	0.00675
23	0.01012	0.00723	0.00964	0.01157	0.01205	0.00675	0.00771	0.01157	0.01591	0.02121	0.04579	0.70262	0.05495	0.02603	0.01060	0.00337	0.00482	0.02362	0.00771	0.00675
24	0.01192	0.00813	0.00976	0.00988	0.01014	0.00833	0.00603	0.01247	0.01252	0.01692	0.02682	0.09242	0.03033	0.56496	0.13779	0.00857	0.01004	0.01233	0.00511	0.00551
25	0.02216	0.01859	0.01963	0.01721	0.02217	0.02136	0.01351	0.12452	0.55840	0.03717	0.03191	0.02947	0.02381	0.01109	0.00843	0.00277	0.00693	0.00913	0.00843	0.01328
26	0.01208	0.00805	0.00906	0.00906	0.00906	0.00805	0.00503	0.01208	0.01208	0.01611	0.02618	0.05436	0.03020	0.70804	0.04228	0.00805	0.00805	0.01208	0.00503	0.00503
27	0.01012	0.00723	0.00964	0.01157	0.01205	0.00675	0.00771	0.01157	0.01591	0.02121	0.04579	0.70262	0.05495	0.02603	0.01060	0.00337	0.00482	0.02362	0.00771	0.00675
28	0.02056	0.01974	0.03372	0.05099	0.65622	0.01974	0.02550	0.02550	0.01892	0.02714	0.01563	0.02056	0.01316	0.00740	0.00822	0.00247	0.00987	0.00740	0.00411	0.01316
29	0.01947	0.01862	0.03174	0.19406	0.52170	0.01945	0.02495	0.02454	0.01840	0.02581	0.01543	0.02092	0.01269	0.00760	0.00824	0.00253	0.01014	0.00740	0.00402	0.01228
30	0.02926	0.03665	0.02380	0.02146	0.02515	0.58540	0.01634	0.03136	0.02205	0.02029	0.01257	0.01542	0.01073	0.00938	0.01021	0.00235	0.10821	0.00561	0.00419	0.00956
31	0.01730	0.01239	0.01897	0.05658	0.20137	0.01220	0.01441	0.02038	0.01779	0.11091	0.03338	0.27917	0.06366	0.02107	0.07727	0.00396	0.00864	0.01423	0.00650	0.00982

[dist]
# distance from previous block
# <min> <max>
0	1

[block]
# block no. 5 follows, 22 sequences, length 27
# corresponding to MSA columns:
# 540-566
name=unknown_F
#
# <colnr> <probs for GDERKNQSTAVLIFYWHMCP>
#	G	D	E	R	K	N	Q	S	T	A	V	L	I	F	Y	W	H	M	C	P
0	0.02406	0.02541	0.03094	0.03842	0.37451	0.19509	0.05967	0.07447	0.02151	0.02697	0.01510	0.01904	0.01245	0.00818	0.00891	0.00245	0.03933	0.00701	0.00447	0.01201
1	0.02006	0.01930	0.03249	0.08864	0.56650	0.02013	0.02474	0.02478	0.01826	0.02618	0.01518	0.02046	0.01284	0.00804	0.00979	0.00258	0.06600	0.00739	0.00405	0.01258
2	0.02056	0.01974	0.03372	0.05099	0.65622	0.01974	0.02550	0.02550	0.01892	0.02714	0.01563	0.02056	0.01316	0.00740	0.00822	0.00247	0.00987	0.00740	0.00411	0.01316
3	0.01098	0.00846	0.01003	0.00964	0.01193	0.00751	0.00723	0.01417	0.02168	0.02896	0.42433	0.06923	0.30861	0.01861	0.00981	0.00269	0.00403	0.01603	0.00857	0.00751
4	0.01339	0.00956	0.01339	0.01530	0.01721	0.00956	0.01339	0.01721	0.01912	0.02486	0.04399	0.09371	0.04781	0.02295	0.01147	0.00382	0.00765	0.60031	0.00765	0.00765
5	0.01176	0.00849	0.01110	0.01045	0.01241	0.00784	0.00784	0.01568	0.02352	0.03331	0.65184	0.06206	0.07839	0.01698	0.00980	0.00261	0.00392	0.01502	0.00914	0.00784
6	0.01208	0.00805	0.00906	0.00906	0.00906	0.00805	0.00503	0.01208	0.01208	0.01611	0.02618	0.05436	0.03020	0.70804	0.04228	0.00805	0.00805	0.01208	0.00503	0.00503
7	0.01197	0.00801	0.00909	0.00920	0.00922	0.00798	0.00518	0.01205	0.01229	0.01639	0.02725	0.08999	0.03156	0.67056	0.04054	0.00780	0.00788	0.01271	0.00518	0.00513
8	0.03158	0.02327	0.02493	0.01911	0.02576	0.02576	0.01579	0.62852	0.03906	0.05236	0.01995	0.01995	0.01413	0.00997	0.00831	0.00249	0.00914	0.00748	0.00831	0.01413
9	0.03202	0.02256	0.02449	0.01878	0.02541	0.02470	0.01551	0.58261	0.03787	0.09996	0.02095	0.02060	0.01463	0.01000	0.00831	0.00250	0.00898	0.00755	0.00846	0.01413
10	0.01549	0.00774	0.00774	0.00774	0.00968	0.00774	0.00581	0.01936	0.01742	0.03097	0.02710	0.03097	0.02129	0.00968	0.00581	0.00194	0.00387	0.00774	0.75416	0.00774
11	0.03163	0.03443	0.02348	0.02044	0.02535	0.49679	0.01570	0.14950	0.02658	0.07666	0.01578	0.01698	0.01214	0.00897	0.00772	0.00224	0.01323	0.00600	0.00553	0.01086
12	0.03234	0.01999	0.06403	0.01727	0.02403	0.01877	0.01494	0.27550	0.07770	0.32683	0.02654	0.02444	0.01770	0.01008	0.00831	0.00256	0.00820	0.00794	0.00890	0.01393
13	0.01176	0.00849	0.01110	0.01045	0.01241	0.00784	0.00784	0.01568	0.02352	0.03331	0.65184	0.06206	0.07839	0.01698	0.00980	0.00261	0.00392	0.01502	0.00914	0.00784
14	0.02041	0.02015	0.03606	0.04854	0.56237	0.01993	0.11747	0.02567	0.01902	0.02706	0.01581	0.02084	0.01307	0.00734	0.00847	0.00252	0.01050	0.00777	0.00413	0.01286
15	0.01205	0.00818	0.00972	0.00972	0.00995	0.00841	0.00586	0.01250	0.01228	0.01660	0.02557	0.05103	0.02875	0.60890	0.13945	0.00887	0.01023	0.01159	0.00494	0.00540
16	0.01441	0.01256	0.01792	0.01646	0.01725	0.01627	0.01315	0.01672	0.01302	0.01936	0.01796	0.02827	0.01744	0.08569	0.37381	0.00911	0.29006	0.00846	0.00416	0.00793
17	0.39101	0.01693	0.01699	0.01379	0.01963	0.01809	0.01138	0.15234	0.02220	0.23398	0.01985	0.01939	0.01363	0.00897	0.00678	0.00255	0.00718	0.00630	0.00738	0.01163
18	0.01712	0.09797	0.61399	0.02290	0.03475	0.02041	0.02934	0.02619	0.01749	0.02575	0.01463	0.01719	0.01053	0.00783	0.00768	0.00256	0.01200	0.00600	0.00351	0.01214
19	0.01012	0.00723	0.00964	0.01157	0.01205	0.00675	0.00771	0.01157	0.01591	0.02121	0.04579	0.70262	0.05495	0.02603	0.01060	0.00337	0.00482	0.02362	0.00771	0.00675
20	0.01012	0.00723	0.00964	0.01157	0.01205	0.00675	0.00771	0.01157	0.01591	0.02121	0.04579	0.70262	0.05495	0.02603	0.01060	0.00337	0.00482	0.02362	0.00771	0.00675
21	0.03103	0.03959	0.02354	0.02140	0.02568	0.67469	0.01605	0.03317	0.02354	0.02033	0.01284	0.01498	0.01070	0.00856	0.00749	0.00214	0.01498	0.00535	0.00428	0.00963
22	0.01187	0.00890	0.01335	0.01335	0.01483	0.01038	0.01038	0.01483	0.01335	0.01928	0.02225	0.03264	0.02077	0.06231	0.67512	0.01335	0.02225	0.00890	0.00445	0.00742
23	0.00998	0.00842	0.00864	0.00858	0.01132	0.00708	0.00644	0.01223	0.01931	0.02333	0.13075	0.07848	0.60570	0.02071	0.00982	0.00279	0.00418	0.01733	0.00783	0.00708
24	0.02221	0.71304	0.04353	0.01421	0.02132	0.03287	0.01421	0.02488	0.01688	0.01955	0.01155	0.01333	0.01066	0.00711	0.00533	0.00178	0.00888	0.00444	0.00355	0.01066
25	0.01065	0.00842	0.00963	0.00961	0.01195	0.00739	0.00724	0.01341	0.02030	0.02614	0.27153	0.11368	0.39392	0.02007	0.00994	0.00282	0.00431	0.04351	0.00819	0.00730
26	0.01799	0.01522	0.01763	0.01267	0.02001	0.01185	0.01016	0.05312	0.01838	0.02841	0.01504	0.01737	0.01240	0.00635	0.00627	0.00130	0.00631	0.00506	0.00510	0.71936

[dist]
# distance from previous block
# <min> <max>
0	9

[block]
# block no. 6 follows, 22 sequences, length 83
# corresponding to MSA columns:
# 576-658
name=unknown_G
#
