[name]
unknown

[dist]
# distance from previous block
# <min> <max>
0	807

[block]
# block no. 0 follows, 21 sequences, length 21
# corresponding to MSA columns:
# 814-834
name=unknown_A
#
# <colnr> <probs for GDERKNQSTAVLIFYWHMCP>
#	G	D	E	R	K	N	Q	S	T	A	V	L	I	F	Y	W	H	M	C	P
0	0.01233	0.00886	0.01190	0.01242	0.01420	0.00843	0.00979	0.01596	0.02160	0.02969	0.37335	0.16174	0.06717	0.02060	0.01069	0.00317	0.00534	0.19628	0.00868	0.00781
1	0.02032	0.02037	0.03033	0.27246	0.37856	0.08215	0.02430	0.02532	0.01900	0.02498	0.01542	0.02109	0.01248	0.00803	0.00838	0.00260	0.01105	0.00737	0.00408	0.01170
2	0.02009	0.02296	0.05022	0.03587	0.04448	0.02152	0.61693	0.02726	0.02009	0.02726	0.01722	0.02296	0.01291	0.00717	0.01004	0.00287	0.01435	0.01004	0.00430	0.01148
3	0.01888	0.01939	0.03036	0.02475	0.02628	0.02526	0.12503	0.02169	0.01429	0.02169	0.01225	0.01939	0.01148	0.01352	0.02475	0.00357	0.56600	0.00791	0.00383	0.00969
4	0.01021	0.00863	0.00883	0.00878	0.01159	0.00725	0.00659	0.01251	0.01976	0.02385	0.12922	0.08048	0.60084	0.02123	0.01006	0.00286	0.00429	0.01776	0.00802	0.00725
5	0.02384	0.57301	0.04041	0.01537	0.02188	0.03090	0.01475	0.02654	0.01756	0.08122	0.01387	0.01561	0.01192	0.00833	0.00793	0.00208	0.07414	0.00522	0.00431	0.01111
6	0.03235	0.02384	0.02554	0.01958	0.02639	0.02639	0.01618	0.61946	0.04001	0.05363	0.02043	0.02043	0.01447	0.01022	0.00851	0.00255	0.00936	0.00766	0.00851	0.01447
7	0.01234	0.00840	0.01006	0.01006	0.01033	0.00867	0.00613	0.01288	0.01261	0.01708	0.02610	0.05173	0.02922	0.58761	0.15428	0.00922	0.01084	0.01180	0.00505	0.00559
8	0.02515	0.52973	0.03917	0.01651	0.02303	0.20140	0.01506	0.02773	0.01910	0.02024	0.01218	0.01410	0.01093	0.00768	0.00605	0.00192	0.01076	0.00480	0.00384	0.01064
9	0.01287	0.01004	0.01453	0.01413	0.01533	0.01202	0.01090	0.01546	0.01347	0.01949	0.02199	0.03423	0.02123	0.12655	0.53271	0.01204	0.09169	0.00929	0.00453	0.00752
10	0.01224	0.00820	0.00932	0.00945	0.00948	0.00816	0.00534	0.01234	0.01263	0.01684	0.02812	0.09731	0.03259	0.65705	0.04120	0.00794	0.00803	0.01314	0.00534	0.00527
11	0.01488	0.01223	0.01353	0.01258	0.01587	0.01266	0.00962	0.02581	0.24816	0.03162	0.26500	0.05681	0.21494	0.01637	0.00953	0.00281	0.00510	0.01396	0.00870	0.00981
12	0.02619	0.07873	0.22055	0.02151	0.02906	0.27663	0.02074	0.13688	0.05894	0.02938	0.01624	0.01789	0.01238	0.00888	0.00787	0.00243	0.01255	0.00630	0.00508	0.01180
13	0.01415	0.01157	0.01411	0.08320	0.01952	0.01203	0.01061	0.02256	0.16231	0.03079	0.31867	0.05576	0.17956	0.01598	0.00956	0.00278	0.00548	0.01377	0.00830	0.00925
14	0.15118	0.24703	0.34995	0.01889	0.02850	0.02401	0.02219	0.02615	0.01714	0.02677	0.01358	0.01587	0.01055	0.00780	0.00676	0.00241	0.01042	0.00544	0.00391	0.01146
15	0.01179	0.00902	0.01114	0.01229	0.01445	0.00836	0.01000	0.01468	0.01911	0.02399	0.06233	0.16295	0.29653	0.02308	0.01094	0.00343	0.00602	0.28456	0.00787	0.00745
16	0.01996	0.01962	0.03499	0.17104	0.45019	0.02015	0.10797	0.02543	0.01902	0.02656	0.01601	0.02164	0.01299	0.00770	0.00867	0.00263	0.01094	0.00792	0.00414	0.01242
17	0.02353	0.09882	0.03705	0.03701	0.28464	0.17433	0.16947	0.02819	0.02045	0.02519	0.01519	0.01940	0.01247	0.00773	0.00833	0.00246	0.01229	0.00738	0.00421	0.01186
18	0.01222	0.01001	0.01029	0.01014	0.01304	0.00841	0.00746	0.01397	0.02081	0.02564	0.13957	0.08065	0.57226	0.02194	0.01073	0.00317	0.00495	0.01793	0.00856	0.00823
19	0.01234	0.00889	0.01179	0.01159	0.01359	0.00834	0.00904	0.01634	0.02329	0.03259	0.53693	0.06934	0.07473	0.01848	0.01034	0.00290	0.00469	0.11769	0.00910	0.00800
20	0.02128	0.02485	0.14206	0.23326	0.08875	0.08847	0.12478	0.02709	0.01913	0.08490	0.01693	0.02136	0.01257	0.00872	0.00970	0.00275	0.05001	0.00763	0.00458	0.01119

[dist]
# distance from previous block
# <min> <max>
0	2

[block]
# block no. 1 follows, 21 sequences, length 33
# corresponding to MSA columns:
# 837-869
name=unknown_B
#
# <colnr> <probs for GDERKNQSTAVLIFYWHMCP>
#	G	D	E	R	K	N	Q	S	T	A	V	L	I	F	Y	W	H	M	C	P
0	0.03353	0.01717	0.02162	0.06378	0.02555	0.01674	0.01415	0.19929	0.02771	0.39746	0.02730	0.02534	0.01794	0.01000	0.00838	0.00253	0.00806	0.00799	0.00910	0.06636
1	0.03167	0.03371	0.02243	0.01998	0.02443	0.50728	0.01512	0.03363	0.02323	0.12905	0.01678	0.01844	0.01297	0.01056	0.00966	0.05592	0.01339	0.00615	0.00539	0.01022
2	0.02273	0.02502	0.02601	0.22560	0.09380	0.25529	0.06166	0.02675	0.01985	0.02322	0.01554	0.02043	0.01248	0.00901	0.00944	0.00256	0.05990	0.00701	0.07374	0.00997
3	0.01671	0.02737	0.30854	0.01879	0.02628	0.01690	0.02021	0.02869	0.18655	0.03036	0.14760	0.07923	0.03199	0.01221	0.00883	0.00280	0.00874	0.01029	0.00643	0.01151
4	0.01069	0.00852	0.00959	0.00960	0.01196	0.00741	0.00709	0.01334	0.02049	0.02624	0.25140	0.14151	0.41042	0.02083	0.01014	0.00288	0.00429	0.01784	0.00835	0.00741
5	0.01607	0.01513	0.02552	0.68047	0.05861	0.01891	0.02363	0.02174	0.01702	0.02174	0.01513	0.02269	0.01134	0.00851	0.00851	0.00284	0.01134	0.00756	0.00378	0.00945
6	0.03235	0.02384	0.02554	0.01958	0.02639	0.02639	0.01618	0.61946	0.04001	0.05363	0.02043	0.02043	0.01447	0.01022	0.00851	0.00255	0.00936	0.00766	0.00851	0.01447
7	0.02077	0.47521	0.25807	0.01794	0.02707	0.02882	0.02045	0.02599	0.01753	0.02244	0.01303	0.01516	0.01087	0.00756	0.00638	0.00213	0.01031	0.00516	0.00362	0.01150
8	0.02315	0.01405	0.01936	0.01637	0.01921	0.01585	0.01333	0.02612	0.01969	0.23883	0.17768	0.03443	0.03254	0.01754	0.06260	0.00380	0.23738	0.00993	0.00751	0.01062
9	0.02437	0.58672	0.04092	0.01588	0.02264	0.14719	0.01490	0.02701	0.01852	0.02017	0.01207	0.01396	0.01093	0.00755	0.00586	0.00189	0.01022	0.00472	0.00377	0.01073
10	0.01895	0.01763	0.01899	0.01431	0.02090	0.06893	0.01143	0.02242	0.01777	0.02646	0.01459	0.01754	0.01233	0.00732	0.00844	0.00157	0.07060	0.00530	0.00486	0.61966
11	0.02247	0.02289	0.03317	0.04826	0.56626	0.10508	0.02485	0.02715	0.02000	0.02689	0.01563	0.02031	0.01315	0.00774	0.00833	0.00248	0.01080	0.00731	0.00424	0.01301
12	0.01238	0.00825	0.00928	0.00928	0.00928	0.00825	0.00516	0.01238	0.01238	0.01650	0.02681	0.05569	0.03094	0.70092	0.04331	0.00825	0.00825	0.01238	0.00516	0.00516
13	0.01256	0.00843	0.01085	0.01085	0.01133	0.00891	0.00711	0.01312	0.01265	0.01734	0.02427	0.04553	0.02619	0.42958	0.23811	0.08902	0.01273	0.01082	0.00481	0.00577
14	0.01067	0.00764	0.01014	0.01164	0.01241	0.00711	0.00792	0.01260	0.01769	0.02395	0.15385	0.58209	0.06059	0.02500	0.01071	0.00332	0.00477	0.02261	0.00816	0.00711
15	0.01973	0.01950	0.03466	0.25687	0.04440	0.02089	0.26617	0.07023	0.12285	0.02859	0.01963	0.02415	0.01466	0.00859	0.00917	0.00284	0.01167	0.00894	0.00515	0.01132
16	0.01216	0.00912	0.01368	0.01368	0.01520	0.01064	0.01064	0.01520	0.01368	0.01976	0.02279	0.03343	0.02127	0.06382	0.66720	0.01368	0.02279	0.00912	0.00456	0.00760
17	0.02052	0.02198	0.09568	0.02142	0.02777	0.02107	0.12367	0.03997	0.45435	0.03314	0.02936	0.02864	0.02195	0.01038	0.00884	0.00286	0.00875	0.00933	0.00732	0.01301
18	0.02609	0.50984	0.03816	0.01595	0.02263	0.14483	0.01467	0.02878	0.01930	0.09062	0.01449	0.01566	0.01206	0.00791	0.00620	0.00198	0.01001	0.00516	0.00454	0.01113
19	0.01182	0.00847	0.00894	0.00882	0.01133	0.00752	0.00662	0.01475	0.01985	0.02709	0.17061	0.06645	0.39313	0.01799	0.00905	0.00262	0.00417	0.01507	0.18819	0.00752
20	0.01862	0.01639	0.02394	0.01982	0.02289	0.06071	0.13238	0.07827	0.01754	0.02356	0.01721	0.02490	0.01523	0.02828	0.18221	0.18790	0.10883	0.00825	0.00456	0.00849
21	0.01107	0.00827	0.01028	0.01060	0.01232	0.00749	0.00764	0.01386	0.02057	0.02769	0.32917	0.26744	0.19988	0.02126	0.01030	0.00297	0.00437	0.01875	0.00857	0.00749
22	0.76103	0.01646	0.01251	0.01119	0.01646	0.01909	0.00922	0.02502	0.01448	0.03818	0.01185	0.01382	0.00922	0.00790	0.00527	0.00263	0.00658	0.00461	0.00527	0.00922
23	0.02262	0.09321	0.29882	0.01935	0.02791	0.04272	0.02093	0.03221	0.12260	0.15129	0.06614	0.02516	0.02028	0.00975	0.00815	0.00261	0.00972	0.00774	0.00625	0.01253
24	0.01765	0.01513	0.01765	0.01260	0.02017	0.01134	0.01008	0.02143	0.01765	0.02773	0.01513	0.01765	0.01260	0.00630	0.00630	0.00126	0.00630	0.00504	0.00504	0.75295
25	0.02901	0.02132	0.02342	0.01888	0.02482	0.02342	0.01573	0.51155	0.03635	0.04858	0.02485	0.03398	0.02066	0.01260	0.00909	0.00280	0.00909	0.11218	0.00839	0.01328
26	0.01076	0.00857	0.00964	0.00953	0.01197	0.00746	0.00709	0.01351	0.02082	0.02674	0.27540	0.11272	0.41485	0.02043	0.01010	0.00284	0.00425	0.01745	0.00841	0.00746
27	0.01875	0.37318	0.23035	0.01712	0.02484	0.02451	0.01866	0.02350	0.01732	0.02250	0.01920	0.13724	0.01901	0.01101	0.00725	0.00239	0.00944	0.00862	0.00439	0.01072
28	0.01767	0.11436	0.59178	0.02323	0.03524	0.02124	0.02965	0.02679	0.01790	0.02621	0.01491	0.01751	0.01080	0.00800	0.00781	0.00260	0.01221	0.00610	0.00360	0.01240
29	0.02163	0.57586	0.16499	0.01647	0.02479	0.03094	0.01788	0.02577	0.01742	0.02138	0.01251	0.01450	0.01089	0.00744	0.00598	0.00199	0.00978	0.00489	0.00363	0.01125
30	0.03572	0.01843	0.02220	0.01702	0.02370	0.01837	0.01406	0.28567	0.03097	0.40019	0.02802	0.02536	0.01828	0.01040	0.00854	0.00260	0.00814	0.00818	0.00968	0.01448
31	0.01365	0.01134	0.01889	0.01632	0.01865	0.01186	0.11768	0.01650	0.01443	0.02011	0.02302	0.03832	0.02271	0.24734	0.35972	0.01009	0.01686	0.01027	0.00469	0.00755
32	0.01734	0.01143	0.01368	0.01233	0.01562	0.01109	0.00948	0.05721	0.09890	0.11442	0.31130	0.09830	0.16145	0.01672	0.00964	0.00278	0.00520	0.01438	0.00902	0.00970

[dist]
# distance from previous block
# <min> <max>
0	1

[block]
# block no. 2 follows, 21 sequences, length 103
# corresponding to MSA columns:
# 871-973
name=unknown_C
#
# <colnr> <probs for GDERKNQSTAVLIFYWHMCP>
#	G	D	E	R	K	N	Q	S	T	A	V	L	I	F	Y	W	H	M	C	P
0	0.02645	0.02312	0.02168	0.01834	0.02348	0.13466	0.01461	0.28233	0.17987	0.03994	0.08578	0.03083	0.02514	0.01175	0.00873	0.00266	0.00915	0.04120	0.00787	0.01241
1	0.02804	0.02312	0.02321	0.02196	0.08879	0.13424	0.01579	0.17258	0.23847	0.12536	0.02552	0.02476	0.01870	0.01020	0.00841	0.00261	0.00927	0.00808	0.00768	0.01321
2	0.02626	0.01942	0.02589	0.08558	0.13738	0.02007	0.04564	0.22051	0.08671	0.12658	0.02167	0.02288	0.01579	0.00916	0.00833	0.00248	0.00898	0.00776	0.00701	0.10190
3	0.01714	0.00991	0.01252	0.01117	0.01435	0.00879	0.00862	0.02057	0.02306	0.16331	0.38474	0.06045	0.19824	0.01690	0.00973	0.00271	0.00477	0.01453	0.00928	0.00921
4	0.02117	0.01828	0.01924	0.01732	0.02213	0.02117	0.01347	0.04522	0.63246	0.03560	0.03464	0.03175	0.02598	0.01155	0.00866	0.00289	0.00673	0.00962	0.00866	0.01347
5	0.01765	0.01513	0.01765	0.01260	0.02017	0.01134	0.01008	0.02143	0.01765	0.02773	0.01513	0.01765	0.01260	0.00630	0.00630	0.00126	0.00630	0.00504	0.00504	0.75295
6	0.01653	0.01504	0.01768	0.01642	0.01711	0.06692	0.01272	0.01811	0.01481	0.01994	0.02292	0.04533	0.02493	0.26378	0.02907	0.00527	0.26947	0.11134	0.00501	0.00759
7	0.01969	0.08713	0.17707	0.03157	0.04089	0.02221	0.44133	0.02704	0.01940	0.02656	0.01634	0.02109	0.01229	0.00737	0.00923	0.00274	0.01352	0.00877	0.00410	0.01166
8	0.01586	0.00793	0.00793	0.00793	0.00991	0.00793	0.00595	0.01983	0.01785	0.03173	0.02776	0.03173	0.02181	0.00991	0.00595	0.00198	0.00397	0.00793	0.74817	0.00793
9	0.01607	0.01513	0.02552	0.68047	0.05861	0.01891	0.02363	0.02174	0.01702	0.02174	0.01513	0.02269	0.01134	0.00851	0.00851	0.00284	0.01134	0.00756	0.00378	0.00945
10	0.01224	0.00965	0.01420	0.01893	0.12379	0.00925	0.01109	0.01435	0.01683	0.02279	0.04149	0.57711	0.04878	0.02332	0.01043	0.00329	0.00584	0.02128	0.00725	0.00806
11	0.01607	0.01513	0.02552	0.68047	0.05861	0.01891	0.02363	0.02174	0.01702	0.02174	0.01513	0.02269	0.01134	0.00851	0.00851	0.00284	0.01134	0.00756	0.00378	0.00945
12	0.02444	0.58640	0.04125	0.01544	0.02264	0.03240	0.01484	0.12965	0.02128	0.02592	0.01334	0.01484	0.01154	0.00780	0.00600	0.00195	0.00915	0.00510	0.00449	0.01154
13	0.01500	0.01117	0.01642	0.32023	0.03290	0.01284	0.01449	0.01932	0.01719	0.02535	0.02526	0.14392	0.02301	0.01220	0.00800	0.00264	0.00755	0.01061	0.27344	0.00846
14	0.02117	0.01828	0.01924	0.01732	0.02213	0.02117	0.01347	0.04522	0.63246	0.03560	0.03464	0.03175	0.02598	0.01155	0.00866	0.00289	0.00673	0.00962	0.00866	0.01347
15	0.01216	0.00912	0.01368	0.01368	0.01520	0.01064	0.01064	0.01520	0.01368	0.01976	0.02279	0.03343	0.02127	0.06382	0.66720	0.01368	0.02279	0.00912	0.00456	0.00760
16	0.03390	0.02135	0.02400	0.01840	0.02515	0.02270	0.01520	0.46600	0.03586	0.21296	0.02392	0.02270	0.01622	0.01030	0.00853	0.00257	0.00880	0.00790	0.00905	0.01448
17	0.03818	0.01448	0.01975	0.01514	0.02172	0.01251	0.01251	0.04147	0.02436	0.65373	0.03357	0.02897	0.02107	0.01053	0.00856	0.00263	0.00724	0.00856	0.01053	0.01448
18	0.01765	0.01513	0.01765	0.01260	0.02017	0.01134	0.01008	0.02143	0.01765	0.02773	0.01513	0.01765	0.01260	0.00630	0.00630	0.00126	0.00630	0.00504	0.00504	0.75295
19	0.01059	0.00864	0.00935	0.00917	0.01182	0.00741	0.00688	0.01323	0.02064	0.02595	0.23413	0.07703	0.49462	0.02045	0.01005	0.00282	0.00423	0.01728	0.00829	0.00741
20	0.01305	0.00972	0.01292	0.01275	0.01413	0.01092	0.00932	0.01716	0.07059	0.02028	0.02505	0.03970	0.02450	0.24278	0.42624	0.01111	0.01711	0.01010	0.00511	0.00744
21	0.01204	0.00870	0.01138	0.01071	0.01271	0.00803	0.00803	0.01606	0.02409	0.03413	0.64335	0.06357	0.08030	0.01740	0.01004	0.00268	0.00401	0.01539	0.00937	0.00803
22	0.02903	0.25504	0.03161	0.01838	0.02486	0.15864	0.01569	0.30242	0.02920	0.03576	0.01608	0.01714	0.01257	0.00894	0.00732	0.00224	0.01049	0.00618	0.00605	0.01235
23	0.01170	0.00869	0.01089	0.01034	0.01250	0.00788	0.00776	0.01538	0.02327	0.03217	0.54564	0.06678	0.17922	0.01813	0.01004	0.00271	0.00407	0.01584	0.00911	0.00788
24	0.01817	0.01727	0.02932	0.41639	0.30629	0.01946	0.02468	0.02358	0.01801	0.02429	0.01550	0.02201	0.01224	0.00812	0.00847	0.00271	0.01083	0.00757	0.00396	0.01115
25	0.01216	0.00912	0.01368	0.01368	0.01520	0.01064	0.01064	0.01520	0.01368	0.01976	0.02279	0.03343	0.02127	0.06382	0.66720	0.01368	0.02279	0.00912	0.00456	0.00760
26	0.01785	0.01607	0.02197	0.36784	0.04084	0.01919	0.01846	0.03094	0.27234	0.02756	0.02720	0.02976	0.05289	0.01050	0.00866	0.00286	0.00904	0.00900	0.00603	0.01099
27	0.01436	0.01291	0.02142	0.43197	0.04273	0.01506	0.04394	0.01871	0.01691	0.02197	0.02571	0.24484	0.02625	0.01445	0.00935	0.00304	0.00936	0.01316	0.00516	0.00870
28	0.76103	0.01646	0.01251	0.01119	0.01646	0.01909	0.00922	0.02502	0.01448	0.03818	0.01185	0.01382	0.00922	0.00790	0.00527	0.00263	0.00658	0.00461	0.00527	0.00922
29	0.02159	0.14223	0.02630	0.21278	0.03339	0.16178	0.01666	0.02782	0.09233	0.02404	0.01645	0.01962	0.01318	0.00829	0.00739	0.00222	0.01031	0.00634	0.00471	0.15257
30	0.02071	0.02121	0.04020	0.04632	0.42985	0.02069	0.23957	0.02653	0.01963	0.02761	0.01644	0.02175	0.01327	0.00743	0.00901	0.00265	0.01164	0.00847	0.00425	0.01276
31	0.01088	0.00900	0.00967	0.00926	0.01222	0.00758	0.00698	0.01349	0.02023	0.02546	0.19245	0.07467	0.49738	0.01988	0.00984	0.00274	0.00436	0.01673	0.00803	0.04915
32	0.01234	0.00889	0.01179	0.01158	0.01358	0.00834	0.00903	0.01634	0.02330	0.03261	0.53842	0.06926	0.07480	0.01847	0.01034	0.00289	0.00469	0.11626	0.00910	0.00800
33	0.01717	0.01396	0.01595	0.01508	0.01856	0.01529	0.01191	0.03177	0.34532	0.03339	0.21623	0.05241	0.04605	0.01537	0.00961	0.00301	0.00612	0.11321	0.00872	0.01088
34	0.02332	0.02488	0.02969	0.11701	0.37108	0.19178	0.02242	0.02894	0.06080	0.02574	0.01637	0.02044	0.01338	0.00827	0.00825	0.00250	0.01143	0.00716	0.00450	0.01204
35	0.02392	0.02749	0.02590	0.30403	0.11052	0.31923	0.02058	0.02791	0.02057	0.02201	0.01431	0.01910	0.01141	0.00852	0.00811	0.00250	0.01306	0.00660	0.00411	0.01010
36	0.15552	0.02213	0.02848	0.08193	0.40581	0.11300	0.02152	0.02676	0.01902	0.02827	0.01479	0.01904	0.01221	0.00787	0.00775	0.00252	0.01031	0.00674	0.00440	0.01193
37	0.01175	0.00847	0.01111	0.01091	0.01265	0.00783	0.00801	0.01532	0.02272	0.03195	0.53875	0.17437	0.07609	0.01902	0.01018	0.00281	0.00418	0.01693	0.00911	0.00783
38	0.01411	0.01140	0.01612	0.13253	0.05563	0.01183	0.01359	0.01910	0.06501	0.02494	0.06189	0.27385	0.04025	0.01883	0.01004	0.00319	0.00722	0.15587	0.00691	0.05769
39	0.01006	0.00862	0.00862	0.00862	0.01149	0.00718	0.00647	0.01221	0.01940	0.02299	0.08621	0.08190	0.64438	0.02155	0.01006	0.00287	0.00431	0.01796	0.00790	0.00718
40	0.76103	0.01646	0.01251	0.01119	0.01646	0.01909	0.00922	0.02502	0.01448	0.03818	0.01185	0.01382	0.00922	0.00790	0.00527	0.00263	0.00658	0.00461	0.00527	0.00922
41	0.01698	0.01690	0.03112	0.53436	0.05541	0.01950	0.15812	0.02299	0.01771	0.02299	0.01560	0.02275	0.01170	0.00821	0.00886	0.00284	0.01202	0.00813	0.00390	0.00991
42	0.01065	0.00858	0.00959	0.01022	0.01254	0.00752	0.00778	0.01294	0.01888	0.02313	0.07328	0.19155	0.45391	0.02274	0.01045	0.00313	0.00494	0.10304	0.00789	0.00723
43	0.01765	0.01513	0.01765	0.01260	0.02017	0.01134	0.01008	0.02143	0.01765	0.02773	0.01513	0.01765	0.01260	0.00630	0.00630	0.00126	0.00630	0.00504	0.00504	0.75295
44	0.01006	0.00862	0.00862	0.00862	0.01149	0.00718	0.00647	0.01221	0.01940	0.02299	0.08621	0.08190	0.64438	0.02155	0.01006	0.00287	0.00431	0.01796	0.00790	0.00718
45	0.01371	0.00980	0.01371	0.01567	0.01763	0.00980	0.01371	0.01763	0.01959	0.02547	0.04506	0.09599	0.04898	0.02351	0.01175	0.00392	0.00784	0.59056	0.00784	0.00784
46	0.01037	0.00741	0.00987	0.01185	0.01234	0.00691	0.00790	0.01185	0.01629	0.02172	0.04690	0.69537	0.05629	0.02666	0.01086	0.00346	0.00494	0.02419	0.00790	0.00691
47	0.01671	0.01611	0.02678	0.53466	0.05159	0.02029	0.05072	0.02178	0.01646	0.02178	0.01453	0.02199	0.01139	0.00957	0.01199	0.00299	0.12969	0.00766	0.00380	0.00952
48	0.03235	0.02384	0.02554	0.01958	0.02639	0.02639	0.01618	0.61946	0.04001	0.05363	0.02043	0.02043	0.01447	0.01022	0.00851	0.00255	0.00936	0.00766	0.00851	0.01447
49	0.03088	0.01896	0.02426	0.02131	0.08887	0.01936	0.04591	0.28735	0.02979	0.23919	0.02468	0.02440	0.01707	0.00986	0.00836	0.00254	0.00852	0.00809	0.07698	0.01361
50	0.02102	0.02123	0.03306	0.16150	0.44882	0.07550	0.06382	0.02608	0.01941	0.02608	0.01568	0.02099	0.01284	0.00782	0.00848	0.00258	0.01106	0.00756	0.00416	0.01231
51	0.01586	0.00793	0.00793	0.00793	0.00991	0.00793	0.00595	0.01983	0.01785	0.03173	0.02776	0.03173	0.02181	0.00991	0.00595	0.00198	0.00397	0.00793	0.74817	0.00793
52	0.01150	0.00849	0.01075	0.01058	0.01248	0.00774	0.00778	0.01487	0.02223	0.03065	0.47286	0.16188	0.15783	0.01940	0.01017	0.00282	0.00420	0.01709	0.00893	0.00774
53	0.01037	0.00741	0.00987	0.01185	0.01234	0.00691	0.00790	0.01185	0.01629	0.02172	0.04690	0.69537	0.05629	0.02666	0.01086	0.00346	0.00494	0.02419	0.00790	0.00691
54	0.02430	0.01756	0.02481	0.26546	0.13494	0.05127	0.01943	0.03037	0.07225	0.19589	0.02160	0.02427	0.01555	0.00961	0.00976	0.00276	0.05431	0.00790	0.00613	0.01182
55	0.26376	0.16017	0.12464	0.01742	0.02394	0.23381	0.01612	0.02834	0.01872	0.02726	0.01282	0.01495	0.01036	0.00810	0.00654	0.00234	0.01088	0.00515	0.00440	0.01029
56	0.02031	0.01966	0.03415	0.13955	0.53127	0.02011	0.05888	0.02557	0.01909	0.02692	0.01595	0.02140	0.01315	0.00769	0.00853	0.00259	0.01052	0.00772	0.00416	0.01280
57	0.14424	0.07556	0.02345	0.01745	0.02347	0.05479	0.01433	0.31846	0.17055	0.04284	0.02135	0.02124	0.01586	0.00986	0.00775	0.00257	0.00858	0.00729	0.00746	0.01291
58	0.01740	0.05946	0.41342	0.02077	0.03014	0.01866	0.02414	0.02421	0.01692	0.02535	0.01466	0.01833	0.01141	0.00986	0.01138	0.05198	0.08043	0.00620	0.00387	0.14143
59	0.03341	0.08760	0.02453	0.04816	0.02498	0.01680	0.04454	0.07645	0.05276	0.45698	0.02878	0.02634	0.01893	0.00995	0.00831	0.00258	0.00811	0.00816	0.00895	0.01367
60	0.02460	0.09800	0.32742	0.02175	0.03147	0.01906	0.09005	0.03140	0.02015	0.22316	0.02090	0.02156	0.01427	0.00867	0.00819	0.00261	0.01076	0.00725	0.00586	0.01289
61	0.01037	0.00741	0.00987	0.01185	0.01234	0.00691	0.00790	0.01185	0.01629	0.02172	0.04690	0.69537	0.05629	0.02666	0.01086	0.00346	0.00494	0.02419	0.00790	0.00691
62	0.03679	0.01643	0.06178	0.01574	0.02272	0.01299	0.01376	0.04052	0.02394	0.61238	0.03237	0.02824	0.02039	0.01037	0.00853	0.00264	0.00759	0.00841	0.01008	0.01436
63	0.06274	0.01979	0.08539	0.06408	0.24821	0.01699	0.04824	0.03220	0.02094	0.28175	0.02288	0.02381	0.01597	0.00887	0.00838	0.00262	0.00927	0.00783	0.00675	0.01330
64	0.01262	0.00950	0.01361	0.01703	0.07318	0.00923	0.01178	0.01536	0.01783	0.02370	0.04335	0.40631	0.04956	0.02370	0.01097	0.00354	0.00651	0.23680	0.00753	0.00787
65	0.02089	0.02070	0.03729	0.04936	0.54202	0.02045	0.12973	0.02632	0.01950	0.02771	0.01622	0.02139	0.01338	0.00751	0.00871	0.00259	0.01085	0.00801	0.00423	0.01313
66	0.01707	0.04402	0.65683	0.02426	0.03683	0.01976	0.03144	0.02695	0.01797	0.02695	0.01527	0.01797	0.01078	0.00809	0.00809	0.00270	0.01258	0.00629	0.00359	0.01258
67	0.01586	0.00793	0.00793	0.00793	0.00991	0.00793	0.00595	0.01983	0.01785	0.03173	0.02776	0.03173	0.02181	0.00991	0.00595	0.00198	0.00397	0.00793	0.74817	0.00793
68	0.01637	0.01377	0.01628	0.01247	0.01880	0.01057	0.00970	0.01975	0.01741	0.02668	0.02070	0.13650	0.02027	0.00987	0.00710	0.00165	0.00606	0.00840	0.00554	0.62211
69	0.01258	0.00974	0.01449	0.01425	0.01567	0.01166	0.01116	0.01555	0.01363	0.01980	0.02203	0.03245	0.02061	0.06060	0.62502	0.01302	0.06650	0.00901	0.00450	0.00771
70	0.02275	0.70604	0.04459	0.01456	0.02184	0.03367	0.01456	0.02548	0.01729	0.02002	0.01183	0.01365	0.01092	0.00728	0.00546	0.00182	0.00910	0.00455	0.00364	0.01092
71	0.01765	0.01513	0.01765	0.01260	0.02017	0.01134	0.01008	0.02143	0.01765	0.02773	0.01513	0.01765	0.01260	0.00630	0.00630	0.00126	0.00630	0.00504	0.00504	0.75295
72	0.76103	0.01646	0.01251	0.01119	0.01646	0.01909	0.00922	0.02502	0.01448	0.03818	0.01185	0.01382	0.00922	0.00790	0.00527	0.00263	0.00658	0.00461	0.00527	0.00922
73	0.76103	0.01646	0.01251	0.01119	0.01646	0.01909	0.00922	0.02502	0.01448	0.03818	0.01185	0.01382	0.00922	0.00790	0.00527	0.00263	0.00658	0.00461	0.00527	0.00922
74	0.01216	0.00912	0.01368	0.01368	0.01520	0.01064	0.01064	0.01520	0.01368	0.01976	0.02279	0.03343	0.02127	0.06382	0.66720	0.01368	0.02279	0.00912	0.00456	0.00760
75	0.01238	0.00825	0.00928	0.00928	0.00928	0.00825	0.00516	0.01238	0.01238	0.01650	0.02681	0.05569	0.03094	0.70092	0.04331	0.00825	0.00825	0.01238	0.00516	0.00516
76	0.01087	0.00865	0.00975	0.00948	0.01200	0.00753	0.00711	0.01379	0.02132	0.02756	0.31491	0.07437	0.41283	0.01985	0.01005	0.00279	0.00419	0.01691	0.00850	0.00753
77	0.01186	0.00869	0.01111	0.01051	0.01260	0.00795	0.00788	0.01569	0.02364	0.03306	0.59021	0.06532	0.13410	0.01779	0.01004	0.00270	0.00404	0.01564	0.00923	0.00795
78	0.01973	0.01886	0.03213	0.22040	0.49012	0.01987	0.02545	0.02495	0.01875	0.02618	0.01577	0.02150	0.01291	0.00783	0.00845	0.00261	0.01044	0.00758	0.00410	0.01240
79	0.76103	0.01646	0.01251	0.01119	0.01646	0.01909	0.00922	0.02502	0.01448	0.03818	0.01185	0.01382	0.00922	0.00790	0.00527	0.00263	0.00658	0.00461	0.00527	0.00922
80	0.01931	0.01204	0.01489	0.01297	0.01649	0.01182	0.01010	0.07122	0.09813	0.14449	0.41487	0.05032	0.05826	0.01493	0.00949	0.00268	0.00532	0.01290	0.00942	0.01032
81	0.01707	0.04402	0.65683	0.02426	0.03683	0.01976	0.03144	0.02695	0.01797	0.02695	0.01527	0.01797	0.01078	0.00809	0.00809	0.00270	0.01258	0.00629	0.00359	0.01258
82	0.02060	0.01975	0.03371	0.11040	0.59328	0.02010	0.02589	0.02571	0.01916	0.02724	0.01593	0.02121	0.01328	0.00767	0.00843	0.00256	0.01022	0.00758	0.00417	0.01311
83	0.01204	0.00870	0.01138	0.01071	0.01271	0.00803	0.00803	0.01606	0.02409	0.03413	0.64335	0.06357	0.08030	0.01740	0.01004	0.00268	0.00401	0.01539	0.00937	0.00803
84	0.01103	0.00844	0.01012	0.01015	0.01221	0.00753	0.00744	0.01393	0.02103	0.02793	0.33746	0.18099	0.27988	0.02052	0.01019	0.00288	0.00428	0.01786	0.00858	0.00753
85	0.01037	0.00741	0.00987	0.01185	0.01234	0.00691	0.00790	0.01185	0.01629	0.02172	0.04690	0.69537	0.05629	0.02666	0.01086	0.00346	0.00494	0.02419	0.00790	0.00691
86	0.01128	0.00901	0.01032	0.01098	0.01354	0.00806	0.00889	0.01402	0.01946	0.02382	0.07247	0.08661	0.44556	0.02221	0.01062	0.00322	0.00549	0.20917	0.00788	0.00740
87	0.01941	0.02095	0.03903	0.02960	0.03422	0.02363	0.33971	0.02412	0.01682	0.02412	0.01442	0.02095	0.01211	0.01075	0.01833	0.00327	0.32525	0.00884	0.00404	0.01047
88	0.01707	0.04402	0.65683	0.02426	0.03683	0.01976	0.03144	0.02695	0.01797	0.02695	0.01527	0.01797	0.01078	0.00809	0.00809	0.00270	0.01258	0.00629	0.00359	0.01258
89	0.02009	0.02296	0.05022	0.03587	0.04448	0.02152	0.61693	0.02726	0.02009	0.02726	0.01722	0.02296	0.01291	0.00717	0.01004	0.00287	0.01435	0.01004	0.00430	0.01148
90	0.01066	0.00762	0.01021	0.01219	0.01281	0.00717	0.00841	0.01236	0.01658	0.02205	0.04674	0.64268	0.05564	0.02638	0.01094	0.00350	0.00519	0.07398	0.00789	0.00699
91	0.03235	0.02384	0.02554	0.01958	0.02639	0.02639	0.01618	0.61946	0.04001	0.05363	0.02043	0.02043	0.01447	0.01022	0.00851	0.00255	0.00936	0.00766	0.00851	0.01447
92	0.02106	0.02022	0.03454	0.05223	0.64784	0.02022	0.02612	0.02612	0.01938	0.02780	0.01601	0.02106	0.01348	0.00758	0.00842	0.00253	0.01011	0.00758	0.00421	0.01348
93	0.03179	0.04056	0.02412	0.02192	0.02631	0.66676	0.01644	0.03398	0.02412	0.02083	0.01315	0.01535	0.01096	0.00877	0.00767	0.00219	0.01535	0.00548	0.00438	0.00987
94	0.01607	0.01513	0.02552	0.68047	0.05861	0.01891	0.02363	0.02174	0.01702	0.02174	0.01513	0.02269	0.01134	0.00851	0.00851	0.00284	0.01134	0.00756	0.00378	0.00945
95	0.01183	0.00865	0.01116	0.01095	0.01290	0.00797	0.00826	0.01546	0.02270	0.03149	0.50271	0.12285	0.12546	0.01898	0.01022	0.00284	0.00437	0.05433	0.00901	0.00784
96	0.01011	0.00841	0.00884	0.00919	0.01164	0.00714	0.00672	0.01215	0.01885	0.02277	0.07932	0.18949	0.54125	0.02245	0.01020	0.00298	0.00442	0.01905	0.00790	0.00714
97	0.01286	0.00977	0.01124	0.01204	0.01381	0.00857	0.00837	0.01411	0.01950	0.02532	0.11525	0.38037	0.28576	0.02468	0.01130	0.00354	0.00544	0.02105	0.00867	0.00834
98	0.01807	0.16012	0.54946	0.02256	0.03420	0.02220	0.02848	0.02669	0.01785	0.02574	0.01467	0.01721	0.01080	0.00794	0.00762	0.00254	0.01197	0.00598	0.00360	0.01229
99	0.01556	0.02985	0.37675	0.02223	0.06089	0.01595	0.05657	0.02264	0.01850	0.02625	0.05483	0.10943	0.07821	0.01304	0.00910	0.00290	0.01018	0.06111	0.00515	0.01084
100	0.02434	0.58933	0.04100	0.01585	0.02263	0.14470	0.01489	0.02697	0.01849	0.02016	0.01206	0.01395	0.01093	0.00754	0.00585	0.00189	0.01020	0.00471	0.00377	0.01074
101	0.19541	0.14208	0.02352	0.01550	0.02162	0.14418	0.01288	0.07950	0.02130	0.15253	0.01749	0.01809	0.01304	0.00847	0.00681	0.00223	0.00903	0.00585	0.00609	0.10438
102	0.02136	0.14050	0.03631	0.04563	0.53805	0.02258	0.02409	0.02601	0.01901	0.02644	0.01527	0.01976	0.01303	0.00753	0.00791	0.00240	0.00993	0.00705	0.00411	0.01303

[dist]
# distance from previous block
# <min> <max>
1	3

[block]
# block no. 3 follows, 21 sequences, length 20
# corresponding to MSA columns:
# 977-996
name=unknown_D
#
# <colnr> <probs for GDERKNQSTAVLIFYWHMCP>
#	G	D	E	R	K	N	Q	S	T	A	V	L	I	F	Y	W	H	M	C	P
0	0.01138	0.00867	0.01045	0.01000	0.01230	0.00774	0.00750	0.01476	0.02251	0.03038	0.45571	0.06974	0.27028	0.01880	0.01004	0.00274	0.00411	0.01626	0.00887	0.00774
1	0.01806	0.01108	0.01210	0.01101	0.01387	0.01142	0.00864	0.12833	0.02310	0.03578	0.13726	0.03914	0.03251	0.01211	0.00749	0.00233	0.00519	0.04363	0.43782	0.00914
2	0.03818	0.01448	0.01975	0.01514	0.02172	0.01251	0.01251	0.04147	0.02436	0.65373	0.03357	0.02897	0.02107	0.01053	0.00856	0.00263	0.00724	0.00856	0.01053	0.01448
3	0.03140	0.02502	0.02490	0.01963	0.02604	0.08814	0.01598	0.51662	0.08593	0.04900	0.02086	0.02084	0.01505	0.01018	0.00844	0.00255	0.00973	0.00761	0.00812	0.01394
4	0.01041	0.00863	0.00911	0.00899	0.01171	0.00734	0.00674	0.01290	0.02023	0.02498	0.18560	0.07863	0.54376	0.02081	0.01005	0.00284	0.00426	0.01750	0.00816	0.00734
5	0.02117	0.01828	0.01924	0.01732	0.02213	0.02117	0.01347	0.04522	0.63246	0.03560	0.03464	0.03175	0.02598	0.01155	0.00866	0.00289	0.00673	0.00962	0.00866	0.01347
6	0.03235	0.02384	0.02554	0.01958	0.02639	0.02639	0.01618	0.61946	0.04001	0.05363	0.02043	0.02043	0.01447	0.01022	0.00851	0.00255	0.00936	0.00766	0.00851	0.01447
7	0.03235	0.02384	0.02554	0.01958	0.02639	0.02639	0.01618	0.61946	0.04001	0.05363	0.02043	0.02043	0.01447	0.01022	0.00851	0.00255	0.00936	0.00766	0.00851	0.01447
8	0.02117	0.01828	0.01924	0.01732	0.02213	0.02117	0.01347	0.04522	0.63246	0.03560	0.03464	0.03175	0.02598	0.01155	0.00866	0.00289	0.00673	0.00962	0.00866	0.01347
9	0.01881	0.01820	0.02479	0.08967	0.02606	0.02445	0.01822	0.02502	0.12394	0.02331	0.01577	0.02138	0.01383	0.01364	0.02248	0.00348	0.49442	0.00785	0.00461	0.01007
10	0.01781	0.13003	0.57728	0.02300	0.03488	0.02157	0.02925	0.02676	0.01788	0.02605	0.01482	0.01741	0.01080	0.00798	0.00774	0.00258	0.01213	0.00606	0.00360	0.01236
11	0.01607	0.01513	0.02552	0.68047	0.05861	0.01891	0.02363	0.02174	0.01702	0.02174	0.01513	0.02269	0.01134	0.00851	0.00851	0.00284	0.01134	0.00756	0.00378	0.00945
12	0.02106	0.02022	0.03454	0.05223	0.64784	0.02022	0.02612	0.02612	0.01938	0.02780	0.01601	0.02106	0.01348	0.00758	0.00842	0.00253	0.01011	0.00758	0.00421	0.01348
13	0.12702	0.02288	0.02385	0.01849	0.02510	0.02544	0.01527	0.54223	0.03670	0.05163	0.01932	0.01957	0.01379	0.00991	0.00809	0.00256	0.00900	0.00727	0.00809	0.01379
14	0.01720	0.01628	0.02757	0.53785	0.19237	0.01921	0.02420	0.02274	0.01755	0.02312	0.01533	0.02232	0.01183	0.00830	0.00849	0.00277	0.01106	0.00757	0.00388	0.01037
15	0.02511	0.01547	0.01725	0.01469	0.01943	0.01646	0.01166	0.11241	0.25857	0.17726	0.03077	0.02964	0.02229	0.01072	0.00792	0.00255	0.00648	0.00869	0.20023	0.01240
16	0.02388	0.02647	0.02000	0.01839	0.02181	0.34947	0.01407	0.07327	0.02116	0.02302	0.01765	0.02309	0.01542	0.03120	0.27511	0.00688	0.01789	0.00713	0.00479	0.00932
17	0.01041	0.00863	0.00911	0.00899	0.01171	0.00734	0.00674	0.01290	0.02023	0.02498	0.18560	0.07863	0.54376	0.02081	0.01005	0.00284	0.00426	0.01750	0.00816	0.00734
18	0.01305	0.00904	0.01067	0.01080	0.01154	0.00901	0.00689	0.05154	0.01622	0.02181	0.08160	0.23877	0.04115	0.40707	0.02904	0.00605	0.00703	0.01573	0.00650	0.00649
19	0.01207	0.01460	0.12560	0.01344	0.01696	0.00968	0.01222	0.01587	0.01905	0.02575	0.17412	0.28309	0.16798	0.02020	0.01009	0.00307	0.00617	0.05433	0.00744	0.00827

[dist]
# distance from previous block
# <min> <max>
0	4

[block]
# block no. 4 follows, 21 sequences, length 40
# corresponding to MSA columns:
# 1001-1040
name=unknown_E
#
# <colnr> <probs for GDERKNQSTAVLIFYWHMCP>
#	G	D	E	R	K	N	Q	S	T	A	V	L	I	F	Y	W	H	M	C	P
0	0.02613	0.03007	0.02871	0.03485	0.29030	0.33821	0.02074	0.02951	0.02117	0.02376	0.01420	0.01805	0.01205	0.00878	0.00969	0.00246	0.06916	0.00654	0.00426	0.01136
1	0.22237	0.02191	0.02624	0.03378	0.32497	0.11168	0.01941	0.02635	0.01807	0.02887	0.01398	0.01805	0.01173	0.00859	0.00948	0.00263	0.07957	0.00647	0.00447	0.01139
2	0.59105	0.01692	0.01485	0.01319	0.01778	0.02014	0.01080	0.02675	0.08353	0.03582	0.01432	0.01639	0.01132	0.00913	0.00831	0.00279	0.08624	0.00550	0.00547	0.00970
3	0.01806	0.01715	0.02911	0.43045	0.29311	0.01943	0.02462	0.02348	0.01796	0.02415	0.01548	0.02204	0.01219	0.00814	0.00848	0.00271	0.01085	0.00757	0.00395	0.01106
4	0.01136	0.00844	0.01058	0.01054	0.01242	0.00766	0.00772	0.01455	0.02173	0.02971	0.42702	0.18821	0.17879	0.01994	0.01020	0.00286	0.00425	0.01755	0.00882	0.00766
5	0.01218	0.00904	0.01330	0.01330	0.01469	0.01043	0.01017	0.01496	0.01357	0.01948	0.02314	0.03534	0.02210	0.11835	0.61381	0.01321	0.02155	0.00940	0.00461	0.00739
6	0.01037	0.00741	0.00987	0.01185	0.01234	0.00691	0.00790	0.01185	0.01629	0.02172	0.04690	0.69537	0.05629	0.02666	0.01086	0.00346	0.00494	0.02419	0.00790	0.00691
7	0.02106	0.02022	0.03454	0.05223	0.64784	0.02022	0.02612	0.02612	0.01938	0.02780	0.01601	0.02106	0.01348	0.00758	0.00842	0.00253	0.01011	0.00758	0.00421	0.01348
8	0.02841	0.02692	0.02530	0.02098	0.02525	0.19960	0.01692	0.29593	0.02827	0.03562	0.01591	0.01856	0.01261	0.01111	0.01364	0.00278	0.19729	0.00701	0.00608	0.01180
9	0.03179	0.04056	0.02412	0.02192	0.02631	0.66676	0.01644	0.03398	0.02412	0.02083	0.01315	0.01535	0.01096	0.00877	0.00767	0.00219	0.01535	0.00548	0.00438	0.00987
10	0.02358	0.01806	0.01980	0.01668	0.02147	0.01986	0.01321	0.29742	0.19804	0.04199	0.12619	0.10600	0.03277	0.01356	0.00906	0.00277	0.00729	0.01128	0.00862	0.01233
11	0.01149	0.00788	0.00954	0.01041	0.01063	0.00766	0.00636	0.01214	0.01410	0.01880	0.03565	0.33705	0.04209	0.40435	0.02904	0.00614	0.00679	0.01757	0.00636	0.00593
12	0.42426	0.01583	0.01496	0.01315	0.01819	0.01752	0.01055	0.03107	0.14908	0.13543	0.04778	0.05055	0.01961	0.01028	0.00695	0.00272	0.00655	0.00758	0.00712	0.01083
13	0.02402	0.32892	0.15409	0.02172	0.09247	0.02770	0.01940	0.18184	0.02361	0.03099	0.01518	0.01704	0.01210	0.00824	0.00707	0.00225	0.00993	0.00602	0.00497	0.01244
14	0.02275	0.70604	0.04459	0.01456	0.02184	0.03367	0.01456	0.02548	0.01729	0.02002	0.01183	0.01365	0.01092	0.00728	0.00546	0.00182	0.00910	0.00455	0.00364	0.01092
15	0.01052	0.00837	0.00944	0.00975	0.01192	0.00729	0.00709	0.01289	0.01964	0.02491	0.18758	0.21420	0.40263	0.02186	0.01023	0.00296	0.00439	0.01883	0.00819	0.00729
16	0.01765	0.01513	0.01765	0.01260	0.02017	0.01134	0.01008	0.02143	0.01765	0.02773	0.01513	0.01765	0.01260	0.00630	0.00630	0.00126	0.00630	0.00504	0.00504	0.75295
17	0.01033	0.00863	0.00900	0.00891	0.01166	0.00730	0.00668	0.01275	0.02005	0.02454	0.16369	0.07935	0.56593	0.02097	0.01005	0.00285	0.00427	0.01760	0.00811	0.00730
18	0.01545	0.00917	0.01141	0.01050	0.01306	0.00843	0.00800	0.01923	0.02257	0.09962	0.41784	0.05510	0.10482	0.01553	0.00909	0.00255	0.00438	0.01341	0.15121	0.00864
19	0.01323	0.00910	0.01094	0.01023	0.01292	0.00804	0.00776	0.01647	0.02230	0.07611	0.38292	0.06805	0.29344	0.01849	0.00993	0.00275	0.00437	0.01587	0.00889	0.00819
20	0.01675	0.00980	0.01255	0.01123	0.01425	0.00876	0.00864	0.02033	0.02340	0.15131	0.43808	0.05983	0.15824	0.01674	0.00976	0.00270	0.00468	0.01449	0.00936	0.00913
21	0.01155	0.00799	0.00994	0.01104	0.01144	0.00775	0.00718	0.01258	0.01484	0.01973	0.03783	0.36019	0.04441	0.32562	0.02534	0.00562	0.00666	0.06742	0.00668	0.00621
22	0.01827	0.01737	0.02949	0.40414	0.31778	0.01948	0.02473	0.02367	0.01805	0.02441	0.01551	0.02197	0.01228	0.00810	0.00847	0.00270	0.01080	0.00757	0.00397	0.01122
23	0.36381	0.01468	0.01521	0.01258	0.01808	0.01501	0.01032	0.03170	0.01918	0.30824	0.02310	0.02239	0.01577	0.00927	0.00679	0.00256	0.00659	0.00670	0.08662	0.01140
24	0.01371	0.00980	0.01371	0.01567	0.01763	0.00980	0.01371	0.01763	0.01959	0.02547	0.04506	0.09599	0.04898	0.02351	0.01175	0.00392	0.00784	0.59056	0.00784	0.00784
25	0.76103	0.01646	0.01251	0.01119	0.01646	0.01909	0.00922	0.02502	0.01448	0.03818	0.01185	0.01382	0.00922	0.00790	0.00527	0.00263	0.00658	0.00461	0.00527	0.00922
26	0.01217	0.00903	0.01162	0.01240	0.01445	0.00848	0.01003	0.01553	0.02058	0.02714	0.22795	0.13330	0.18621	0.02157	0.01082	0.00330	0.00573	0.25371	0.00830	0.00768
27	0.01743	0.03595	0.46639	0.02368	0.03410	0.01914	0.09314	0.02806	0.08513	0.02852	0.06971	0.02380	0.01843	0.00913	0.00853	0.00273	0.01143	0.00782	0.00470	0.01217
28	0.03132	0.02345	0.02558	0.01979	0.02609	0.02637	0.01636	0.57472	0.03800	0.05116	0.01974	0.02030	0.01423	0.01057	0.00996	0.00264	0.05985	0.00765	0.00816	0.01409
29	0.02275	0.70604	0.04459	0.01456	0.02184	0.03367	0.01456	0.02548	0.01729	0.02002	0.01183	0.01365	0.01092	0.00728	0.00546	0.00182	0.00910	0.00455	0.00364	0.01092
30	0.01789	0.01929	0.04052	0.02988	0.03667	0.01807	0.46822	0.02393	0.01996	0.02719	0.08601	0.12196	0.02598	0.01098	0.01016	0.00293	0.01195	0.01259	0.00533	0.01048
31	0.01707	0.04402	0.65683	0.02426	0.03683	0.01976	0.03144	0.02695	0.01797	0.02695	0.01527	0.01797	0.01078	0.00809	0.00809	0.00270	0.01258	0.00629	0.00359	0.01258
32	0.01187	0.00887	0.00951	0.00944	0.01210	0.00763	0.00700	0.01393	0.01889	0.05547	0.07477	0.11138	0.50613	0.07946	0.01293	0.00339	0.00496	0.03708	0.00780	0.00740
33	0.01426	0.00929	0.01212	0.01145	0.01390	0.00853	0.00889	0.01807	0.02328	0.08420	0.48708	0.06549	0.11414	0.01778	0.01010	0.00282	0.00471	0.07620	0.00919	0.00849
34	0.02613	0.07349	0.08320	0.02180	0.02900	0.02165	0.16250	0.25227	0.02746	0.10384	0.02079	0.02251	0.01504	0.00908	0.00834	0.00253	0.01000	0.00802	0.08977	0.01259
35	0.01262	0.00908	0.01165	0.01294	0.01414	0.00890	0.00926	0.06449	0.01869	0.02487	0.04443	0.57047	0.05189	0.02490	0.01076	0.00343	0.00564	0.08622	0.00795	0.00766
36	0.01124	0.00867	0.01026	0.00986	0.01222	0.00769	0.00739	0.01450	0.02218	0.02961	0.41723	0.07101	0.30924	0.01908	0.01005	0.00276	0.00413	0.01643	0.00877	0.00769
37	0.70009	0.01707	0.01360	0.01189	0.01729	0.01970	0.00980	0.07474	0.01662	0.03947	0.01257	0.01438	0.00966	0.00809	0.00554	0.00263	0.00682	0.00486	0.00554	0.00966
38	0.02752	0.09934	0.02522	0.01801	0.02323	0.09283	0.01492	0.34564	0.02989	0.03986	0.01867	0.02045	0.01433	0.01020	0.00984	0.00248	0.08232	0.00709	0.10601	0.01215
39	0.02084	0.07294	0.50171	0.02248	0.03364	0.02061	0.02729	0.09446	0.02094	0.08201	0.01721	0.01894	0.01206	0.00849	0.00804	0.00263	0.01159	0.00654	0.00473	0.01286

[dist]
# distance from previous block
# <min> <max>
2	3

[block]
# block no. 5 follows, 21 sequences, length 35
# corresponding to MSA columns:
# 1044-1078
name=unknown_F
#
# <colnr> <probs for GDERKNQSTAVLIFYWHMCP>
#	G	D	E	R	K	N	Q	S	T	A	V	L	I	F	Y	W	H	M	C	P
0	0.01116	0.00873	0.01050	0.01064	0.01288	0.00807	0.00813	0.01399	0.01955	0.02536	0.20610	0.11396	0.33090	0.02691	0.10112	0.00445	0.00714	0.06514	0.00779	0.00748
1	0.01722	0.01143	0.01477	0.10493	0.02148	0.01179	0.01187	0.04403	0.06763	0.09155	0.11409	0.10681	0.10108	0.01592	0.00926	0.00291	0.00654	0.11523	0.12215	0.00930
2	0.02430	0.49457	0.03791	0.01601	0.02241	0.06035	0.01485	0.06867	0.06200	0.05870	0.01523	0.01665	0.01279	0.00855	0.00771	0.00214	0.05545	0.00558	0.00475	0.01138
3	0.02816	0.01391	0.01895	0.01560	0.01990	0.01420	0.01276	0.03104	0.02030	0.38634	0.03328	0.03302	0.08210	0.01981	0.10333	0.00438	0.13349	0.00938	0.00819	0.01185
4	0.01204	0.00830	0.01033	0.01130	0.01183	0.00816	0.00765	0.01325	0.01495	0.01981	0.03635	0.25319	0.04199	0.36815	0.02750	0.00598	0.00719	0.12934	0.00650	0.00620
5	0.03114	0.01858	0.01968	0.01616	0.02151	0.10458	0.01287	0.12513	0.04859	0.34298	0.09117	0.07713	0.02733	0.01213	0.00875	0.00263	0.00818	0.00984	0.00900	0.01261
6	0.02575	0.01469	0.01659	0.01461	0.01890	0.07645	0.01133	0.02844	0.02098	0.30452	0.03475	0.23848	0.03188	0.01575	0.00917	0.00280	0.00729	0.04517	0.00847	0.07396
7	0.03184	0.02358	0.02525	0.01948	0.02620	0.02615	0.01605	0.59321	0.06710	0.05281	0.02108	0.02095	0.01500	0.01028	0.00852	0.00257	0.00924	0.00775	0.00852	0.01443
8	0.01116	0.00817	0.00980	0.01077	0.01186	0.00762	0.00741	0.01266	0.01635	0.02104	0.05105	0.31657	0.19282	0.20244	0.01929	0.00462	0.00595	0.07664	0.00717	0.00661
9	0.01707	0.04402	0.65683	0.02426	0.03683	0.01976	0.03144	0.02695	0.01797	0.02695	0.01527	0.01797	0.01078	0.00809	0.00809	0.00270	0.01258	0.00629	0.00359	0.01258
10	0.01728	0.04251	0.61334	0.02509	0.03738	0.01989	0.07341	0.02697	0.01812	0.02697	0.01541	0.01832	0.01093	0.00802	0.00823	0.00271	0.01270	0.00656	0.00364	0.01250
11	0.02676	0.01484	0.01820	0.01389	0.02020	0.01293	0.01125	0.09249	0.02314	0.27744	0.06885	0.02666	0.02162	0.00943	0.00767	0.00209	0.00667	0.00764	0.05902	0.27919
12	0.02614	0.01991	0.02287	0.01848	0.02294	0.02313	0.01518	0.38391	0.02997	0.04170	0.01946	0.02230	0.01511	0.01570	0.06818	0.00368	0.14971	0.00777	0.08173	0.01216
13	0.02222	0.27803	0.08184	0.10010	0.10178	0.02498	0.10157	0.02666	0.01828	0.08651	0.01581	0.01910	0.01257	0.00847	0.00919	0.00247	0.06766	0.00678	0.00451	0.01146
14	0.01532	0.00880	0.01190	0.01247	0.01416	0.00818	0.00888	0.01736	0.01792	0.12987	0.07613	0.50149	0.04923	0.02595	0.05536	0.00397	0.00650	0.02001	0.00820	0.00831
15	0.35584	0.01836	0.02371	0.03064	0.29894	0.02030	0.01771	0.02505	0.01652	0.03176	0.01364	0.01754	0.01132	0.00846	0.00896	0.00270	0.07656	0.00622	0.00464	0.01113
16	0.01086	0.00856	0.00979	0.00967	0.01203	0.00750	0.00718	0.01370	0.02102	0.02727	0.30224	0.11868	0.38064	0.02029	0.01011	0.00284	0.00424	0.01740	0.00848	0.00750
17	0.01470	0.01153	0.01636	0.01674	0.07764	0.01215	0.05077	0.01646	0.01483	0.02111	0.05966	0.04458	0.02804	0.41450	0.03082	0.00598	0.07768	0.01103	0.06817	0.00726
18	0.02117	0.01828	0.01924	0.01732	0.02213	0.02117	0.01347	0.04522	0.63246	0.03560	0.03464	0.03175	0.02598	0.01155	0.00866	0.00289	0.00673	0.00962	0.00866	0.01347
