[name]
unknown

[dist]
# distance from previous block
# <min> <max>
0	103

[block]
# block no. 0 follows, 21 sequences, length 97
# corresponding to MSA columns:
# 104-127,131-203
name=unknown_A
#
# <colnr> <probs for GDERKNQSTAVLIFYWHMCP>
#	G	D	E	R	K	N	Q	S	T	A	V	L	I	F	Y	W	H	M	C	P
0	0.01903	0.01820	0.07241	0.01669	0.02028	0.09553	0.05322	0.05855	0.01930	0.06461	0.02839	0.05205	0.02865	0.23731	0.02064	0.00476	0.00982	0.16570	0.00614	0.00872
1	0.12364	0.12138	0.02558	0.01716	0.02373	0.07586	0.01436	0.34174	0.02960	0.04121	0.01689	0.01788	0.01279	0.00893	0.00733	0.00228	0.00909	0.00634	0.00666	0.09753
2	0.06984	0.06316	0.07673	0.02654	0.07162	0.01900	0.28814	0.02561	0.01955	0.08163	0.05123	0.03050	0.09277	0.01005	0.00971	0.00276	0.03482	0.00988	0.00544	0.01102
3	0.01930	0.09651	0.06410	0.01450	0.02199	0.05598	0.01264	0.02463	0.05915	0.02691	0.01595	0.01802	0.01308	0.00704	0.00657	0.00159	0.00763	0.00540	0.00499	0.52402
4	0.01190	0.00809	0.00938	0.00978	0.00997	0.00795	0.00575	0.01226	0.01338	0.01775	0.03265	0.18548	0.05445	0.54457	0.03577	0.00712	0.00746	0.01493	0.00579	0.00557
5	0.02515	0.53123	0.03934	0.01633	0.02301	0.15591	0.01503	0.06701	0.02014	0.02243	0.01267	0.01444	0.01117	0.00777	0.00609	0.00194	0.01033	0.00494	0.00411	0.01095
6	0.01297	0.00993	0.01203	0.01129	0.01377	0.00962	0.00853	0.01933	0.10207	0.03287	0.49253	0.06183	0.14636	0.01718	0.00986	0.00273	0.00440	0.01498	0.00909	0.00862
7	0.03547	0.01655	0.02010	0.01590	0.02216	0.04534	0.01295	0.06225	0.10352	0.52218	0.03227	0.02837	0.02098	0.01057	0.00853	0.00264	0.00764	0.00852	0.00993	0.01413
8	0.02216	0.01064	0.01417	0.01324	0.01659	0.00949	0.01015	0.02465	0.02017	0.28466	0.04460	0.31804	0.09159	0.01927	0.00991	0.00310	0.00607	0.06235	0.00899	0.01015
9	0.01054	0.00748	0.00982	0.01163	0.01208	0.00703	0.00766	0.01189	0.01596	0.02128	0.04518	0.64042	0.05411	0.08458	0.01365	0.00387	0.00522	0.02318	0.00766	0.00676
10	0.02275	0.70604	0.04459	0.01456	0.02184	0.03367	0.01456	0.02548	0.01729	0.02002	0.01183	0.01365	0.01092	0.00728	0.00546	0.00182	0.00910	0.00455	0.00364	0.01092
11	0.08278	0.07262	0.24337	0.07403	0.12733	0.02115	0.20591	0.02631	0.01841	0.02734	0.01545	0.01962	0.01174	0.00769	0.00835	0.00267	0.01193	0.00745	0.00406	0.01177
12	0.01154	0.00868	0.01067	0.01017	0.01240	0.00781	0.00763	0.01507	0.02289	0.03127	0.50057	0.06827	0.22485	0.01846	0.01004	0.00273	0.00409	0.01605	0.00899	0.00781
13	0.01179	0.00869	0.01102	0.01044	0.01256	0.00792	0.00783	0.01556	0.02348	0.03269	0.57137	0.06594	0.15317	0.01793	0.01004	0.00270	0.00405	0.01572	0.00918	0.00792
14	0.02675	0.01743	0.02241	0.01892	0.04283	0.01783	0.06064	0.19821	0.11863	0.19727	0.03382	0.05653	0.07204	0.01278	0.00915	0.00282	0.00816	0.06265	0.00847	0.01265
15	0.02756	0.01136	0.01412	0.01171	0.01610	0.01033	0.00939	0.03117	0.02126	0.35759	0.03081	0.03028	0.02142	0.01024	0.00732	0.00232	0.00568	0.00826	0.36172	0.01136
16	0.02417	0.01336	0.01696	0.01533	0.01926	0.01317	0.01264	0.12369	0.02350	0.22297	0.03509	0.05761	0.03233	0.10482	0.01431	0.00386	0.00796	0.23989	0.00843	0.01064
17	0.01822	0.01914	0.02598	0.02152	0.02559	0.14178	0.18207	0.02225	0.01752	0.02207	0.01935	0.02696	0.01691	0.03716	0.35386	0.00840	0.01897	0.00867	0.00445	0.00913
18	0.02848	0.28761	0.03197	0.01886	0.02465	0.34540	0.01570	0.10782	0.02365	0.02484	0.01362	0.01538	0.01141	0.00840	0.00696	0.00210	0.01222	0.00542	0.00465	0.01087
19	0.01791	0.01488	0.01736	0.01283	0.01962	0.01192	0.01023	0.06073	0.01997	0.03029	0.09664	0.02377	0.02147	0.00800	0.00693	0.00153	0.00621	0.00655	0.00583	0.60733
20	0.07069	0.02044	0.02284	0.18238	0.13589	0.12868	0.01751	0.09093	0.06174	0.02957	0.09052	0.02938	0.06289	0.01059	0.00842	0.00262	0.00970	0.00872	0.00579	0.01069
21	0.02676	0.33499	0.03414	0.01772	0.02397	0.08077	0.01567	0.25115	0.02609	0.03288	0.01514	0.01679	0.01229	0.00917	0.00873	0.00229	0.06779	0.00605	0.00556	0.01205
22	0.01765	0.01513	0.01765	0.01260	0.02017	0.01134	0.01008	0.02143	0.01765	0.02773	0.01513	0.01765	0.01260	0.00630	0.00630	0.00126	0.00630	0.00504	0.00504	0.75295
23	0.02208	0.02704	0.08286	0.02415	0.02747	0.19072	0.09645	0.02541	0.01724	0.02200	0.01282	0.01828	0.01131	0.01173	0.01867	0.00313	0.36751	0.00717	0.00396	0.01001
24	0.01711	0.01768	0.03317	0.29386	0.04444	0.01907	0.25328	0.02264	0.01819	0.02395	0.02429	0.02968	0.08910	0.01009	0.01085	0.00292	0.06544	0.00979	0.00448	0.00996
25	0.03052	0.01857	0.02566	0.14862	0.03263	0.06794	0.09339	0.08484	0.02370	0.34774	0.02511	0.02515	0.01675	0.00954	0.00867	0.00266	0.00978	0.00823	0.00775	0.01275
26	0.01600	0.01202	0.01843	0.06239	0.10137	0.01167	0.05085	0.01986	0.02028	0.07646	0.16491	0.14395	0.10256	0.01740	0.01011	0.00308	0.00719	0.14474	0.00743	0.00928
27	0.03818	0.01448	0.01975	0.01514	0.02172	0.01251	0.01251	0.04147	0.02436	0.65373	0.03357	0.02897	0.02107	0.01053	0.00856	0.00263	0.00724	0.00856	0.01053	0.01448
28	0.12495	0.03571	0.02277	0.02057	0.02472	0.53233	0.01568	0.03175	0.02199	0.02304	0.01283	0.01541	0.01075	0.00914	0.00897	0.00237	0.06729	0.00552	0.00445	0.00974
29	0.01983	0.02566	0.14594	0.03565	0.14872	0.02098	0.37616	0.02817	0.05922	0.02784	0.01781	0.02236	0.01350	0.00768	0.00934	0.00278	0.01281	0.00896	0.00445	0.01214
30	0.01564	0.01110	0.01241	0.01159	0.01496	0.01064	0.00884	0.02246	0.14212	0.09629	0.13903	0.11234	0.33341	0.01822	0.00968	0.00287	0.00513	0.01543	0.00853	0.00932
31	0.01196	0.00854	0.01170	0.01367	0.01486	0.00828	0.01067	0.01460	0.01786	0.02351	0.04603	0.41001	0.05281	0.02516	0.01129	0.00368	0.00632	0.29384	0.00787	0.00735
32	0.01261	0.00920	0.01245	0.01299	0.01497	0.00903	0.01059	0.01634	0.02060	0.02801	0.28229	0.07413	0.09634	0.02617	0.09564	0.00462	0.00802	0.25014	0.00803	0.00784
33	0.03148	0.01898	0.07747	0.02312	0.08117	0.01552	0.13390	0.03621	0.02258	0.42726	0.02740	0.02623	0.01800	0.00943	0.00880	0.00268	0.00931	0.00859	0.00822	0.01366
34	0.01104	0.00777	0.01006	0.01163	0.01214	0.00741	0.00781	0.01241	0.01576	0.02097	0.04271	0.51889	0.05059	0.16239	0.01748	0.00446	0.00584	0.06668	0.00734	0.00663
35	0.01987	0.02193	0.04607	0.09335	0.12364	0.02113	0.48964	0.02664	0.01973	0.02686	0.01688	0.02269	0.01285	0.00734	0.00970	0.00282	0.01354	0.00951	0.00425	0.01156
36	0.04926	0.03965	0.48054	0.02401	0.03474	0.09844	0.07435	0.02834	0.01901	0.05199	0.01577	0.01832	0.01133	0.00819	0.00810	0.00264	0.01260	0.00651	0.00409	0.01210
37	0.02288	0.16222	0.03050	0.02014	0.02416	0.02520	0.06762	0.12792	0.02074	0.07019	0.05723	0.02197	0.01713	0.01170	0.01582	0.00291	0.27752	0.00771	0.00543	0.01100
38	0.02367	0.06842	0.03406	0.02397	0.03138	0.10293	0.25277	0.07860	0.02188	0.07795	0.01740	0.02033	0.01323	0.00770	0.00828	0.00228	0.01119	0.00755	0.00530	0.19112
39	0.07184	0.32788	0.11357	0.10224	0.02812	0.08020	0.01731	0.02649	0.01807	0.07261	0.01525	0.01803	0.01232	0.01163	0.04942	0.00298	0.01095	0.00586	0.00443	0.01081
40	0.02647	0.01737	0.01998	0.01666	0.02158	0.01828	0.01341	0.33661	0.03062	0.13456	0.05928	0.16234	0.02955	0.01489	0.00931	0.00286	0.00780	0.05759	0.00868	0.01216
41	0.01478	0.00739	0.01109	0.01109	0.01109	0.00739	0.00739	0.01109	0.01109	0.01478	0.01478	0.02587	0.01478	0.02956	0.03326	0.75240	0.00739	0.00739	0.00370	0.00370
42	0.02450	0.01742	0.02096	0.06100	0.07389	0.01909	0.01490	0.04144	0.41469	0.16707	0.03171	0.02974	0.02302	0.01082	0.00861	0.00280	0.00740	0.00910	0.00841	0.01344
43	0.02044	0.01640	0.02704	0.34426	0.24709	0.01795	0.02240	0.02549	0.01891	0.10563	0.01967	0.02753	0.01566	0.00940	0.00869	0.00277	0.01019	0.04408	0.00505	0.01134
44	0.03084	0.01286	0.01740	0.01390	0.01919	0.01125	0.01125	0.03433	0.02428	0.47969	0.20485	0.03868	0.03770	0.01246	0.00897	0.00265	0.00634	0.01048	0.01021	0.01267
45	0.02656	0.43529	0.03703	0.01655	0.02365	0.03078	0.01520	0.26122	0.02631	0.03336	0.01524	0.01634	0.01233	0.00845	0.00667	0.00211	0.00921	0.00579	0.00557	0.01233
46	0.07570	0.15265	0.03255	0.02402	0.10717	0.02075	0.13657	0.06851	0.02181	0.24556	0.02154	0.02223	0.01528	0.00865	0.00802	0.00250	0.00950	0.00764	0.00665	0.01271
47	0.01022	0.00863	0.00884	0.00879	0.01159	0.00725	0.00659	0.01252	0.01977	0.02387	0.13035	0.08045	0.59970	0.02122	0.01006	0.00286	0.00429	0.01776	0.00802	0.00725
48	0.01024	0.00791	0.00936	0.01052	0.01199	0.00702	0.00731	0.01200	0.01757	0.02224	0.06308	0.44292	0.29829	0.02456	0.01053	0.00322	0.00468	0.02163	0.00790	0.00702
49	0.01707	0.04402	0.65683	0.02426	0.03683	0.01976	0.03144	0.02695	0.01797	0.02695	0.01527	0.01797	0.01078	0.00809	0.00809	0.00270	0.01258	0.00629	0.00359	0.01258
50	0.02222	0.02452	0.03366	0.11007	0.03642	0.16019	0.25207	0.03119	0.14360	0.02642	0.01920	0.02278	0.01482	0.00907	0.01022	0.00278	0.05604	0.00849	0.00510	0.01114
51	0.03166	0.01948	0.02184	0.01698	0.02311	0.02059	0.01395	0.39958	0.03329	0.19867	0.02462	0.02399	0.01705	0.01026	0.00819	0.00250	0.00814	0.00792	0.10456	0.01363
52	0.02274	0.02044	0.02924	0.02898	0.17042	0.02185	0.12361	0.12924	0.28883	0.03521	0.02501	0.02593	0.01896	0.00965	0.00883	0.00275	0.00928	0.00892	0.00684	0.01328
53	0.02493	0.11408	0.02371	0.01799	0.02231	0.27096	0.01424	0.14149	0.02356	0.02699	0.01925	0.07818	0.01762	0.02150	0.14083	0.00464	0.01398	0.00813	0.00543	0.01019
54	0.01934	0.01655	0.02498	0.01839	0.02535	0.01424	0.16168	0.06008	0.02038	0.07034	0.02855	0.03015	0.11412	0.00948	0.00812	0.00209	0.00825	0.00875	0.00590	0.35327
55	0.02042	0.01942	0.03654	0.11196	0.03822	0.01870	0.33268	0.02607	0.01910	0.07585	0.01744	0.02206	0.01319	0.00792	0.01009	0.00258	0.05365	0.00843	0.00484	0.16085
56	0.09001	0.01993	0.02103	0.01749	0.02320	0.02235	0.01404	0.25635	0.31884	0.08385	0.02734	0.02582	0.01994	0.01067	0.00831	0.00272	0.00773	0.00839	0.00844	0.01354
57	0.01691	0.01581	0.02591	0.30110	0.28339	0.01714	0.02138	0.02161	0.01821	0.02431	0.02671	0.07320	0.09688	0.01100	0.00883	0.00276	0.00953	0.00999	0.00475	0.01059
58	0.01232	0.00846	0.01033	0.01033	0.01069	0.00882	0.00646	0.01305	0.01268	0.01727	0.02586	0.05041	0.02864	0.54968	0.19142	0.00954	0.01170	0.01160	0.00501	0.00574
59	0.01238	0.00825	0.00928	0.00928	0.00928	0.00825	0.00516	0.01238	0.01238	0.01650	0.02681	0.05569	0.03094	0.70092	0.04331	0.00825	0.00825	0.01238	0.00516	0.00516
60	0.76103	0.01646	0.01251	0.01119	0.01646	0.01909	0.00922	0.02502	0.01448	0.03818	0.01185	0.01382	0.00922	0.00790	0.00527	0.00263	0.00658	0.00461	0.00527	0.00922
61	0.01059	0.00757	0.01013	0.01211	0.01270	0.00711	0.00829	0.01224	0.01651	0.02198	0.04678	0.65512	0.05579	0.02645	0.01092	0.00349	0.00513	0.06222	0.00790	0.00697
62	0.01824	0.01997	0.04171	0.03061	0.03791	0.01866	0.48625	0.02449	0.01995	0.02655	0.02852	0.03684	0.09759	0.01043	0.01019	0.00296	0.01249	0.06093	0.00507	0.01061
63	0.01326	0.00892	0.01083	0.01057	0.01298	0.00790	0.00784	0.01606	0.02094	0.08100	0.27799	0.18957	0.27037	0.02008	0.01008	0.00289	0.00458	0.01742	0.00866	0.00807
64	0.01037	0.00741	0.00987	0.01185	0.01234	0.00691	0.00790	0.01185	0.01629	0.02172	0.04690	0.69537	0.05629	0.02666	0.01086	0.00346	0.00494	0.02419	0.00790	0.00691
65	0.01931	0.30533	0.41517	0.02043	0.03092	0.02525	0.02478	0.02637	0.01770	0.02422	0.01391	0.01626	0.01084	0.00777	0.00705	0.00235	0.01120	0.00560	0.00361	0.01192
66	0.02262	0.57602	0.12232	0.01631	0.02408	0.07421	0.01687	0.02624	0.01784	0.02097	0.01236	0.01432	0.01091	0.00748	0.00595	0.00196	0.00997	0.00484	0.00368	0.01106
67	0.03192	0.01379	0.01837	0.01508	0.02062	0.01254	0.01244	0.03698	0.07190	0.48200	0.07608	0.04017	0.02904	0.01275	0.00908	0.00282	0.00706	0.08429	0.00996	0.01311
68	0.01031	0.00863	0.00898	0.00889	0.01165	0.00729	0.00667	0.01271	0.02000	0.02443	0.15818	0.07953	0.57151	0.02102	0.01006	0.00285	0.00427	0.01763	0.00809	0.00729
69	0.02026	0.02094	0.03395	0.23967	0.29490	0.07561	0.14036	0.02567	0.01920	0.02523	0.01573	0.02144	0.01250	0.00789	0.00870	0.00266	0.01177	0.00788	0.00411	0.01154
70	0.01692	0.01479	0.02053	0.01785	0.02176	0.01637	0.08997	0.02941	0.27852	0.02763	0.03015	0.03367	0.05193	0.03221	0.27027	0.00717	0.01398	0.00987	0.00643	0.01058
71	0.01680	0.01587	0.02685	0.58816	0.14519	0.01910	0.02400	0.02239	0.01736	0.02263	0.01526	0.02245	0.01166	0.00837	0.00850	0.00279	0.01116	0.00757	0.00384	0.01005
72	0.01478	0.00739	0.01109	0.01109	0.01109	0.00739	0.00739	0.01109	0.01109	0.01478	0.01478	0.02587	0.01478	0.02956	0.03326	0.75240	0.00739	0.00739	0.00370	0.00370
73	0.01932	0.01756	0.02747	0.03906	0.43823	0.01793	0.02026	0.02581	0.09717	0.02653	0.02059	0.02943	0.01862	0.14792	0.01549	0.00373	0.00930	0.00881	0.00498	0.01180
74	0.01397	0.00935	0.01064	0.00992	0.01304	0.00804	0.00758	0.01671	0.02114	0.10255	0.21438	0.07102	0.43215	0.01921	0.00987	0.00280	0.00460	0.01619	0.00858	0.00828
75	0.01096	0.00820	0.01033	0.01179	0.01319	0.00756	0.00870	0.01311	0.01775	0.02280	0.05660	0.41728	0.20552	0.02472	0.01084	0.00340	0.00536	0.13681	0.00789	0.00717
76	0.01765	0.01513	0.01765	0.01260	0.02017	0.01134	0.01008	0.02143	0.01765	0.02773	0.01513	0.01765	0.01260	0.00630	0.00630	0.00126	0.00630	0.00504	0.00504	0.75295
77	0.02399	0.02121	0.08272	0.03213	0.27334	0.01843	0.05869	0.10713	0.02247	0.11979	0.01895	0.02135	0.01426	0.00814	0.00816	0.00236	0.00942	0.00733	0.00578	0.14436
78	0.01939	0.31442	0.40676	0.02030	0.03071	0.02544	0.02455	0.02635	0.01769	0.02412	0.01387	0.01620	0.01084	0.00776	0.00701	0.00234	0.01116	0.00558	0.00361	0.01190
79	0.01985	0.02462	0.09827	0.03495	0.04387	0.02138	0.57055	0.02724	0.01992	0.02724	0.01706	0.02256	0.01274	0.00725	0.00989	0.00286	0.01421	0.00975	0.00425	0.01156
80	0.01686	0.01607	0.02758	0.57605	0.13444	0.01917	0.04515	0.02251	0.01743	0.02273	0.01531	0.02249	0.01168	0.00834	0.00855	0.00280	0.01129	0.00765	0.00386	0.01005
81	0.01659	0.08307	0.51843	0.02164	0.03217	0.01886	0.02678	0.02494	0.01834	0.02676	0.07104	0.06541	0.01970	0.01003	0.00826	0.00268	0.01111	0.00811	0.00437	0.01171
82	0.66690	0.01741	0.01419	0.01227	0.01774	0.02003	0.01012	0.10181	0.01778	0.04018	0.01296	0.01468	0.00990	0.00820	0.00569	0.00262	0.00694	0.00500	0.00569	0.00990
83	0.01031	0.00863	0.00898	0.00889	0.01165	0.00729	0.00667	0.01271	0.02000	0.02443	0.15818	0.07953	0.57151	0.02102	0.01006	0.00285	0.00427	0.01763	0.00809	0.00729
84	0.02073	0.01988	0.03394	0.09425	0.60843	0.02013	0.02595	0.02582	0.01922	0.02740	0.01595	0.02117	0.01334	0.00764	0.00843	0.00255	0.01019	0.00758	0.00418	0.01321
85	0.09216	0.03227	0.02861	0.02344	0.02914	0.37887	0.13688	0.12523	0.02501	0.02885	0.01502	0.01756	0.01177	0.00860	0.00808	0.00242	0.01344	0.00667	0.00510	0.01087
86	0.01219	0.00899	0.01302	0.01302	0.01432	0.01028	0.00982	0.01478	0.01348	0.01927	0.02339	0.03673	0.02271	0.15831	0.57467	0.01287	0.02064	0.00960	0.00465	0.00724
87	0.01218	0.00990	0.01094	0.01046	0.01329	0.00928	0.00791	0.01780	0.10021	0.02846	0.27150	0.06911	0.37014	0.01883	0.00987	0.00281	0.00452	0.01600	0.00851	0.00829
88	0.01183	0.00853	0.01118	0.01085	0.01267	0.00789	0.00801	0.01552	0.02308	0.03252	0.56630	0.14519	0.07720	0.01859	0.01014	0.00278	0.00413	0.01653	0.00918	0.00789
89	0.57822	0.01974	0.01565	0.01350	0.01894	0.07593	0.01098	0.12382	0.01952	0.03924	0.01338	0.01504	0.01023	0.00836	0.00601	0.00258	0.00779	0.00519	0.00573	0.01014
90	0.02106	0.02022	0.03454	0.05223	0.64784	0.02022	0.02612	0.02612	0.01938	0.02780	0.01601	0.02106	0.01348	0.00758	0.00842	0.00253	0.01011	0.00758	0.00421	0.01348
91	0.01075	0.00841	0.00974	0.00992	0.01205	0.00740	0.00724	0.01337	0.02029	0.02629	0.25600	0.19582	0.34990	0.02123	0.01021	0.00292	0.00434	0.01836	0.00837	0.00740
92	0.01081	0.00830	0.00999	0.01098	0.01272	0.00748	0.00810	0.01307	0.01856	0.02369	0.10943	0.32574	0.28937	0.02350	0.01059	0.00322	0.00499	0.09420	0.00801	0.00723
93	0.02522	0.02559	0.07987	0.02529	0.06862	0.09252	0.13688	0.22244	0.12505	0.03602	0.02000	0.02193	0.01507	0.00965	0.01001	0.00272	0.05608	0.00809	0.00628	0.01266
94	0.01226	0.00909	0.01210	0.01343	0.01526	0.00893	0.01096	0.01532	0.01824	0.02363	0.05037	0.18452	0.16069	0.02886	0.09596	0.00490	0.00861	0.31189	0.00744	0.00753
95	0.03171	0.02202	0.02390	0.01844	0.02491	0.02404	0.01520	0.53308	0.03727	0.10004	0.02197	0.02187	0.01549	0.01022	0.00834	0.00252	0.00883	0.00775	0.05834	0.01403
96	0.03145	0.02217	0.02709	0.02264	0.07618	0.02362	0.05678	0.45132	0.03484	0.13431	0.02172	0.02185	0.01522	0.00985	0.00862	0.00258	0.00946	0.00794	0.00817	0.01419

[dist]
# distance from previous block
# <min> <max>
6	7

[block]
# block no. 1 follows, 21 sequences, length 37
# corresponding to MSA columns:
# 211-228,231-249
name=unknown_B
#
# <colnr> <probs for GDERKNQSTAVLIFYWHMCP>
#	G	D	E	R	K	N	Q	S	T	A	V	L	I	F	Y	W	H	M	C	P
0	0.05342	0.02360	0.02802	0.09399	0.18398	0.14957	0.06528	0.13631	0.02448	0.13092	0.01890	0.02112	0.01396	0.00884	0.00833	0.00254	0.01089	0.00742	0.00603	0.01239
1	0.01988	0.03899	0.43343	0.02641	0.03692	0.11538	0.15496	0.02805	0.01933	0.02612	0.01538	0.01865	0.01126	0.00799	0.00844	0.00266	0.01336	0.00698	0.00386	0.01194
2	0.01677	0.01994	0.11945	0.51481	0.12018	0.01918	0.02506	0.02299	0.01742	0.02318	0.01524	0.02181	0.01150	0.00834	0.00844	0.00278	0.01139	0.00738	0.00380	0.01036
3	0.01426	0.11214	0.01691	0.01300	0.01569	0.01306	0.01042	0.01925	0.07923	0.02677	0.19661	0.22715	0.08282	0.01910	0.00976	0.00301	0.00597	0.11854	0.00772	0.00861
4	0.01213	0.00824	0.00983	0.01039	0.01068	0.00815	0.00651	0.01279	0.01382	0.01836	0.03240	0.18094	0.03750	0.50706	0.03409	0.00692	0.00758	0.07093	0.00594	0.00575
5	0.01074	0.00833	0.00979	0.01010	0.01209	0.00737	0.00732	0.01328	0.02000	0.02603	0.24471	0.23767	0.31879	0.02164	0.01026	0.00297	0.00439	0.01882	0.00835	0.00737
6	0.12015	0.02829	0.02515	0.02222	0.04689	0.28693	0.05046	0.10353	0.02181	0.02774	0.01376	0.01723	0.01144	0.01021	0.01259	0.00272	0.17712	0.00646	0.00485	0.01045
7	0.02097	0.02049	0.03607	0.05064	0.58907	0.02035	0.08366	0.02623	0.01945	0.02775	0.01613	0.02125	0.01342	0.00754	0.00858	0.00256	0.01052	0.00782	0.00422	0.01328
8	0.01269	0.00860	0.01197	0.01365	0.01480	0.00842	0.01073	0.01462	0.01717	0.02257	0.04125	0.29763	0.04653	0.02551	0.01460	0.11394	0.00675	0.30442	0.00725	0.00690
9	0.02801	0.31921	0.03269	0.01884	0.02444	0.40168	0.01566	0.03042	0.02126	0.02049	0.01260	0.01464	0.01094	0.00815	0.00675	0.00204	0.01273	0.00509	0.00407	0.01031
10	0.01157	0.00898	0.01233	0.01555	0.07445	0.00843	0.00983	0.01365	0.01726	0.02274	0.04957	0.50186	0.13823	0.02385	0.01056	0.00331	0.00553	0.05712	0.00754	0.00765
11	0.01529	0.01108	0.01313	0.01219	0.01514	0.01100	0.00926	0.02324	0.15630	0.07090	0.35589	0.09300	0.14636	0.01682	0.00969	0.00279	0.00491	0.01458	0.00899	0.00944
12	0.01037	0.00741	0.00987	0.01185	0.01234	0.00691	0.00790	0.01185	0.01629	0.02172	0.04690	0.69537	0.05629	0.02666	0.01086	0.00346	0.00494	0.02419	0.00790	0.00691
13	0.01204	0.00870	0.01138	0.01071	0.01271	0.00803	0.00803	0.01606	0.02409	0.03413	0.64335	0.06357	0.08030	0.01740	0.01004	0.00268	0.00401	0.01539	0.00937	0.00803
14	0.02045	0.02882	0.21410	0.03110	0.04062	0.02151	0.39792	0.08486	0.02145	0.02974	0.01700	0.02134	0.01248	0.00772	0.00936	0.00279	0.01338	0.00878	0.00452	0.01207
15	0.01101	0.00866	0.00994	0.00962	0.01208	0.00759	0.00722	0.01406	0.02165	0.02833	0.35333	0.07311	0.37393	0.01956	0.01005	0.00278	0.00417	0.01673	0.00861	0.00759
16	0.01066	0.00753	0.00979	0.01147	0.01189	0.00711	0.00750	0.01193	0.01572	0.02096	0.04395	0.60120	0.05255	0.12592	0.01564	0.00416	0.00543	0.02245	0.00750	0.00665
17	0.02106	0.02022	0.03454	0.05223	0.64784	0.02022	0.02612	0.02612	0.01938	0.02780	0.01601	0.02106	0.01348	0.00758	0.00842	0.00253	0.01011	0.00758	0.00421	0.01348
18	0.01939	0.02008	0.03416	0.03058	0.12070	0.02392	0.18938	0.02323	0.01597	0.02348	0.01360	0.02021	0.01200	0.01163	0.01999	0.00331	0.39568	0.00820	0.00396	0.01054
19	0.01707	0.04402	0.65683	0.02426	0.03683	0.01976	0.03144	0.02695	0.01797	0.02695	0.01527	0.01797	0.01078	0.00809	0.00809	0.00270	0.01258	0.00629	0.00359	0.01258
20	0.01478	0.00739	0.01109	0.01109	0.01109	0.00739	0.00739	0.01109	0.01109	0.01478	0.01478	0.02587	0.01478	0.02956	0.03326	0.75240	0.00739	0.00739	0.00370	0.00370
21	0.01765	0.01513	0.01765	0.01260	0.02017	0.01134	0.01008	0.02143	0.01765	0.02773	0.01513	0.01765	0.01260	0.00630	0.00630	0.00126	0.00630	0.00504	0.00504	0.75295
22	0.01979	0.02126	0.04050	0.03217	0.08029	0.02271	0.37043	0.02618	0.05056	0.02579	0.01632	0.02204	0.01315	0.00965	0.01499	0.00309	0.20649	0.00910	0.00436	0.01110
23	0.03182	0.03977	0.02418	0.02181	0.02631	0.63638	0.01643	0.06175	0.02487	0.02238	0.01350	0.01559	0.01113	0.00884	0.00771	0.00221	0.01506	0.00558	0.00458	0.01008
24	0.01478	0.00739	0.01109	0.01109	0.01109	0.00739	0.00739	0.01109	0.01109	0.01478	0.01478	0.02587	0.01478	0.02956	0.03326	0.75240	0.00739	0.00739	0.00370	0.00370
25	0.01816	0.01559	0.01788	0.01330	0.02046	0.01279	0.01058	0.02493	0.10815	0.02889	0.01800	0.01972	0.01457	0.00707	0.00665	0.00150	0.00637	0.00572	0.00557	0.64409
26	0.03091	0.02390	0.02468	0.01940	0.02585	0.05509	0.01584	0.51980	0.11440	0.04984	0.02190	0.02163	0.01577	0.01032	0.00849	0.00258	0.00931	0.00781	0.00834	0.01413
27	0.01238	0.00825	0.00928	0.00928	0.00928	0.00825	0.00516	0.01238	0.01238	0.01650	0.02681	0.05569	0.03094	0.70092	0.04331	0.00825	0.00825	0.01238	0.00516	0.00516
28	0.01046	0.00864	0.00918	0.00905	0.01174	0.00736	0.00678	0.01300	0.02035	0.02526	0.19986	0.07816	0.52932	0.02070	0.01005	0.00283	0.00425	0.01744	0.00820	0.00736
29	0.14092	0.01878	0.02019	0.01706	0.02186	0.02162	0.01374	0.14254	0.27592	0.03640	0.02310	0.02355	0.01775	0.01073	0.01071	0.00276	0.10705	0.00771	0.00703	0.08058
30	0.02275	0.70604	0.04459	0.01456	0.02184	0.03367	0.01456	0.02548	0.01729	0.02002	0.01183	0.01365	0.01092	0.00728	0.00546	0.00182	0.00910	0.00455	0.00364	0.01092
31	0.01037	0.00818	0.00935	0.01001	0.01192	0.00717	0.00714	0.01245	0.01872	0.02361	0.12607	0.30487	0.37398	0.02302	0.01035	0.00307	0.00451	0.01999	0.00804	0.00717
32	0.01319	0.00847	0.01034	0.00988	0.01188	0.00800	0.00741	0.01719	0.02222	0.03341	0.45897	0.05403	0.06278	0.01516	0.00881	0.00247	0.00400	0.01316	0.23065	0.00800
33	0.25825	0.02230	0.02052	0.01755	0.02288	0.12908	0.05068	0.09566	0.23498	0.03530	0.02126	0.02160	0.01614	0.00951	0.00749	0.00265	0.00888	0.00716	0.00658	0.01150
34	0.03188	0.02161	0.02375	0.01834	0.02470	0.02340	0.01500	0.50439	0.03619	0.13132	0.02258	0.02378	0.01638	0.05350	0.01070	0.00292	0.00901	0.00808	0.00857	0.01389
35	0.03321	0.02246	0.02469	0.01893	0.02570	0.02435	0.01564	0.53438	0.03771	0.14197	0.02237	0.02169	0.01544	0.01026	0.00852	0.00257	0.00905	0.00779	0.00881	0.01447
36	0.01874	0.01856	0.03418	0.10315	0.33717	0.01848	0.17960	0.02389	0.01888	0.02617	0.02079	0.12098	0.01942	0.01037	0.00922	0.00278	0.01059	0.01068	0.00474	0.01159

[dist]
# distance from previous block
# <min> <max>
0	4

[block]
# block no. 2 follows, 21 sequences, length 49
# corresponding to MSA columns:
# 254-277,281-305
name=unknown_C
#
# <colnr> <probs for GDERKNQSTAVLIFYWHMCP>
#	G	D	E	R	K	N	Q	S	T	A	V	L	I	F	Y	W	H	M	C	P
0	0.02011	0.02498	0.18287	0.02154	0.06985	0.02074	0.01894	0.03922	0.43271	0.03285	0.02839	0.02749	0.02122	0.01038	0.00850	0.00281	0.00846	0.00863	0.00706	0.01324
1	0.03235	0.02384	0.02554	0.01958	0.02639	0.02639	0.01618	0.61946	0.04001	0.05363	0.02043	0.02043	0.01447	0.01022	0.00851	0.00255	0.00936	0.00766	0.00851	0.01447
2	0.01707	0.04402	0.65683	0.02426	0.03683	0.01976	0.03144	0.02695	0.01797	0.02695	0.01527	0.01797	0.01078	0.00809	0.00809	0.00270	0.01258	0.00629	0.00359	0.01258
3	0.01670	0.01247	0.01431	0.01257	0.01592	0.01247	0.00976	0.16884	0.02672	0.03603	0.33225	0.08913	0.18534	0.01695	0.00970	0.00273	0.00549	0.01443	0.00875	0.00943
4	0.01194	0.00946	0.01400	0.18245	0.02433	0.01007	0.01212	0.01458	0.01659	0.02186	0.03874	0.50257	0.04457	0.02192	0.01029	0.00331	0.00667	0.04008	0.00685	0.00759
5	0.01586	0.00793	0.00793	0.00793	0.00991	0.00793	0.00595	0.01983	0.01785	0.03173	0.02776	0.03173	0.02181	0.00991	0.00595	0.00198	0.00397	0.00793	0.74817	0.00793
6	0.01681	0.03665	0.49588	0.19156	0.04239	0.01955	0.02945	0.02562	0.01772	0.02562	0.01523	0.01917	0.01092	0.00819	0.00819	0.00273	0.01226	0.00661	0.00364	0.01178
7	0.03179	0.04056	0.02412	0.02192	0.02631	0.66676	0.01644	0.03398	0.02412	0.02083	0.01315	0.01535	0.01096	0.00877	0.00767	0.00219	0.01535	0.00548	0.00438	0.00987
8	0.03193	0.03630	0.02448	0.02133	0.02633	0.50350	0.01637	0.18325	0.02817	0.02919	0.01501	0.01664	0.01186	0.00914	0.00789	0.00228	0.01382	0.00604	0.00544	0.01104
9	0.01269	0.00943	0.01228	0.01359	0.01578	0.00903	0.01154	0.01616	0.01980	0.02533	0.09000	0.09053	0.20258	0.02266	0.01122	0.00358	0.00672	0.41145	0.00794	0.00768
10	0.01621	0.01435	0.02164	0.05761	0.05504	0.01533	0.11198	0.02350	0.14688	0.02449	0.02849	0.16200	0.02845	0.18932	0.01938	0.00439	0.05278	0.01283	0.00607	0.00926
11	0.01006	0.00862	0.00862	0.00862	0.01149	0.00718	0.00647	0.01221	0.01940	0.02299	0.08621	0.08190	0.64438	0.02155	0.01006	0.00287	0.00431	0.01796	0.00790	0.00718
12	0.01037	0.00741	0.00987	0.01185	0.01234	0.00691	0.00790	0.01185	0.01629	0.02172	0.04690	0.69537	0.05629	0.02666	0.01086	0.00346	0.00494	0.02419	0.00790	0.00691
13	0.02074	0.01989	0.03395	0.09324	0.60937	0.02013	0.02596	0.02583	0.01922	0.02741	0.01595	0.02117	0.01334	0.00764	0.00843	0.00255	0.01019	0.00758	0.00418	0.01322
14	0.01029	0.00772	0.00955	0.01103	0.01213	0.00698	0.00753	0.01194	0.01708	0.02205	0.05693	0.53896	0.20622	0.02536	0.01066	0.00331	0.00478	0.02260	0.00790	0.00698
15	0.01080	0.00774	0.01026	0.01156	0.01244	0.00720	0.00793	0.01292	0.01828	0.02489	0.19897	0.53429	0.06241	0.02430	0.01065	0.00326	0.00470	0.02195	0.00827	0.00720
16	0.02717	0.01998	0.02193	0.01732	0.02290	0.02171	0.01410	0.46562	0.03595	0.04866	0.17924	0.03143	0.03125	0.01205	0.00890	0.00259	0.00800	0.00963	0.00873	0.01283
17	0.01707	0.04402	0.65683	0.02426	0.03683	0.01976	0.03144	0.02695	0.01797	0.02695	0.01527	0.01797	0.01078	0.00809	0.00809	0.00270	0.01258	0.00629	0.00359	0.01258
18	0.01852	0.21280	0.50074	0.02178	0.03301	0.02331	0.02714	0.02658	0.01779	0.02518	0.01439	0.01687	0.01082	0.00788	0.00742	0.00247	0.01169	0.00585	0.00361	0.01215
19	0.01150	0.00868	0.01062	0.01013	0.01238	0.00780	0.00760	0.01500	0.02280	0.03106	0.48997	0.06861	0.23558	0.01854	0.01004	0.00273	0.00410	0.01610	0.00896	0.00780
20	0.01238	0.00825	0.00928	0.00928	0.00928	0.00825	0.00516	0.01238	0.01238	0.01650	0.02681	0.05569	0.03094	0.70092	0.04331	0.00825	0.00825	0.01238	0.00516	0.00516
21	0.02207	0.53189	0.04603	0.01999	0.02761	0.03057	0.16814	0.02594	0.01800	0.02187	0.01320	0.01602	0.01143	0.00725	0.00663	0.00209	0.01044	0.00595	0.00381	0.01106
22	0.01238	0.00825	0.00928	0.00928	0.00928	0.00825	0.00516	0.01238	0.01238	0.01650	0.02681	0.05569	0.03094	0.70092	0.04331	0.00825	0.00825	0.01238	0.00516	0.00516
23	0.03235	0.02384	0.02554	0.01958	0.02639	0.02639	0.01618	0.61946	0.04001	0.05363	0.02043	0.02043	0.01447	0.01022	0.00851	0.00255	0.00936	0.00766	0.00851	0.01447
24	0.02061	0.19417	0.03551	0.15359	0.38416	0.02342	0.02273	0.02518	0.01843	0.02475	0.01479	0.01946	0.01245	0.00767	0.00768	0.00240	0.01007	0.00681	0.00399	0.01212
25	0.02235	0.53070	0.03813	0.01526	0.02192	0.03048	0.01428	0.03051	0.17413	0.02399	0.01765	0.01827	0.01476	0.00837	0.00628	0.00209	0.00850	0.00584	0.00492	0.01157
26	0.02154	0.02121	0.04033	0.02979	0.03729	0.02084	0.42362	0.03277	0.17649	0.07028	0.02273	0.02559	0.01678	0.00851	0.00959	0.00286	0.01194	0.00984	0.00582	0.01218
27	0.01215	0.00868	0.01192	0.01389	0.01516	0.00845	0.01100	0.01493	0.01805	0.02372	0.04592	0.37620	0.05239	0.02498	0.01134	0.00370	0.00648	0.32578	0.00787	0.00740
28	0.01910	0.01619	0.01742	0.01580	0.02003	0.01828	0.01222	0.03872	0.49997	0.03482	0.14426	0.03942	0.06082	0.01299	0.00896	0.00285	0.00616	0.01098	0.00875	0.01225
29	0.02236	0.03011	0.27890	0.02070	0.02917	0.02193	0.02143	0.18423	0.23271	0.03670	0.02318	0.02329	0.01689	0.00981	0.00839	0.00272	0.00977	0.00777	0.00657	0.01336
30	0.02115	0.06031	0.14379	0.03357	0.15522	0.02100	0.30100	0.02886	0.05500	0.06831	0.01845	0.02218	0.01385	0.00788	0.00899	0.00271	0.01207	0.00854	0.00479	0.01233
31	0.01885	0.01717	0.02810	0.04128	0.48504	0.01717	0.02077	0.02261	0.01759	0.02492	0.01876	0.02989	0.01793	0.18435	0.01732	0.00399	0.00964	0.00880	0.00445	0.01136
32	0.02067	0.01643	0.01783	0.01539	0.01986	0.01792	0.01212	0.18123	0.27380	0.03833	0.16972	0.04195	0.11084	0.01371	0.00909	0.00275	0.00652	0.01140	0.00868	0.01177
33	0.02361	0.02081	0.03166	0.08492	0.45094	0.02171	0.02342	0.17711	0.02448	0.03399	0.01708	0.02101	0.01359	0.00831	0.00845	0.00255	0.01000	0.00760	0.00528	0.01347
34	0.06755	0.01875	0.02824	0.10264	0.06047	0.02002	0.16876	0.06397	0.24331	0.07555	0.02517	0.04699	0.01930	0.01000	0.00883	0.00283	0.00949	0.00936	0.00665	0.01213
35	0.01091	0.00816	0.01027	0.01173	0.01311	0.00752	0.00861	0.01301	0.01770	0.02274	0.05658	0.42791	0.20487	0.02477	0.01082	0.00339	0.00531	0.12754	0.00789	0.00715
36	0.02081	0.02092	0.03854	0.04806	0.49401	0.02055	0.17675	0.02641	0.01956	0.02766	0.01632	0.02155	0.01334	0.00748	0.00884	0.00261	0.01119	0.00821	0.00424	0.01297
37	0.01811	0.03746	0.49428	0.02249	0.03308	0.02012	0.02686	0.03161	0.17463	0.02916	0.02021	0.02148	0.01465	0.00897	0.00823	0.00274	0.01109	0.00714	0.00488	0.01280
38	0.03384	0.02145	0.02406	0.01845	0.02520	0.02285	0.01524	0.47210	0.03602	0.20663	0.02378	0.02261	0.01615	0.01030	0.00852	0.00257	0.00882	0.00789	0.00903	0.01448
39	0.01037	0.00741	0.00987	0.01185	0.01234	0.00691	0.00790	0.01185	0.01629	0.02172	0.04690	0.69537	0.05629	0.02666	0.01086	0.00346	0.00494	0.02419	0.00790	0.00691
40	0.02838	0.03436	0.02828	0.03045	0.18581	0.46477	0.05349	0.03159	0.02268	0.02298	0.01412	0.01724	0.01172	0.00837	0.00800	0.00232	0.01395	0.00628	0.00434	0.01088
41	0.11365	0.02505	0.02340	0.02028	0.02300	0.22073	0.01631	0.05404	0.01858	0.06557	0.01375	0.01780	0.01167	0.01168	0.01684	0.00300	0.32324	0.00659	0.00478	0.01004
42	0.01852	0.21280	0.50074	0.02178	0.03301	0.02331	0.02714	0.02658	0.01779	0.02518	0.01439	0.01687	0.01082	0.00788	0.00742	0.00247	0.01169	0.00585	0.00361	0.01215
43	0.01272	0.00864	0.01041	0.01091	0.01141	0.00864	0.00734	0.01372	0.01422	0.01879	0.03147	0.06597	0.03554	0.52822	0.03527	0.00715	0.00814	0.15978	0.00584	0.00584
44	0.02100	0.01335	0.01567	0.01414	0.01797	0.01354	0.01085	0.08080	0.17715	0.16231	0.08535	0.20770	0.11085	0.01670	0.00945	0.00293	0.00613	0.01436	0.00881	0.01095
45	0.02114	0.02734	0.20100	0.03183	0.07506	0.02012	0.37473	0.02850	0.01992	0.08827	0.01825	0.02216	0.01320	0.00776	0.00931	0.00278	0.01296	0.00880	0.00472	0.01217
46	0.01065	0.00864	0.00944	0.00924	0.01186	0.00744	0.00693	0.01336	0.02079	0.02630	0.25165	0.07646	0.47688	0.02032	0.01005	0.00282	0.00422	0.01720	0.00834	0.00744
47	0.01228	0.00863	0.01119	0.01119	0.01186	0.00929	0.00754	0.01360	0.01294	0.01792	0.02506	0.04600	0.02673	0.42364	0.31485	0.01061	0.01458	0.01096	0.00490	0.00622
48	0.02240	0.02706	0.07213	0.12040	0.11385	0.18562	0.25020	0.02776	0.02017	0.02461	0.01536	0.02026	0.01207	0.00822	0.00974	0.00268	0.04439	0.00791	0.00418	0.01100

[dist]
# distance from previous block
# <min> <max>
0	38

[block]
# block no. 3 follows, 21 sequences, length 44
# corresponding to MSA columns:
# 344-387
name=unknown_D
#
# <colnr> <probs for GDERKNQSTAVLIFYWHMCP>
#	G	D	E	R	K	N	Q	S	T	A	V	L	I	F	Y	W	H	M	C	P
0	0.01037	0.00741	0.00987	0.01185	0.01234	0.00691	0.00790	0.01185	0.01629	0.02172	0.04690	0.69537	0.05629	0.02666	0.01086	0.00346	0.00494	0.02419	0.00790	0.00691
1	0.01547	0.00789	0.00807	0.00822	0.01009	0.00786	0.00609	0.01925	0.01773	0.03100	0.02915	0.07979	0.02431	0.01113	0.00630	0.00209	0.00404	0.00911	0.69455	0.00786
2	0.01951	0.06809	0.40986	0.02244	0.03242	0.02132	0.05330	0.07389	0.15705	0.03049	0.01990	0.02125	0.01455	0.00893	0.00821	0.00269	0.01095	0.00723	0.00512	0.01278
3	0.01410	0.01154	0.01844	0.01523	0.01715	0.01122	0.14196	0.01570	0.01410	0.01891	0.02467	0.04837	0.02691	0.54578	0.03587	0.00705	0.00961	0.01185	0.00497	0.00657
4	0.01181	0.00869	0.01105	0.01046	0.01257	0.00793	0.00785	0.01561	0.02354	0.03283	0.57851	0.06570	0.14594	0.01788	0.01004	0.00270	0.00405	0.01569	0.00920	0.00793
5	0.01037	0.00741	0.00987	0.01185	0.01234	0.00691	0.00790	0.01185	0.01629	0.02172	0.04690	0.69537	0.05629	0.02666	0.01086	0.00346	0.00494	0.02419	0.00790	0.00691
6	0.08626	0.15074	0.13543	0.01728	0.02347	0.15713	0.01620	0.09738	0.02288	0.03021	0.15498	0.02677	0.02670	0.01041	0.00777	0.00240	0.00971	0.00786	0.00580	0.01063
7	0.02467	0.02461	0.02828	0.08101	0.27172	0.19661	0.02081	0.02828	0.01981	0.07829	0.01583	0.01988	0.01289	0.00951	0.01167	0.00268	0.13013	0.00707	0.00469	0.01156
8	0.02985	0.02259	0.02413	0.01907	0.02544	0.02522	0.01557	0.49105	0.17250	0.04960	0.02361	0.02296	0.01705	0.01051	0.00855	0.00263	0.00878	0.00810	0.00855	0.01425
9	0.02200	0.02141	0.03615	0.02726	0.03430	0.02200	0.32803	0.10731	0.23989	0.03350	0.02380	0.02576	0.01774	0.00910	0.00936	0.00284	0.01103	0.00960	0.00637	0.01256
10	0.01589	0.01468	0.02181	0.23953	0.03184	0.01870	0.01741	0.01949	0.01700	0.02402	0.15561	0.06304	0.02889	0.01389	0.01659	0.00318	0.27417	0.01008	0.00521	0.00895
11	0.01379	0.01110	0.01325	0.01111	0.01535	0.00911	0.00854	0.01729	0.02051	0.02928	0.28340	0.07250	0.15162	0.01421	0.00864	0.00220	0.00498	0.01219	0.00740	0.29354
12	0.02589	0.01963	0.02293	0.01944	0.07744	0.01925	0.01446	0.30431	0.02866	0.07125	0.01862	0.01982	0.01398	0.00847	0.00764	0.00205	0.00812	0.00667	0.00688	0.30450
13	0.01037	0.00741	0.00987	0.01185	0.01234	0.00691	0.00790	0.01185	0.01629	0.02172	0.04690	0.69537	0.05629	0.02666	0.01086	0.00346	0.00494	0.02419	0.00790	0.00691
14	0.01032	0.00760	0.00968	0.01134	0.01221	0.00696	0.00767	0.01191	0.01679	0.02193	0.05315	0.59790	0.14972	0.02585	0.01073	0.00336	0.00484	0.02320	0.00790	0.00696
15	0.01843	0.07623	0.02830	0.11241	0.13210	0.01886	0.12047	0.04791	0.13098	0.02725	0.02621	0.17368	0.02477	0.01269	0.00905	0.00284	0.00912	0.01183	0.00592	0.01095
16	0.01781	0.16553	0.01905	0.01145	0.01571	0.01414	0.00959	0.02069	0.02077	0.12504	0.18637	0.05411	0.27697	0.01568	0.00879	0.00256	0.00578	0.01289	0.00770	0.00937
17	0.02117	0.01828	0.01924	0.01732	0.02213	0.02117	0.01347	0.04522	0.63246	0.03560	0.03464	0.03175	0.02598	0.01155	0.00866	0.00289	0.00673	0.00962	0.00866	0.01347
18	0.01030	0.00768	0.00959	0.01113	0.01215	0.00697	0.00758	0.01193	0.01699	0.02201	0.05569	0.55818	0.18780	0.02552	0.01068	0.00333	0.00480	0.02280	0.00790	0.00697
19	0.08479	0.17502	0.04495	0.02975	0.06564	0.02397	0.40163	0.02661	0.01894	0.02661	0.01549	0.02000	0.01217	0.00728	0.00853	0.00260	0.01230	0.00823	0.00423	0.01125
20	0.01868	0.01612	0.01687	0.01537	0.01975	0.01804	0.01190	0.03784	0.49537	0.03278	0.04617	0.04297	0.16427	0.01378	0.00897	0.00288	0.00619	0.01149	0.00849	0.01206
21	0.01030	0.00768	0.00959	0.01113	0.01215	0.00697	0.00758	0.01193	0.01699	0.02201	0.05569	0.55818	0.18780	0.02552	0.01068	0.00333	0.00480	0.02280	0.00790	0.00697
22	0.01546	0.01486	0.02749	0.17200	0.08718	0.01508	0.19392	0.01987	0.01785	0.02390	0.02831	0.28689	0.02965	0.01516	0.00988	0.00306	0.00961	0.01483	0.00559	0.00940
23	0.01671	0.01334	0.02153	0.47343	0.04508	0.01567	0.01915	0.02124	0.01749	0.07638	0.02383	0.17366	0.02223	0.01274	0.00904	0.00296	0.00956	0.01137	0.00529	0.00932
24	0.01186	0.00833	0.00913	0.00913	0.00978	0.00801	0.00545	0.01234	0.01395	0.01795	0.04010	0.06155	0.16812	0.54900	0.03588	0.00705	0.00737	0.01362	0.00577	0.00561
25	0.01030	0.00768	0.00959	0.01113	0.01215	0.00697	0.00758	0.01193	0.01699	0.02201	0.05569	0.55818	0.18780	0.02552	0.01068	0.00333	0.00480	0.02280	0.00790	0.00697
26	0.02650	0.02138	0.02568	0.02621	0.16410	0.02346	0.01759	0.31618	0.21140	0.04250	0.02366	0.02394	0.01767	0.01002	0.00854	0.00265	0.00875	0.00823	0.00759	0.01395
27	0.01419	0.00778	0.01167	0.01167	0.01201	0.00812	0.00812	0.01201	0.01167	0.01589	0.01657	0.02756	0.01623	0.03723	0.17502	0.58720	0.01084	0.00778	0.00389	0.00457
28	0.01013	0.00835	0.00890	0.00934	0.01168	0.00712	0.00679	0.01213	0.01870	0.02271	0.07742	0.21909	0.51287	0.02269	0.01024	0.00300	0.00445	0.01935	0.00790	0.00712
29	0.01765	0.01513	0.01765	0.01260	0.02017	0.01134	0.01008	0.02143	0.01765	0.02773	0.01513	0.01765	0.01260	0.00630	0.00630	0.00126	0.00630	0.00504	0.00504	0.75295
30	0.01337	0.16374	0.01757	0.01215	0.01411	0.01305	0.00907	0.01496	0.01606	0.02073	0.03670	0.46775	0.04316	0.10156	0.01347	0.00365	0.00626	0.01841	0.00662	0.00760
31	0.59466	0.02262	0.15659	0.01411	0.02101	0.01924	0.01419	0.02545	0.01526	0.03567	0.01261	0.01475	0.00957	0.00794	0.00590	0.00265	0.00792	0.00498	0.00489	0.00997
32	0.01313	0.00830	0.00958	0.00958	0.01023	0.00850	0.00608	0.01443	0.01378	0.02035	0.02648	0.04729	0.02758	0.45944	0.12011	0.00759	0.00928	0.01094	0.17123	0.00611
33	0.01085	0.00855	0.00979	0.00970	0.01204	0.00749	0.00719	0.01366	0.02094	0.02717	0.29759	0.12787	0.37608	0.02039	0.01012	0.00285	0.00425	0.01751	0.00847	0.00749
34	0.01238	0.00825	0.00928	0.00928	0.00928	0.00825	0.00516	0.01238	0.01238	0.01650	0.02681	0.05569	0.03094	0.70092	0.04331	0.00825	0.00825	0.01238	0.00516	0.00516
35	0.02116	0.03477	0.37938	0.02582	0.03621	0.02164	0.15956	0.15952	0.02337	0.03299	0.01686	0.01964	0.01208	0.00836	0.00862	0.00270	0.01226	0.00744	0.00485	0.01275
36	0.01915	0.01623	0.01800	0.01650	0.02058	0.01881	0.01284	0.03851	0.49409	0.03206	0.03199	0.03213	0.02493	0.02324	0.15593	0.00530	0.01033	0.00951	0.00774	0.01216
37	0.02404	0.14815	0.16930	0.01987	0.02745	0.14507	0.04480	0.14438	0.05362	0.03060	0.04014	0.01980	0.01520	0.00882	0.00767	0.00231	0.01079	0.00667	0.00534	0.07598
38	0.01037	0.00741	0.00987	0.01185	0.01234	0.00691	0.00790	0.01185	0.01629	0.02172	0.04690	0.69537	0.05629	0.02666	0.01086	0.00346	0.00494	0.02419	0.00790	0.00691
39	0.01102	0.00866	0.00995	0.00963	0.01208	0.00759	0.00722	0.01408	0.02167	0.02838	0.35598	0.07302	0.37125	0.01954	0.01005	0.00278	0.00417	0.01672	0.00861	0.00759
40	0.02114	0.26674	0.17743	0.02787	0.13856	0.02542	0.14466	0.05600	0.01951	0.02607	0.01485	0.01814	0.01192	0.00763	0.00765	0.00239	0.01113	0.00675	0.00411	0.01202
41	0.01623	0.01311	0.01452	0.01327	0.01674	0.01376	0.01019	0.06904	0.23833	0.03317	0.24000	0.07720	0.17806	0.01607	0.00948	0.00281	0.00546	0.01369	0.00868	0.01019
42	0.01037	0.00741	0.00987	0.01185	0.01234	0.00691	0.00790	0.01185	0.01629	0.02172	0.04690	0.69537	0.05629	0.02666	0.01086	0.00346	0.00494	0.02419	0.00790	0.00691
43	0.01127	0.00828	0.01057	0.01081	0.01245	0.00757	0.00780	0.01426	0.02106	0.02885	0.38720	0.26487	0.14181	0.02083	0.01030	0.00295	0.00434	0.01848	0.00873	0.00757

[dist]
# distance from previous block
# <min> <max>
0	1

[block]
# block no. 4 follows, 21 sequences, length 24
# corresponding to MSA columns:
# 398-421
name=unknown_E
#
# <colnr> <probs for GDERKNQSTAVLIFYWHMCP>
#	G	D	E	R	K	N	Q	S	T	A	V	L	I	F	Y	W	H	M	C	P
0	0.02073	0.01971	0.03270	0.09258	0.55727	0.02021	0.02493	0.02735	0.06831	0.02801	0.01744	0.02203	0.01433	0.00796	0.00845	0.00258	0.00992	0.00774	0.00454	0.01320
1	0.01238	0.00825	0.00928	0.00928	0.00928	0.00825	0.00516	0.01238	0.01238	0.01650	0.02681	0.05569	0.03094	0.70092	0.04331	0.00825	0.00825	0.01238	0.00516	0.00516
2	0.01124	0.00800	0.00939	0.01013	0.01079	0.00757	0.00640	0.01215	0.01501	0.01953	0.04419	0.29910	0.14228	0.33613	0.02566	0.00557	0.00636	0.01772	0.00664	0.00615
3	0.11566	0.01502	0.01746	0.01397	0.02001	0.01406	0.01127	0.03353	0.12233	0.29390	0.03144	0.02945	0.06857	0.01037	0.00782	0.00240	0.00664	0.00827	0.00821	0.16960
4	0.01860	0.06881	0.09423	0.01574	0.02058	0.01670	0.01376	0.03074	0.26422	0.07330	0.13780	0.14427	0.03713	0.01427	0.00895	0.00283	0.00687	0.01219	0.00781	0.01121
5	0.06808	0.13511	0.02869	0.01854	0.02555	0.09674	0.10725	0.09234	0.02149	0.07204	0.01633	0.01840	0.01276	0.00771	0.00725	0.00204	0.00952	0.00630	0.00539	0.24847
6	0.02248	0.01375	0.01851	0.01496	0.02014	0.01255	0.05232	0.02891	0.10069	0.21780	0.17856	0.04094	0.07502	0.01251	0.00885	0.00252	0.00657	0.02997	0.00841	0.13454
7	0.01303	0.00900	0.01002	0.00988	0.01024	0.00921	0.00578	0.01482	0.05852	0.01792	0.02740	0.05391	0.03057	0.64962	0.04074	0.00785	0.00814	0.01217	0.00542	0.00578
8	0.01607	0.01513	0.02552	0.68047	0.05861	0.01891	0.02363	0.02174	0.01702	0.02174	0.01513	0.02269	0.01134	0.00851	0.00851	0.00284	0.01134	0.00756	0.00378	0.00945
9	0.02844	0.03431	0.02229	0.02026	0.02453	0.50681	0.01528	0.03441	0.12514	0.02435	0.06718	0.02193	0.01901	0.00992	0.00803	0.00235	0.01301	0.00696	0.00549	0.01032
