[name]
unknown

[dist]
# distance from previous block
# <min> <max>
0	34

[block]
# block no. 0 follows, 18 sequences, length 49
# corresponding to MSA columns:
# 44-92
name=unknown_A
#
# <colnr> <probs for GDERKNQSTAVLIFYWHMCP>
#	G	D	E	R	K	N	Q	S	T	A	V	L	I	F	Y	W	H	M	C	P
0	0.01289	0.00911	0.01213	0.01393	0.01498	0.00886	0.01045	0.01524	0.01829	0.02411	0.04654	0.36233	0.05356	0.12652	0.01743	0.00471	0.00706	0.22627	0.00805	0.00755
1	0.74217	0.01776	0.01350	0.01207	0.01776	0.02060	0.00994	0.02699	0.01563	0.04120	0.01278	0.01492	0.00994	0.00852	0.00568	0.00284	0.00710	0.00497	0.00568	0.00994
2	0.02273	0.02182	0.03727	0.05636	0.62003	0.02182	0.02818	0.02818	0.02091	0.03000	0.01727	0.02273	0.01454	0.00818	0.00909	0.00273	0.01091	0.00818	0.00455	0.01454
3	0.01824	0.03887	0.46465	0.08306	0.09456	0.02014	0.03035	0.02744	0.02004	0.02937	0.07069	0.02460	0.01874	0.00962	0.00899	0.00290	0.01236	0.00793	0.00452	0.01292
4	0.02056	0.02298	0.04955	0.03594	0.04430	0.02154	0.52515	0.02764	0.02124	0.02878	0.02199	0.09359	0.01891	0.00998	0.01093	0.00316	0.01440	0.01246	0.00506	0.01186
5	0.02022	0.01926	0.03275	0.33475	0.36121	0.02116	0.02693	0.02599	0.01972	0.02696	0.01683	0.02354	0.01347	0.00865	0.00913	0.00288	0.01153	0.00817	0.00433	0.01252
6	0.02341	0.02170	0.03549	0.10570	0.51487	0.02232	0.02692	0.08106	0.02280	0.03207	0.01764	0.02281	0.01444	0.00854	0.00911	0.00276	0.01095	0.00819	0.00494	0.01426
7	0.54446	0.02341	0.12755	0.01574	0.02235	0.02141	0.01525	0.02693	0.01617	0.03725	0.01339	0.01620	0.01044	0.00924	0.00845	0.00296	0.06738	0.00558	0.00520	0.01062
8	0.01663	0.01710	0.08389	0.01986	0.02262	0.01651	0.01828	0.02093	0.01902	0.02618	0.03520	0.07179	0.03731	0.02105	0.01703	0.00403	0.18726	0.34913	0.00675	0.00943
9	0.02526	0.01905	0.02996	0.26225	0.25621	0.02038	0.02355	0.08026	0.02298	0.13926	0.02083	0.02486	0.01531	0.00938	0.00916	0.00287	0.01075	0.00837	0.00604	0.01327
10	0.74217	0.01776	0.01350	0.01207	0.01776	0.02060	0.00994	0.02699	0.01563	0.04120	0.01278	0.01492	0.00994	0.00852	0.00568	0.00284	0.00710	0.00497	0.00568	0.00994
11	0.02482	0.01640	0.01880	0.01645	0.02106	0.01711	0.01278	0.17194	0.14990	0.13984	0.04184	0.20960	0.08504	0.01732	0.01007	0.00314	0.00732	0.01474	0.00936	0.01246
12	0.02700	0.08046	0.13266	0.01700	0.02395	0.01637	0.01625	0.03349	0.06276	0.27059	0.18043	0.03745	0.03660	0.01255	0.00926	0.00280	0.00811	0.01038	0.00886	0.01303
13	0.04120	0.01563	0.02131	0.01634	0.02344	0.01350	0.01350	0.04475	0.02628	0.62639	0.03622	0.03125	0.02273	0.01136	0.00923	0.00284	0.00781	0.00923	0.01136	0.01563
14	0.03229	0.03580	0.02534	0.02224	0.02757	0.40697	0.01709	0.14638	0.13641	0.03231	0.02002	0.02091	0.01557	0.01032	0.00865	0.00258	0.01358	0.00720	0.00645	0.01233
15	0.01318	0.00958	0.01346	0.01346	0.01465	0.01077	0.00986	0.01556	0.01437	0.02036	0.02578	0.04264	0.02581	0.23520	0.47849	0.01316	0.02030	0.01080	0.00510	0.00748
16	0.01091	0.00907	0.00954	0.00990	0.01256	0.00770	0.00724	0.01311	0.02035	0.02457	0.08567	0.18930	0.52011	0.02421	0.01100	0.00321	0.00477	0.02054	0.00853	0.00770
17	0.22029	0.01959	0.01923	0.01704	0.02251	0.02260	0.01347	0.07890	0.40537	0.04047	0.02963	0.02815	0.02226	0.01129	0.00833	0.00302	0.00741	0.00876	0.00833	0.01335
18	0.01734	0.01632	0.02754	0.65524	0.06324	0.02040	0.02550	0.02346	0.01836	0.02346	0.01632	0.02448	0.01224	0.00918	0.00918	0.00306	0.01224	0.00816	0.00408	0.01020
19	0.03557	0.02464	0.02689	0.02062	0.02794	0.02688	0.01703	0.53145	0.04137	0.11838	0.02355	0.02302	0.01637	0.01106	0.00919	0.00276	0.00986	0.00837	0.00942	0.01562
20	0.02147	0.02346	0.04868	0.09769	0.15402	0.02271	0.43376	0.02865	0.02123	0.02898	0.01813	0.02437	0.01389	0.00795	0.01037	0.00303	0.01435	0.01011	0.00457	0.01258
21	0.03001	0.01338	0.01716	0.01413	0.01922	0.01226	0.01132	0.03535	0.06344	0.36277	0.14914	0.03935	0.03581	0.01277	0.00904	0.00274	0.00644	0.01064	0.14213	0.01289
22	0.01107	0.00845	0.01018	0.01155	0.01299	0.00756	0.00798	0.01292	0.01876	0.02392	0.06561	0.46506	0.25730	0.02682	0.01141	0.00351	0.00509	0.02372	0.00852	0.00756
23	0.02215	0.02123	0.03623	0.12010	0.56077	0.02167	0.02789	0.02768	0.02064	0.02930	0.01717	0.02291	0.01430	0.00829	0.00910	0.00276	0.01105	0.00818	0.00450	0.01408
24	0.01880	0.01733	0.02889	0.28897	0.28628	0.01892	0.02410	0.02406	0.01961	0.02656	0.02280	0.08817	0.02132	0.01202	0.00970	0.00309	0.01072	0.06198	0.00508	0.01160
25	0.01119	0.00799	0.01065	0.01278	0.01332	0.00746	0.00852	0.01278	0.01758	0.02344	0.05061	0.67132	0.06073	0.02877	0.01172	0.00373	0.00533	0.02610	0.00852	0.00746
26	0.02167	0.02477	0.05418	0.03870	0.04799	0.02322	0.58669	0.02941	0.02167	0.02941	0.01858	0.02477	0.01393	0.00774	0.01084	0.00310	0.01548	0.01084	0.00464	0.01238
27	0.01169	0.00933	0.01046	0.01018	0.01291	0.00811	0.00763	0.01479	0.02290	0.02949	0.29645	0.08066	0.40996	0.02151	0.01084	0.00302	0.00453	0.01830	0.00914	0.00811
28	0.02810	0.02234	0.02372	0.01975	0.02588	0.02530	0.01581	0.28449	0.35918	0.04689	0.03069	0.02893	0.02262	0.01183	0.00927	0.00296	0.00850	0.00946	0.00927	0.01500
29	0.01116	0.00812	0.01053	0.01245	0.01323	0.00749	0.00838	0.01282	0.01790	0.02357	0.05463	0.61596	0.11349	0.02824	0.01164	0.00367	0.00526	0.02546	0.00852	0.00749
30	0.02215	0.02123	0.03623	0.12010	0.56077	0.02167	0.02789	0.02768	0.02064	0.02930	0.01717	0.02291	0.01430	0.00829	0.00910	0.00276	0.01105	0.00818	0.00450	0.01408
31	0.02455	0.68284	0.04811	0.01571	0.02357	0.03633	0.01571	0.02749	0.01866	0.02160	0.01277	0.01473	0.01178	0.00786	0.00589	0.00196	0.00982	0.00491	0.00393	0.01178
32	0.01335	0.00890	0.01001	0.01001	0.01001	0.00890	0.00556	0.01335	0.01335	0.01780	0.02893	0.06009	0.03338	0.67731	0.04673	0.00890	0.00890	0.01335	0.00556	0.00556
33	0.01734	0.01632	0.02754	0.65524	0.06324	0.02040	0.02550	0.02346	0.01836	0.02346	0.01632	0.02448	0.01224	0.00918	0.00918	0.00306	0.01224	0.00816	0.00408	0.01020
34	0.01734	0.01632	0.02754	0.65524	0.06324	0.02040	0.02550	0.02346	0.01836	0.02346	0.01632	0.02448	0.01224	0.00918	0.00918	0.00306	0.01224	0.00816	0.00408	0.01020
35	0.01119	0.00799	0.01065	0.01278	0.01332	0.00746	0.00852	0.01278	0.01758	0.02344	0.05061	0.67132	0.06073	0.02877	0.01172	0.00373	0.00533	0.02610	0.00852	0.00746
36	0.01712	0.00856	0.00856	0.00856	0.01070	0.00856	0.00642	0.02139	0.01926	0.03423	0.02995	0.03423	0.02353	0.01070	0.00642	0.00214	0.00428	0.00856	0.72828	0.00856
37	0.01085	0.00930	0.00930	0.00930	0.01240	0.00775	0.00698	0.01318	0.02093	0.02480	0.09302	0.08837	0.61631	0.02325	0.01085	0.00310	0.00465	0.01938	0.00853	0.00775
38	0.01119	0.00799	0.01065	0.01278	0.01332	0.00746	0.00852	0.01278	0.01758	0.02344	0.05061	0.67132	0.06073	0.02877	0.01172	0.00373	0.00533	0.02610	0.00852	0.00746
39	0.02273	0.02182	0.03727	0.05636	0.62003	0.02182	0.02818	0.02818	0.02091	0.03000	0.01727	0.02273	0.01454	0.00818	0.00909	0.00273	0.01091	0.00818	0.00455	0.01454
40	0.74217	0.01776	0.01350	0.01207	0.01776	0.02060	0.00994	0.02699	0.01563	0.04120	0.01278	0.01492	0.00994	0.00852	0.00568	0.00284	0.00710	0.00497	0.00568	0.00994
41	0.01127	0.00932	0.00989	0.00974	0.01266	0.00793	0.00731	0.01399	0.02193	0.02717	0.19582	0.08447	0.51203	0.02237	0.01085	0.00306	0.00459	0.01883	0.00884	0.00793
42	0.01312	0.00984	0.01476	0.01476	0.01640	0.01148	0.01148	0.01640	0.01476	0.02131	0.02459	0.03607	0.02295	0.06886	0.64092	0.01476	0.02459	0.00984	0.00492	0.00820
43	0.01904	0.01632	0.01904	0.01360	0.02176	0.01224	0.01088	0.02312	0.01904	0.02992	0.01632	0.01904	0.01360	0.00680	0.00680	0.00136	0.00680	0.00544	0.00544	0.73344
44	0.01734	0.01632	0.02754	0.65524	0.06324	0.02040	0.02550	0.02346	0.01836	0.02346	0.01632	0.02448	0.01224	0.00918	0.00918	0.00306	0.01224	0.00816	0.00408	0.01020
45	0.02066	0.27958	0.41728	0.02235	0.03383	0.02681	0.02727	0.02850	0.01912	0.02635	0.01512	0.01768	0.01169	0.00841	0.00769	0.00256	0.01220	0.00610	0.00390	0.01292
46	0.01904	0.01632	0.01904	0.01360	0.02176	0.01224	0.01088	0.02312	0.01904	0.02992	0.01632	0.01904	0.01360	0.00680	0.00680	0.00136	0.00680	0.00544	0.00544	0.73344
47	0.02282	0.02026	0.03144	0.15746	0.36100	0.02144	0.02410	0.12313	0.02400	0.03303	0.02085	0.07999	0.01837	0.01067	0.00935	0.00288	0.01052	0.00977	0.00561	0.01330
48	0.21941	0.02071	0.03077	0.04425	0.45538	0.02148	0.02319	0.02785	0.01946	0.03306	0.01604	0.02059	0.01329	0.00827	0.00816	0.00276	0.00987	0.00730	0.00486	0.01329

[dist]
# distance from previous block
# <min> <max>
1	4

[block]
# block no. 1 follows, 18 sequences, length 52
# corresponding to MSA columns:
# 97-148
name=unknown_B
#
# <colnr> <probs for GDERKNQSTAVLIFYWHMCP>
#	G	D	E	R	K	N	Q	S	T	A	V	L	I	F	Y	W	H	M	C	P
0	0.14731	0.01772	0.02426	0.02110	0.08421	0.01612	0.07123	0.03238	0.02143	0.23791	0.02294	0.02352	0.01628	0.00890	0.00809	0.00243	0.00848	0.00749	0.00736	0.22086
1	0.03249	0.02867	0.03072	0.02617	0.07757	0.14144	0.07557	0.38541	0.03604	0.04619	0.01985	0.02135	0.01465	0.01018	0.00917	0.00271	0.01191	0.00808	0.00753	0.01428
2	0.55077	0.01884	0.01982	0.02386	0.17798	0.02092	0.01480	0.02731	0.01703	0.03822	0.01398	0.01699	0.01117	0.00843	0.00659	0.00281	0.00812	0.00583	0.00538	0.01117
3	0.02458	0.02119	0.03567	0.05234	0.56008	0.02098	0.02670	0.02984	0.02145	0.08993	0.01918	0.02358	0.01537	0.00850	0.00910	0.00274	0.01060	0.00829	0.00523	0.01465
4	0.21976	0.33362	0.03198	0.01491	0.02199	0.02625	0.01360	0.03182	0.01982	0.18298	0.01883	0.01905	0.01412	0.00894	0.00670	0.00242	0.00858	0.00604	0.00631	0.01229
5	0.02247	0.02206	0.03751	0.04193	0.31391	0.02245	0.17324	0.03383	0.17153	0.03201	0.02281	0.02625	0.01786	0.00917	0.00962	0.00293	0.01118	0.00946	0.00581	0.01397
6	0.02289	0.01921	0.02050	0.01818	0.02326	0.02190	0.01420	0.09225	0.49733	0.03993	0.09390	0.03664	0.03283	0.01297	0.00948	0.00306	0.00722	0.01082	0.00941	0.01404
7	0.01316	0.00967	0.01390	0.01390	0.01525	0.01101	0.01041	0.01585	0.01450	0.02068	0.02537	0.04039	0.02483	0.17828	0.53407	0.01370	0.02177	0.01047	0.00503	0.00772
8	0.01312	0.00984	0.01476	0.01476	0.01640	0.01148	0.01148	0.01640	0.01476	0.02131	0.02459	0.03607	0.02295	0.06886	0.64092	0.01476	0.02459	0.00984	0.00492	0.00820
9	0.01628	0.01449	0.02082	0.01900	0.01990	0.01903	0.01539	0.01898	0.01444	0.02167	0.01890	0.02882	0.01801	0.04490	0.36366	0.00988	0.31327	0.00902	0.00451	0.00904
10	0.01091	0.00907	0.00954	0.00991	0.01256	0.00770	0.00725	0.01311	0.02035	0.02457	0.08563	0.18985	0.51959	0.02421	0.01100	0.00321	0.00477	0.02055	0.00853	0.00770
11	0.02273	0.02182	0.03727	0.05636	0.62003	0.02182	0.02818	0.02818	0.02091	0.03000	0.01727	0.02273	0.01454	0.00818	0.00909	0.00273	0.01091	0.00818	0.00455	0.01454
12	0.02455	0.68284	0.04811	0.01571	0.02357	0.03633	0.01571	0.02749	0.01866	0.02160	0.01277	0.01473	0.01178	0.00786	0.00589	0.00196	0.00982	0.00491	0.00393	0.01178
13	0.01223	0.00936	0.01121	0.01075	0.01325	0.00834	0.00806	0.01584	0.02418	0.03252	0.42849	0.07566	0.27602	0.02037	0.01084	0.00296	0.00445	0.01760	0.00954	0.00834
14	0.07960	0.01328	0.01905	0.12635	0.08642	0.01420	0.01749	0.02137	0.02017	0.02826	0.03699	0.07460	0.03852	0.01949	0.01113	0.00376	0.00921	0.36353	0.00710	0.00948
15	0.02246	0.01372	0.01843	0.01607	0.01822	0.01549	0.01234	0.02444	0.01719	0.18136	0.02584	0.03835	0.02342	0.23468	0.12497	0.00694	0.17931	0.01034	0.00661	0.00981
16	0.01113	0.00821	0.01043	0.01221	0.01317	0.00751	0.00827	0.01285	0.01814	0.02367	0.05764	0.57460	0.15291	0.02785	0.01158	0.00362	0.00521	0.02499	0.00852	0.00751
17	0.04057	0.01664	0.02193	0.01682	0.02394	0.01499	0.01389	0.09928	0.02797	0.56948	0.03480	0.03033	0.02202	0.01133	0.00923	0.00283	0.00804	0.00914	0.01115	0.01562
18	0.02009	0.02009	0.02812	0.02411	0.02411	0.02812	0.02009	0.02210	0.01406	0.02210	0.01205	0.02009	0.01205	0.01607	0.03013	0.00402	0.66051	0.00804	0.00402	0.01004
19	0.01842	0.04749	0.62974	0.02617	0.03974	0.02132	0.03392	0.02908	0.01939	0.02908	0.01648	0.01939	0.01163	0.00872	0.00872	0.00291	0.01357	0.00678	0.00388	0.01357
20	0.01904	0.01632	0.01904	0.01360	0.02176	0.01224	0.01088	0.02312	0.01904	0.02992	0.01632	0.01904	0.01360	0.00680	0.00680	0.00136	0.00680	0.00544	0.00544	0.73344
21	0.01208	0.00908	0.01118	0.01122	0.01330	0.00819	0.00820	0.01534	0.02300	0.03103	0.36709	0.19461	0.21821	0.02193	0.01101	0.00311	0.00461	0.01923	0.00938	0.00819
22	0.01119	0.00799	0.01065	0.01278	0.01332	0.00746	0.00852	0.01278	0.01758	0.02344	0.05061	0.67132	0.06073	0.02877	0.01172	0.00373	0.00533	0.02610	0.00852	0.00746
23	0.02272	0.16922	0.35850	0.02477	0.03528	0.13422	0.07581	0.03014	0.02062	0.02647	0.01553	0.01844	0.01190	0.00860	0.00827	0.00264	0.01353	0.00662	0.00411	0.01260
24	0.02352	0.02198	0.03550	0.05004	0.50843	0.02303	0.02643	0.07663	0.02217	0.03164	0.01716	0.02240	0.01439	0.00922	0.01121	0.00286	0.07612	0.00817	0.00490	0.01419
25	0.01335	0.00890	0.01001	0.01001	0.01001	0.00890	0.00556	0.01335	0.01335	0.01780	0.02893	0.06009	0.03338	0.67731	0.04673	0.00890	0.00890	0.01335	0.00556	0.00556
26	0.01734	0.01632	0.02754	0.65524	0.06324	0.02040	0.02550	0.02346	0.01836	0.02346	0.01632	0.02448	0.01224	0.00918	0.00918	0.00306	0.01224	0.00816	0.00408	0.01020
27	0.02676	0.23534	0.26128	0.02036	0.03017	0.02504	0.02234	0.08819	0.02300	0.15516	0.02004	0.02070	0.01441	0.00924	0.00800	0.00259	0.01085	0.00687	0.00600	0.01365
28	0.01349	0.00906	0.01047	0.01067	0.01088	0.00906	0.00645	0.01389	0.01410	0.01873	0.03081	0.06424	0.03524	0.61499	0.04348	0.00845	0.00886	0.06544	0.00584	0.00584
29	0.02183	0.02090	0.03566	0.15572	0.52765	0.02158	0.02773	0.02740	0.02048	0.02891	0.01711	0.02302	0.01416	0.00835	0.00910	0.00278	0.01113	0.00818	0.00447	0.01382
30	0.02979	0.01956	0.02199	0.01843	0.02449	0.02118	0.01471	0.13381	0.35620	0.20247	0.03462	0.03149	0.02460	0.01193	0.00929	0.00298	0.00787	0.00973	0.00987	0.01500
31	0.01333	0.00898	0.01042	0.01042	0.01056	0.00912	0.00607	0.01361	0.01347	0.01811	0.02856	0.05802	0.03248	0.62486	0.09796	0.00941	0.01025	0.01305	0.00551	0.00579
32	0.01443	0.01031	0.01438	0.01650	0.01845	0.01026	0.01417	0.01840	0.02078	0.02707	0.04882	0.16063	0.05364	0.02571	0.01259	0.00418	0.00814	0.50476	0.00846	0.00835
33	0.02225	0.02134	0.03642	0.10871	0.57136	0.02169	0.02795	0.02777	0.02068	0.02943	0.01719	0.02288	0.01434	0.00827	0.00910	0.00276	0.01102	0.00818	0.00450	0.01416
34	0.02273	0.02182	0.03727	0.05636	0.62003	0.02182	0.02818	0.02818	0.02091	0.03000	0.01727	0.02273	0.01454	0.00818	0.00909	0.00273	0.01091	0.00818	0.00455	0.01454
35	0.01206	0.00896	0.01125	0.01151	0.01336	0.00814	0.00831	0.01522	0.02256	0.03064	0.35166	0.25141	0.17598	0.02256	0.01110	0.00318	0.00469	0.01994	0.00935	0.00814
36	0.01963	0.01850	0.03011	0.26123	0.32927	0.01996	0.02435	0.02614	0.05215	0.02763	0.02566	0.03058	0.07495	0.01028	0.00931	0.00290	0.01055	0.00942	0.00505	0.01233
37	0.02175	0.01996	0.03232	0.29754	0.33306	0.02191	0.02601	0.08265	0.02210	0.03013	0.01736	0.02337	0.01371	0.00887	0.00914	0.00287	0.01137	0.00818	0.00482	0.01288
38	0.03731	0.01965	0.02353	0.01828	0.02531	0.01975	0.01502	0.24294	0.08287	0.36848	0.03117	0.02817	0.02061	0.01134	0.00923	0.00283	0.00860	0.00898	0.01040	0.01553
39	0.02015	0.01101	0.01443	0.01426	0.01748	0.01001	0.01136	0.02316	0.02155	0.18526	0.05418	0.22808	0.15275	0.02212	0.01117	0.00352	0.00676	0.17352	0.00926	0.00997
40	0.67130	0.02036	0.01475	0.01323	0.01882	0.08265	0.01072	0.02796	0.01667	0.03932	0.01293	0.01508	0.01013	0.00862	0.00594	0.00279	0.00805	0.00507	0.00559	0.01001
41	0.01889	0.01790	0.03034	0.48287	0.22350	0.02081	0.02627	0.02482	0.01909	0.02534	0.01659	0.02397	0.01290	0.00889	0.00915	0.00296	0.01186	0.00817	0.00421	0.01145
42	0.02580	0.02765	0.03428	0.04766	0.46264	0.18639	0.02540	0.03044	0.02227	0.02800	0.01645	0.02108	0.01382	0.00852	0.00887	0.00263	0.01241	0.00758	0.00459	0.01351
43	0.02416	0.33299	0.25429	0.02099	0.03032	0.14443	0.02268	0.02979	0.02030	0.02447	0.01438	0.01676	0.01174	0.00847	0.00736	0.00238	0.01244	0.00578	0.00406	0.01222
44	0.01489	0.01284	0.01886	0.02394	0.17560	0.01294	0.01436	0.01842	0.01853	0.02483	0.04630	0.05060	0.22581	0.03696	0.25506	0.00753	0.01406	0.01269	0.00607	0.00973
45	0.02530	0.27250	0.20927	0.02367	0.08163	0.02871	0.02249	0.17311	0.02539	0.03385	0.01662	0.01866	0.01297	0.00895	0.00784	0.00251	0.01107	0.00660	0.00532	0.01353
46	0.06152	0.37379	0.29552	0.01999	0.03018	0.02903	0.02320	0.02815	0.01880	0.02589	0.01436	0.01674	0.01162	0.00826	0.00709	0.00242	0.01128	0.00572	0.00400	0.01245
47	0.04120	0.01563	0.02131	0.01634	0.02344	0.01350	0.01350	0.04475	0.02628	0.62639	0.03622	0.03125	0.02273	0.01136	0.00923	0.00284	0.00781	0.00923	0.01136	0.01563
48	0.01893	0.01834	0.03114	0.32297	0.21467	0.02058	0.07330	0.02434	0.01926	0.02587	0.02306	0.02916	0.06511	0.01053	0.01111	0.00305	0.06316	0.00936	0.00464	0.01142
49	0.01734	0.01632	0.02754	0.65524	0.06324	0.02040	0.02550	0.02346	0.01836	0.02346	0.01632	0.02448	0.01224	0.00918	0.00918	0.00306	0.01224	0.00816	0.00408	0.01020
50	0.02105	0.02007	0.03362	0.11204	0.50599	0.02033	0.02588	0.02627	0.02065	0.02884	0.02442	0.02918	0.07184	0.00972	0.00927	0.00280	0.01044	0.00925	0.00488	0.01346
51	0.02613	0.03299	0.08243	0.02556	0.02968	0.28675	0.07703	0.02962	0.02036	0.02360	0.01400	0.01900	0.01211	0.01179	0.01706	0.00313	0.26625	0.00731	0.00437	0.01084

[dist]
# distance from previous block
# <min> <max>
0	1

[block]
# block no. 2 follows, 18 sequences, length 87
# corresponding to MSA columns:
# 150-236
name=unknown_C
#
# <colnr> <probs for GDERKNQSTAVLIFYWHMCP>
#	G	D	E	R	K	N	Q	S	T	A	V	L	I	F	Y	W	H	M	C	P
0	0.02532	0.14808	0.29964	0.02108	0.03110	0.08019	0.02321	0.03190	0.02115	0.13940	0.01931	0.02051	0.01395	0.00896	0.00810	0.00253	0.01148	0.00671	0.00552	0.08186
1	0.02476	0.02843	0.08129	0.02145	0.02629	0.24244	0.06348	0.05790	0.02355	0.05856	0.08283	0.14390	0.02919	0.01437	0.01110	0.00294	0.05872	0.01162	0.00641	0.01076
2	0.02070	0.01640	0.02642	0.30660	0.20483	0.01792	0.02172	0.02605	0.02058	0.08489	0.07252	0.02949	0.02155	0.01010	0.00903	0.00284	0.00996	0.00905	0.07772	0.01163
3	0.01904	0.01632	0.01904	0.01360	0.02176	0.01224	0.01088	0.02312	0.01904	0.02992	0.01632	0.01904	0.01360	0.00680	0.00680	0.00136	0.00680	0.00544	0.00544	0.73344
4	0.02444	0.02026	0.02153	0.01876	0.02418	0.02313	0.01475	0.14038	0.47933	0.04168	0.06239	0.03380	0.02870	0.01251	0.00939	0.00304	0.00761	0.01031	0.00935	0.01444
5	0.01312	0.00984	0.01476	0.01476	0.01640	0.01148	0.01148	0.01640	0.01476	0.02131	0.02459	0.03607	0.02295	0.06886	0.64092	0.01476	0.02459	0.00984	0.00492	0.00820
6	0.02046	0.03191	0.29293	0.02504	0.08714	0.02095	0.02406	0.03537	0.22701	0.03257	0.02396	0.02495	0.01794	0.00980	0.00878	0.00280	0.01036	0.00805	0.00605	0.08986
7	0.01116	0.00811	0.01054	0.01248	0.01324	0.00748	0.00839	0.01282	0.01787	0.02356	0.05434	0.62004	0.10960	0.02828	0.01164	0.00367	0.00527	0.02551	0.00852	0.00748
8	0.02329	0.49533	0.04246	0.01809	0.02372	0.03401	0.01695	0.02597	0.01736	0.02174	0.01256	0.01625	0.01186	0.01018	0.01275	0.00254	0.19391	0.00579	0.00395	0.01129
9	0.02009	0.02009	0.02812	0.02411	0.02411	0.02812	0.02009	0.02210	0.01406	0.02210	0.01205	0.02009	0.01205	0.01607	0.03013	0.00402	0.66051	0.00804	0.00402	0.01004
10	0.01102	0.00865	0.00997	0.01104	0.01286	0.00761	0.00775	0.01298	0.01926	0.02412	0.07190	0.37858	0.33972	0.02600	0.01128	0.00341	0.00499	0.02273	0.00852	0.00761
11	0.01300	0.00939	0.01227	0.01155	0.01372	0.00866	0.00866	0.01733	0.02599	0.03682	0.61519	0.06859	0.08664	0.01877	0.01083	0.00289	0.00433	0.01661	0.01011	0.00866
12	0.02168	0.02074	0.03537	0.17311	0.51149	0.02154	0.02766	0.02726	0.02041	0.02872	0.01709	0.02307	0.01409	0.00838	0.00911	0.00279	0.01117	0.00818	0.00445	0.01370
13	0.01842	0.04749	0.62974	0.02617	0.03974	0.02132	0.03392	0.02908	0.01939	0.02908	0.01648	0.01939	0.01163	0.00872	0.00872	0.00291	0.01357	0.00678	0.00388	0.01357
14	0.01734	0.01632	0.02754	0.65524	0.06324	0.02040	0.02550	0.02346	0.01836	0.02346	0.01632	0.02448	0.01224	0.00918	0.00918	0.00306	0.01224	0.00816	0.00408	0.01020
15	0.01312	0.00984	0.01476	0.01476	0.01640	0.01148	0.01148	0.01640	0.01476	0.02131	0.02459	0.03607	0.02295	0.06886	0.64092	0.01476	0.02459	0.00984	0.00492	0.00820
16	0.01904	0.01632	0.01904	0.01360	0.02176	0.01224	0.01088	0.02312	0.01904	0.02992	0.01632	0.01904	0.01360	0.00680	0.00680	0.00136	0.00680	0.00544	0.00544	0.73344
17	0.01734	0.01632	0.02754	0.65524	0.06324	0.02040	0.02550	0.02346	0.01836	0.02346	0.01632	0.02448	0.01224	0.00918	0.00918	0.00306	0.01224	0.00816	0.00408	0.01020
18	0.01335	0.00890	0.01001	0.01001	0.01001	0.00890	0.00556	0.01335	0.01335	0.01780	0.02893	0.06009	0.03338	0.67731	0.04673	0.00890	0.00890	0.01335	0.00556	0.00556
19	0.01890	0.01540	0.02175	0.01773	0.02217	0.01543	0.09621	0.12595	0.07005	0.03912	0.35141	0.05204	0.08398	0.01548	0.01042	0.00292	0.00727	0.01391	0.00900	0.01087
20	0.02455	0.68284	0.04811	0.01571	0.02357	0.03633	0.01571	0.02749	0.01866	0.02160	0.01277	0.01473	0.01178	0.00786	0.00589	0.00196	0.00982	0.00491	0.00393	0.01178
21	0.04120	0.01563	0.02131	0.01634	0.02344	0.01350	0.01350	0.04475	0.02628	0.62639	0.03622	0.03125	0.02273	0.01136	0.00923	0.00284	0.00781	0.00923	0.01136	0.01563
22	0.01132	0.00825	0.01067	0.01232	0.01326	0.00760	0.00838	0.01325	0.01871	0.02484	0.10828	0.55608	0.11863	0.02727	0.01155	0.00359	0.00517	0.02453	0.00867	0.00760
23	0.42026	0.01923	0.01910	0.07561	0.02529	0.02155	0.01362	0.16094	0.02368	0.11624	0.01821	0.01953	0.01308	0.00953	0.00728	0.00284	0.00838	0.00658	0.00706	0.01201
24	0.02455	0.68284	0.04811	0.01571	0.02357	0.03633	0.01571	0.02749	0.01866	0.02160	0.01277	0.01473	0.01178	0.00786	0.00589	0.00196	0.00982	0.00491	0.00393	0.01178
25	0.01119	0.00799	0.01065	0.01278	0.01332	0.00746	0.00852	0.01278	0.01758	0.02344	0.05061	0.67132	0.06073	0.02877	0.01172	0.00373	0.00533	0.02610	0.00852	0.00746
26	0.02455	0.68284	0.04811	0.01571	0.02357	0.03633	0.01571	0.02749	0.01866	0.02160	0.01277	0.01473	0.01178	0.00786	0.00589	0.00196	0.00982	0.00491	0.00393	0.01178
27	0.02455	0.68284	0.04811	0.01571	0.02357	0.03633	0.01571	0.02749	0.01866	0.02160	0.01277	0.01473	0.01178	0.00786	0.00589	0.00196	0.00982	0.00491	0.00393	0.01178
28	0.04120	0.01563	0.02131	0.01634	0.02344	0.01350	0.01350	0.04475	0.02628	0.62639	0.03622	0.03125	0.02273	0.01136	0.00923	0.00284	0.00781	0.00923	0.01136	0.01563
29	0.01119	0.00799	0.01065	0.01278	0.01332	0.00746	0.00852	0.01278	0.01758	0.02344	0.05061	0.67132	0.06073	0.02877	0.01172	0.00373	0.00533	0.02610	0.00852	0.00746
30	0.01987	0.01228	0.01265	0.01165	0.01485	0.01312	0.00899	0.08031	0.13122	0.03725	0.03060	0.03308	0.02363	0.01106	0.00723	0.00238	0.00539	0.00887	0.52521	0.01035
31	0.01119	0.00799	0.01065	0.01278	0.01332	0.00746	0.00852	0.01278	0.01758	0.02344	0.05061	0.67132	0.06073	0.02877	0.01172	0.00373	0.00533	0.02610	0.00852	0.00746
32	0.01538	0.01183	0.01374	0.01255	0.01571	0.01160	0.00961	0.06978	0.08390	0.03588	0.37723	0.06592	0.20449	0.01856	0.01054	0.00295	0.00521	0.01593	0.00956	0.00964
33	0.02013	0.02042	0.02541	0.02231	0.02307	0.08325	0.01825	0.02241	0.01533	0.02199	0.01461	0.02275	0.01408	0.02536	0.14275	0.00588	0.47983	0.00817	0.00425	0.00975
34	0.01119	0.00799	0.01065	0.01278	0.01332	0.00746	0.00852	0.01278	0.01758	0.02344	0.05061	0.67132	0.06073	0.02877	0.01172	0.00373	0.00533	0.02610	0.00852	0.00746
35	0.01335	0.00890	0.01001	0.01001	0.01001	0.00890	0.00556	0.01335	0.01335	0.01780	0.02893	0.06009	0.03338	0.67731	0.04673	0.00890	0.00890	0.01335	0.00556	0.00556
36	0.04120	0.01563	0.02131	0.01634	0.02344	0.01350	0.01350	0.04475	0.02628	0.62639	0.03622	0.03125	0.02273	0.01136	0.00923	0.00284	0.00781	0.00923	0.01136	0.01563
37	0.02202	0.01295	0.01592	0.01429	0.01788	0.01269	0.01108	0.11749	0.02616	0.14736	0.19822	0.18758	0.04936	0.01787	0.01012	0.00304	0.00636	0.04068	0.07808	0.01084
38	0.01343	0.00960	0.01323	0.01535	0.01687	0.00939	0.01243	0.01667	0.01979	0.02595	0.04937	0.31794	0.05582	0.02665	0.01232	0.00404	0.00727	0.35731	0.00848	0.00808
39	0.01904	0.01632	0.01904	0.01360	0.02176	0.01224	0.01088	0.02312	0.01904	0.02992	0.01632	0.01904	0.01360	0.00680	0.00680	0.00136	0.00680	0.00544	0.00544	0.73344
40	0.03201	0.02137	0.02660	0.02088	0.02776	0.02254	0.06951	0.24740	0.18896	0.19823	0.02958	0.02802	0.02068	0.01119	0.00940	0.00291	0.00924	0.00934	0.00937	0.01502
41	0.26681	0.02277	0.12685	0.01573	0.02161	0.07817	0.01492	0.02418	0.01988	0.03251	0.09435	0.04265	0.12746	0.01388	0.00860	0.00299	0.00864	0.06149	0.00648	0.01002
42	0.09533	0.02952	0.02792	0.09193	0.21271	0.27033	0.02063	0.03309	0.08036	0.02826	0.01752	0.02082	0.01414	0.00925	0.00847	0.00266	0.01258	0.00718	0.00516	0.01213
43	0.41958	0.01895	0.01795	0.13555	0.02760	0.07352	0.01384	0.02824	0.01887	0.09428	0.05952	0.02239	0.01737	0.00976	0.00730	0.00284	0.00878	0.00693	0.00618	0.01053
44	0.01222	0.01078	0.01403	0.01245	0.01598	0.00936	0.06212	0.01538	0.02181	0.02717	0.16993	0.07917	0.47412	0.02106	0.01085	0.00307	0.00562	0.01812	0.00841	0.00834
45	0.09225	0.02175	0.03265	0.06533	0.24356	0.02431	0.08156	0.12036	0.02255	0.03357	0.01656	0.02157	0.01355	0.01046	0.01370	0.00309	0.15689	0.00814	0.00530	0.01284
46	0.03639	0.02092	0.02429	0.01889	0.02593	0.02166	0.01551	0.30956	0.08939	0.29445	0.02945	0.02707	0.01978	0.01130	0.00922	0.00283	0.00887	0.00887	0.01011	0.01552
47	0.02351	0.03041	0.21861	0.03959	0.28452	0.04748	0.10271	0.03055	0.02127	0.08577	0.01887	0.02252	0.01423	0.00864	0.00919	0.00283	0.01228	0.00811	0.00501	0.01389
48	0.01412	0.01316	0.05870	0.01511	0.01760	0.01160	0.01281	0.01819	0.02193	0.03064	0.30086	0.17186	0.06273	0.02087	0.01304	0.00342	0.06813	0.12786	0.00847	0.00890
49	0.09625	0.01917	0.02008	0.01782	0.02323	0.02179	0.01398	0.04626	0.49400	0.09041	0.03482	0.03206	0.02576	0.01197	0.00897	0.00306	0.00730	0.00974	0.00916	0.01417
50	0.08951	0.02774	0.17523	0.08283	0.03446	0.02267	0.07478	0.18428	0.08787	0.09807	0.02202	0.02346	0.01568	0.00994	0.00894	0.00291	0.01087	0.00817	0.00689	0.01368
51	0.02117	0.08839	0.02895	0.03313	0.26262	0.02109	0.02021	0.03157	0.17662	0.03080	0.02922	0.04313	0.02647	0.01315	0.00963	0.00309	0.00927	0.13199	0.00664	0.01288
52	0.02393	0.01056	0.01217	0.01076	0.01430	0.00995	0.00842	0.02800	0.02124	0.20177	0.03173	0.03339	0.02331	0.01089	0.00721	0.00234	0.00528	0.00875	0.52545	0.01056
53	0.01557	0.01359	0.02243	0.02747	0.18801	0.01310	0.06909	0.01904	0.01952	0.02683	0.07901	0.38299	0.04511	0.02023	0.01083	0.00332	0.00780	0.01890	0.00715	0.01002
54	0.01864	0.01714	0.02696	0.41095	0.08055	0.02014	0.05176	0.02836	0.12880	0.02731	0.02351	0.03376	0.01928	0.01121	0.00963	0.00317	0.01104	0.06105	0.00554	0.01119
55	0.01119	0.00799	0.01065	0.01278	0.01332	0.00746	0.00852	0.01278	0.01758	0.02344	0.05061	0.67132	0.06073	0.02877	0.01172	0.00373	0.00533	0.02610	0.00852	0.00746
56	0.01849	0.01060	0.01403	0.01248	0.01561	0.00961	0.00961	0.02267	0.02605	0.15176	0.50232	0.06131	0.07418	0.01733	0.01052	0.00288	0.00501	0.01517	0.01035	0.01002
57	0.02460	0.01664	0.02670	0.41779	0.10469	0.01858	0.02236	0.02993	0.02084	0.19466	0.02204	0.02623	0.01543	0.00970	0.00919	0.00297	0.01086	0.00847	0.00618	0.01215
58	0.02426	0.03944	0.45819	0.02384	0.03561	0.02053	0.02852	0.08533	0.02294	0.14398	0.02072	0.02187	0.01409	0.00944	0.00886	0.00288	0.01216	0.00739	0.00579	0.01415
59	0.01595	0.00797	0.01196	0.01196	0.01196	0.00797	0.00797	0.01196	0.01196	0.01595	0.01595	0.02791	0.01595	0.03190	0.03589	0.73285	0.00797	0.00797	0.00399	0.00399
60	0.22677	0.02287	0.04015	0.02950	0.03759	0.02298	0.36963	0.08174	0.02200	0.03544	0.01727	0.02172	0.01296	0.00827	0.00922	0.00299	0.01260	0.00893	0.00537	0.01200
61	0.03312	0.03277	0.06687	0.02048	0.02607	0.35847	0.01656	0.03620	0.02441	0.19337	0.02199	0.02504	0.01694	0.07317	0.01222	0.00316	0.01314	0.00762	0.00662	0.01178
62	0.01313	0.00979	0.01453	0.01453	0.01610	0.01136	0.01120	0.01625	0.01469	0.02115	0.02480	0.03720	0.02345	0.09749	0.61297	0.01448	0.02386	0.01000	0.00495	0.00807
63	0.01506	0.01161	0.01132	0.01090	0.01353	0.05409	0.00818	0.01863	0.02256	0.03142	0.24860	0.06107	0.22314	0.01717	0.00940	0.00270	0.00530	0.01439	0.21243	0.00850
64	0.02915	0.01723	0.02052	0.01647	0.02197	0.01740	0.01330	0.23793	0.03246	0.21204	0.23016	0.04067	0.04207	0.01379	0.00976	0.00283	0.00747	0.01141	0.01012	0.01323
65	0.02624	0.01485	0.01943	0.01877	0.07659	0.01433	0.01331	0.03430	0.13369	0.25792	0.19397	0.04515	0.08305	0.01411	0.00979	0.00291	0.00684	0.01206	0.00980	0.01288
66	0.02977	0.02060	0.02276	0.01891	0.02507	0.02259	0.01514	0.19848	0.33526	0.15817	0.03288	0.03027	0.02354	0.01185	0.00928	0.00296	0.00816	0.00957	0.00969	0.01505
67	0.22460	0.02012	0.02718	0.30590	0.09895	0.06577	0.07993	0.02649	0.01873	0.02965	0.01549	0.02106	0.01196	0.00877	0.00829	0.00292	0.01131	0.00738	0.00468	0.01080
68	0.03284	0.01879	0.02148	0.01700	0.02314	0.01945	0.01387	0.27378	0.06294	0.23628	0.02899	0.02805	0.02012	0.01115	0.00867	0.00268	0.00808	0.00875	0.14974	0.01419
69	0.01109	0.00836	0.01027	0.01180	0.01306	0.00754	0.00809	0.01290	0.01853	0.02383	0.06261	0.50639	0.21791	0.02721	0.01147	0.00355	0.00514	0.02420	0.00852	0.00754
70	0.02517	0.06882	0.02398	0.01892	0.02469	0.02484	0.01515	0.14599	0.45879	0.04075	0.03279	0.03061	0.02459	0.01186	0.00906	0.00297	0.00797	0.00960	0.00892	0.01453
71	0.02273	0.02182	0.03727	0.05636	0.62003	0.02182	0.02818	0.02818	0.02091	0.03000	0.01727	0.02273	0.01454	0.00818	0.00909	0.00273	0.01091	0.00818	0.00455	0.01454
72	0.01919	0.01401	0.01660	0.01426	0.01789	0.01427	0.01115	0.17918	0.03085	0.04278	0.44738	0.05542	0.06654	0.01658	0.01036	0.00285	0.00596	0.01425	0.00985	0.01063
73	0.01335	0.00890	0.01001	0.01001	0.01001	0.00890	0.00556	0.01335	0.01335	0.01780	0.02893	0.06009	0.03338	0.67731	0.04673	0.00890	0.00890	0.01335	0.00556	0.00556
74	0.01239	0.00936	0.01143	0.01091	0.01335	0.00841	0.00819	0.01615	0.02456	0.03342	0.46746	0.07418	0.23649	0.02004	0.01084	0.00295	0.00442	0.01739	0.00966	0.00841
75	0.03490	0.02572	0.02756	0.02113	0.02847	0.02847	0.01745	0.58942	0.04317	0.05787	0.02204	0.02204	0.01561	0.01102	0.00919	0.00276	0.01010	0.00827	0.00919	0.01561
76	0.01146	0.00933	0.01014	0.00994	0.01277	0.00801	0.00745	0.01435	0.02236	0.02820	0.24075	0.08277	0.46645	0.02199	0.01085	0.00304	0.00456	0.01859	0.00897	0.00801
77	0.02273	0.02182	0.03727	0.05636	0.62003	0.02182	0.02818	0.02818	0.02091	0.03000	0.01727	0.02273	0.01454	0.00818	0.00909	0.00273	0.01091	0.00818	0.00455	0.01454
78	0.74217	0.01776	0.01350	0.01207	0.01776	0.02060	0.00994	0.02699	0.01563	0.04120	0.01278	0.01492	0.00994	0.00852	0.00568	0.00284	0.00710	0.00497	0.00568	0.00994
79	0.01149	0.00919	0.01028	0.01031	0.01287	0.00798	0.00762	0.01431	0.02201	0.02806	0.23628	0.14420	0.40791	0.02257	0.01094	0.00311	0.00463	0.01930	0.00897	0.00798
80	0.01312	0.00984	0.01476	0.01476	0.01640	0.01148	0.01148	0.01640	0.01476	0.02131	0.02459	0.03607	0.02295	0.06886	0.64092	0.01476	0.02459	0.00984	0.00492	0.00820
81	0.01277	0.00936	0.01330	0.01363	0.01496	0.01021	0.01010	0.01552	0.01622	0.02286	0.08608	0.16073	0.03709	0.11417	0.40658	0.01100	0.01756	0.01387	0.00615	0.00785
82	0.02075	0.03120	0.21702	0.03515	0.04565	0.02268	0.43030	0.02932	0.02102	0.02932	0.01798	0.02325	0.01328	0.00802	0.01024	0.00304	0.01494	0.00969	0.00443	0.01272
83	0.04074	0.01636	0.02176	0.01668	0.02380	0.01458	0.01378	0.08417	0.02750	0.58524	0.03520	0.03059	0.02221	0.01134	0.00923	0.00283	0.00798	0.00916	0.01121	0.01563
84	0.02540	0.03637	0.23011	0.02372	0.03199	0.19062	0.04959	0.08245	0.17521	0.03210	0.02185	0.02296	0.01639	0.01004	0.00890	0.00281	0.01255	0.00780	0.00601	0.01314
85	0.01235	0.00936	0.01138	0.01088	0.01332	0.00839	0.00816	0.01608	0.02447	0.03321	0.45837	0.07453	0.24571	0.02012	0.01084	0.00295	0.00443	0.01744	0.00963	0.00839
86	0.01831	0.01780	0.03351	0.09476	0.13970	0.01756	0.22285	0.02375	0.02040	0.02752	0.02936	0.15116	0.02935	0.01494	0.01086	0.00335	0.01125	0.11663	0.00596	0.01095

[dist]
# distance from previous block
# <min> <max>
0	4

[block]
# block no. 3 follows, 18 sequences, length 62
# corresponding to MSA columns:
# 244-305
name=unknown_D
#
# <colnr> <probs for GDERKNQSTAVLIFYWHMCP>
#	G	D	E	R	K	N	Q	S	T	A	V	L	I	F	Y	W	H	M	C	P
0	0.59024	0.08653	0.01795	0.01292	0.01899	0.02145	0.01093	0.02901	0.01712	0.10384	0.01537	0.01670	0.01155	0.00877	0.00610	0.00275	0.00746	0.00544	0.00613	0.01076
1	0.02000	0.02667	0.17592	0.02743	0.03573	0.02026	0.25585	0.07888	0.02322	0.03197	0.08827	0.03463	0.08759	0.01149	0.01099	0.00304	0.03916	0.01107	0.00586	0.01197
2	0.02143	0.01920	0.02457	0.02167	0.07001	0.01921	0.06836	0.03673	0.30704	0.03406	0.02696	0.02735	0.02080	0.00978	0.00860	0.00249	0.00816	0.00859	0.00722	0.25777
3	0.01136	0.00932	0.01000	0.00983	0.01271	0.00797	0.00737	0.01415	0.02212	0.02763	0.21566	0.08372	0.49191	0.02220	0.01085	0.00305	0.00458	0.01873	0.00890	0.00797
4	0.02114	0.01867	0.02285	0.21521	0.03603	0.02209	0.01792	0.04097	0.42281	0.03379	0.03087	0.03124	0.02315	0.01145	0.00929	0.00310	0.00880	0.00970	0.00772	0.01320
5	0.01595	0.00797	0.01196	0.01196	0.01196	0.00797	0.00797	0.01196	0.01196	0.01595	0.01595	0.02791	0.01595	0.03190	0.03589	0.73285	0.00797	0.00797	0.00399	0.00399
6	0.01197	0.00859	0.01136	0.01225	0.01349	0.00798	0.00858	0.01475	0.02122	0.02923	0.29512	0.41029	0.07195	0.02444	0.01133	0.00336	0.00490	0.02199	0.00921	0.00798
7	0.01734	0.01136	0.01433	0.01297	0.01606	0.01096	0.00993	0.02427	0.09783	0.10218	0.47936	0.06019	0.07229	0.01717	0.01047	0.00291	0.00508	0.01502	0.01015	0.01016
8	0.01904	0.01632	0.01904	0.01360	0.02176	0.01224	0.01088	0.02312	0.01904	0.02992	0.01632	0.01904	0.01360	0.00680	0.00680	0.00136	0.00680	0.00544	0.00544	0.73344
9	0.02009	0.02009	0.02812	0.02411	0.02411	0.02812	0.02009	0.02210	0.01406	0.02210	0.01205	0.02009	0.01205	0.01607	0.03013	0.00402	0.66051	0.00804	0.00402	0.01004
10	0.02658	0.02339	0.03040	0.02436	0.03072	0.09008	0.15941	0.14573	0.16660	0.08085	0.02835	0.03589	0.02292	0.01218	0.00998	0.00307	0.01111	0.07762	0.00766	0.01310
11	0.01335	0.00890	0.01001	0.01001	0.01001	0.00890	0.00556	0.01335	0.01335	0.01780	0.02893	0.06009	0.03338	0.67731	0.04673	0.00890	0.00890	0.01335	0.00556	0.00556
12	0.02284	0.01972	0.02076	0.01869	0.02388	0.02284	0.01453	0.04879	0.60345	0.03841	0.03737	0.03426	0.02803	0.01246	0.00934	0.00311	0.00727	0.01038	0.00934	0.01453
13	0.02032	0.01935	0.03010	0.02198	0.03012	0.01695	0.18910	0.02825	0.09252	0.03082	0.01963	0.02270	0.01550	0.00779	0.00836	0.00211	0.00954	0.00772	0.00568	0.42144
14	0.02093	0.01977	0.02258	0.09837	0.02848	0.08764	0.05773	0.03456	0.28114	0.02972	0.02927	0.06065	0.02470	0.08638	0.07296	0.00475	0.01125	0.01058	0.00698	0.01157
15	0.01372	0.00991	0.01358	0.01407	0.01615	0.00977	0.01144	0.01788	0.02267	0.03120	0.31759	0.07839	0.06535	0.02761	0.08991	0.00489	0.00848	0.23005	0.00881	0.00852
16	0.02294	0.34505	0.03399	0.01520	0.02315	0.02531	0.01375	0.06762	0.02066	0.02792	0.01500	0.01714	0.01286	0.00764	0.00653	0.00176	0.00853	0.00539	0.00498	0.32460
17	0.02073	0.02906	0.21897	0.12151	0.37164	0.02149	0.02962	0.02787	0.02012	0.02890	0.01691	0.02191	0.01336	0.00847	0.00899	0.00282	0.01190	0.00775	0.00428	0.01370
18	0.10043	0.23238	0.03276	0.22610	0.03601	0.02742	0.01932	0.02482	0.01712	0.02449	0.01376	0.01922	0.01179	0.01034	0.01277	0.00291	0.16679	0.00673	0.00419	0.01064
19	0.01300	0.00939	0.01227	0.01155	0.01372	0.00866	0.00866	0.01733	0.02599	0.03682	0.61519	0.06859	0.08664	0.01877	0.01083	0.00289	0.00433	0.01661	0.01011	0.00866
20	0.02455	0.68284	0.04811	0.01571	0.02357	0.03633	0.01571	0.02749	0.01866	0.02160	0.01277	0.01473	0.01178	0.00786	0.00589	0.00196	0.00982	0.00491	0.00393	0.01178
21	0.01253	0.00892	0.01172	0.01221	0.01325	0.00890	0.00845	0.01478	0.01814	0.02506	0.18245	0.25016	0.05334	0.18652	0.14444	0.00692	0.00974	0.01749	0.00751	0.00746
22	0.01879	0.01760	0.02775	0.46676	0.11319	0.02143	0.02401	0.02700	0.09106	0.02590	0.01872	0.02519	0.01443	0.01000	0.01076	0.00310	0.05996	0.00843	0.00478	0.01118
23	0.01273	0.00938	0.01190	0.01127	0.01355	0.00855	0.00845	0.01681	0.02536	0.03533	0.55026	0.07105	0.15250	0.01933	0.01083	0.00291	0.00437	0.01695	0.00991	0.00855
24	0.01480	0.01057	0.01480	0.01691	0.01902	0.01057	0.01480	0.01902	0.02114	0.02748	0.04862	0.10357	0.05284	0.02536	0.01268	0.00423	0.00845	0.55823	0.00845	0.00845
25	0.01587	0.01079	0.01651	0.01602	0.01838	0.01005	0.06444	0.01879	0.01994	0.08807	0.08806	0.42817	0.05332	0.02380	0.01143	0.00358	0.00686	0.08837	0.00856	0.00898
26	0.02284	0.01972	0.02076	0.01869	0.02388	0.02284	0.01453	0.04879	0.60345	0.03841	0.03737	0.03426	0.02803	0.01246	0.00934	0.00311	0.00727	0.01038	0.00934	0.01453
27	0.01335	0.00890	0.01001	0.01001	0.01001	0.00890	0.00556	0.01335	0.01335	0.01780	0.02893	0.06009	0.03338	0.67731	0.04673	0.00890	0.00890	0.01335	0.00556	0.00556
28	0.01186	0.00827	0.01046	0.01193	0.01230	0.00790	0.00761	0.01296	0.01627	0.02170	0.04392	0.48261	0.05229	0.22899	0.02253	0.00533	0.00643	0.02217	0.00761	0.00687
29	0.01842	0.04749	0.62974	0.02617	0.03974	0.02132	0.03392	0.02908	0.01939	0.02908	0.01648	0.01939	0.01163	0.00872	0.00872	0.00291	0.01357	0.00678	0.00388	0.01357
30	0.01335	0.00890	0.01001	0.01001	0.01001	0.00890	0.00556	0.01335	0.01335	0.01780	0.02893	0.06009	0.03338	0.67731	0.04673	0.00890	0.00890	0.01335	0.00556	0.00556
31	0.01312	0.00984	0.01476	0.01476	0.01640	0.01148	0.01148	0.01640	0.01476	0.02131	0.02459	0.03607	0.02295	0.06886	0.64092	0.01476	0.02459	0.00984	0.00492	0.00820
32	0.01892	0.04395	0.53991	0.02813	0.04103	0.02162	0.12020	0.02913	0.01974	0.02913	0.01681	0.02023	0.01199	0.00857	0.00905	0.00294	0.01387	0.00742	0.00400	0.01338
33	0.01709	0.01386	0.01572	0.01447	0.01801	0.01473	0.01107	0.03063	0.27568	0.03657	0.32417	0.05526	0.10262	0.01639	0.01019	0.00300	0.00563	0.01413	0.00965	0.01113
34	0.01119	0.00799	0.01065	0.01278	0.01332	0.00746	0.00852	0.01278	0.01758	0.02344	0.05061	0.67132	0.06073	0.02877	0.01172	0.00373	0.00533	0.02610	0.00852	0.00746
35	0.01156	0.00826	0.01108	0.01321	0.01391	0.00778	0.00917	0.01343	0.01795	0.02386	0.05040	0.61241	0.05991	0.02841	0.01182	0.00378	0.00565	0.08132	0.00852	0.00756
36	0.02637	0.02660	0.03397	0.04598	0.43738	0.14517	0.02492	0.09189	0.02438	0.03159	0.01719	0.02143	0.01412	0.00875	0.00894	0.00266	0.01194	0.00774	0.00509	0.01389
37	0.01335	0.00890	0.01001	0.01001	0.01001	0.00890	0.00556	0.01335	0.01335	0.01780	0.02893	0.06009	0.03338	0.67731	0.04673	0.00890	0.00890	0.01335	0.00556	0.00556
38	0.01650	0.01016	0.01340	0.01215	0.01493	0.00926	0.00926	0.02074	0.02603	0.11013	0.54320	0.06394	0.07869	0.01785	0.01063	0.00288	0.00476	0.01569	0.01026	0.00953
39	0.02358	0.02667	0.02005	0.01950	0.02222	0.31692	0.01472	0.02591	0.02183	0.02336	0.02954	0.22981	0.03204	0.01794	0.01167	0.00315	0.06444	0.08100	0.00631	0.00934
40	0.02034	0.01066	0.01321	0.01196	0.01387	0.01025	0.00800	0.02148	0.01671	0.17123	0.03044	0.05103	0.02992	0.46422	0.08173	0.00781	0.00980	0.01205	0.00698	0.00829
41	0.02230	0.02302	0.04416	0.04916	0.38679	0.02239	0.25591	0.02868	0.02122	0.02976	0.01780	0.02356	0.01429	0.00800	0.00980	0.00288	0.01277	0.00926	0.00459	0.01366
42	0.01119	0.00799	0.01065	0.01278	0.01332	0.00746	0.00852	0.01278	0.01758	0.02344	0.05061	0.67132	0.06073	0.02877	0.01172	0.00373	0.00533	0.02610	0.00852	0.00746
43	0.01317	0.00963	0.01372	0.01372	0.01500	0.01091	0.01018	0.01573	0.01445	0.02055	0.02554	0.04133	0.02524	0.20199	0.51092	0.01348	0.02116	0.01061	0.00506	0.00762
44	0.10321	0.02059	0.02108	0.01909	0.02325	0.07950	0.01561	0.13095	0.16408	0.03591	0.02941	0.04395	0.02654	0.01518	0.01224	0.00334	0.09016	0.14657	0.00759	0.01176
45	0.02145	0.27165	0.13173	0.02204	0.02960	0.02676	0.12010	0.02938	0.09238	0.02773	0.07429	0.02516	0.02125	0.01017	0.00988	0.00269	0.05806	0.00827	0.00531	0.01209
46	0.01135	0.00876	0.01043	0.01166	0.01341	0.00784	0.00840	0.01347	0.01929	0.02435	0.06830	0.37803	0.29407	0.02616	0.01144	0.00351	0.00531	0.06803	0.00852	0.00767
47	0.65294	0.10046	0.01780	0.01253	0.01848	0.02255	0.01066	0.02705	0.01600	0.03876	0.01278	0.01489	0.01017	0.00844	0.00571	0.00273	0.00744	0.00496	0.00546	0.01017
48	0.01246	0.00910	0.01170	0.01161	0.01353	0.00835	0.00849	0.01607	0.02389	0.03315	0.45885	0.19027	0.12603	0.02114	0.01101	0.00307	0.00456	0.01873	0.00966	0.00835
49	0.02915	0.01702	0.02672	0.29490	0.04272	0.01782	0.06171	0.05644	0.02319	0.29762	0.02571	0.02746	0.01724	0.01013	0.00933	0.00295	0.01040	0.00885	0.00762	0.01303
50	0.01312	0.00984	0.01476	0.01476	0.01640	0.01148	0.01148	0.01640	0.01476	0.02131	0.02459	0.03607	0.02295	0.06886	0.64092	0.01476	0.02459	0.00984	0.00492	0.00820
