[name]
unknown

[dist]
# distance from previous block
# <min> <max>
1	343

[block]
# block no. 0 follows, 23 sequences, length 76
# corresponding to MSA columns:
# 671-746
name=unknown_A
#
# <colnr> <probs for GDERKNQSTAVLIFYWHMCP>
#	G	D	E	R	K	N	Q	S	T	A	V	L	I	F	Y	W	H	M	C	P
0	0.02900	0.04080	0.04257	0.06209	0.02240	0.01258	0.01268	0.03229	0.02088	0.45476	0.03028	0.12073	0.02300	0.01165	0.00823	0.00254	0.00708	0.00979	0.00850	0.04815
1	0.02761	0.12173	0.02287	0.01682	0.05494	0.01784	0.01310	0.08645	0.15254	0.30666	0.02802	0.07284	0.02103	0.01068	0.00788	0.00249	0.00724	0.00872	0.00802	0.01254
2	0.26340	0.01535	0.01692	0.06167	0.02170	0.01639	0.01191	0.03415	0.17520	0.26618	0.02448	0.02329	0.01703	0.00935	0.00719	0.00258	0.00686	0.00715	0.00756	0.01165
3	0.01334	0.00905	0.01345	0.01314	0.01493	0.01027	0.01027	0.01625	0.01376	0.06464	0.02246	0.03158	0.02027	0.05728	0.63522	0.01230	0.02069	0.00866	0.00475	0.00771
4	0.02320	0.05301	0.02854	0.02313	0.05994	0.13720	0.12962	0.02649	0.01793	0.11718	0.01572	0.01926	0.01251	0.00993	0.01396	0.00268	0.23422	0.00710	0.00483	0.06352
5	0.01683	0.01442	0.01683	0.01202	0.01923	0.01082	0.00961	0.02043	0.01683	0.02644	0.01442	0.01683	0.01202	0.00601	0.00601	0.00120	0.00601	0.00481	0.00481	0.76444
6	0.01972	0.01770	0.06922	0.01433	0.01836	0.11008	0.01202	0.08884	0.02382	0.10964	0.33620	0.07281	0.04660	0.01353	0.00879	0.00250	0.00706	0.01138	0.00776	0.00964
7	0.03404	0.05190	0.02021	0.01464	0.02074	0.01385	0.01219	0.07958	0.02343	0.56042	0.02953	0.02647	0.01914	0.01228	0.04024	0.00297	0.00785	0.00792	0.00928	0.01331
8	0.01354	0.01041	0.01422	0.13407	0.02091	0.01075	0.01088	0.06004	0.02282	0.03172	0.49873	0.05070	0.06032	0.01458	0.00921	0.00257	0.00544	0.01281	0.00792	0.00833
9	0.01655	0.04025	0.62674	0.02266	0.03413	0.01894	0.02877	0.02692	0.06163	0.02628	0.01586	0.01806	0.01130	0.00794	0.00775	0.00258	0.01160	0.00622	0.00377	0.01205
10	0.07346	0.01410	0.01808	0.01407	0.02005	0.01277	0.01158	0.07582	0.02336	0.54995	0.03362	0.02987	0.06416	0.01063	0.00809	0.00252	0.00681	0.00853	0.00947	0.01305
11	0.03369	0.01400	0.01912	0.06242	0.02306	0.01275	0.01267	0.06402	0.02312	0.57224	0.03068	0.05217	0.02040	0.01047	0.00824	0.00255	0.00719	0.00861	0.00941	0.01320
12	0.01467	0.00942	0.01567	0.13544	0.02096	0.00997	0.05400	0.01348	0.01219	0.01613	0.01432	0.02392	0.01338	0.02307	0.02591	0.57340	0.00819	0.00725	0.00358	0.00503
13	0.05592	0.02301	0.10531	0.07847	0.04132	0.02007	0.50174	0.02549	0.01848	0.02611	0.01584	0.02098	0.01183	0.00705	0.00907	0.00271	0.01295	0.00880	0.00405	0.01080
14	0.02180	0.30324	0.19037	0.01618	0.02423	0.04640	0.01691	0.02633	0.01787	0.11064	0.01553	0.01677	0.01199	0.00744	0.00645	0.00197	0.00900	0.00539	0.00462	0.14689
15	0.15036	0.00868	0.01093	0.01071	0.01168	0.00920	0.00751	0.01315	0.01127	0.01834	0.01396	0.02294	0.01344	0.02603	0.05802	0.59104	0.00761	0.00665	0.00383	0.00465
16	0.01432	0.00837	0.01305	0.13377	0.01872	0.00902	0.00983	0.01240	0.01159	0.01529	0.01415	0.02412	0.01350	0.02458	0.02747	0.62696	0.00773	0.00708	0.00354	0.00451
17	0.01627	0.04197	0.67279	0.02313	0.03512	0.01884	0.02998	0.02570	0.01713	0.02570	0.01456	0.01713	0.01028	0.00771	0.00771	0.00257	0.01199	0.00600	0.00343	0.01199
18	0.02739	0.01791	0.05593	0.03153	0.30854	0.01593	0.04937	0.03174	0.02064	0.32296	0.02301	0.02351	0.01604	0.00853	0.00815	0.00248	0.00868	0.00772	0.00677	0.01316
19	0.02524	0.02549	0.22719	0.04410	0.04820	0.01877	0.01917	0.23661	0.02552	0.16220	0.02061	0.02126	0.01432	0.00900	0.00781	0.00246	0.00920	0.00707	0.06323	0.01256
20	0.77215	0.01569	0.01193	0.01067	0.01569	0.01820	0.00879	0.02385	0.01381	0.03641	0.01130	0.01318	0.00879	0.00753	0.00502	0.00251	0.00628	0.00439	0.00502	0.00879
21	0.01249	0.00790	0.00939	0.00939	0.00997	0.00814	0.00602	0.01345	0.01288	0.01876	0.02449	0.04400	0.02561	0.44443	0.13913	0.04803	0.00935	0.01028	0.14058	0.00570
22	0.01666	0.00913	0.01167	0.01088	0.01271	0.00921	0.00781	0.01862	0.01498	0.13645	0.02575	0.03900	0.02385	0.29457	0.21624	0.00753	0.01112	0.00962	0.11662	0.00758
23	0.08769	0.02051	0.05117	0.08532	0.28323	0.02104	0.03654	0.22201	0.05434	0.03512	0.01706	0.01985	0.01310	0.00832	0.00785	0.00248	0.00926	0.00712	0.00557	0.01241
24	0.05257	0.01008	0.01108	0.00951	0.01315	0.00927	0.00744	0.02244	0.01775	0.12384	0.02444	0.02668	0.01857	0.00883	0.00607	0.00189	0.00475	0.00701	0.47991	0.14471
25	0.02441	0.51267	0.03712	0.01531	0.02211	0.03004	0.01434	0.20636	0.02292	0.02861	0.01372	0.01494	0.01142	0.00777	0.00607	0.00194	0.00875	0.00522	0.00485	0.01142
26	0.02184	0.38727	0.08974	0.01426	0.02136	0.02273	0.01393	0.02539	0.01789	0.11395	0.04771	0.01858	0.01540	0.00776	0.00622	0.00186	0.00797	0.00564	0.00493	0.15557
27	0.02467	0.29002	0.08950	0.02324	0.15431	0.02268	0.04502	0.05096	0.01950	0.17993	0.01792	0.01898	0.01345	0.00792	0.00702	0.00220	0.00897	0.00634	0.00537	0.01202
28	0.02048	0.04379	0.02845	0.13577	0.41802	0.01810	0.02103	0.02547	0.04141	0.08818	0.01800	0.02344	0.01476	0.05665	0.01026	0.00283	0.00927	0.00760	0.00475	0.01174
29	0.02322	0.01232	0.01468	0.01243	0.01705	0.01147	0.00989	0.02950	0.13410	0.30734	0.05141	0.04742	0.26631	0.01424	0.00872	0.00264	0.00575	0.01178	0.00876	0.01097
30	0.02232	0.01785	0.06901	0.09376	0.26016	0.01638	0.01902	0.08549	0.02123	0.15767	0.04851	0.03192	0.04361	0.01044	0.00847	0.00262	0.00867	0.06491	0.00619	0.01178
31	0.11062	0.05077	0.02353	0.02099	0.07475	0.21555	0.04597	0.08070	0.15217	0.06928	0.01870	0.01990	0.01443	0.00923	0.00882	0.00248	0.05857	0.00679	0.00573	0.01104
32	0.02342	0.01859	0.13754	0.07768	0.12735	0.01394	0.01753	0.02792	0.01944	0.27126	0.02713	0.12730	0.02261	0.01187	0.00852	0.00270	0.00828	0.03848	0.00687	0.01157
33	0.02014	0.01679	0.02135	0.02164	0.15825	0.01575	0.01411	0.08623	0.13331	0.05130	0.01902	0.02056	0.01493	0.00767	0.00712	0.00190	0.00717	0.00646	0.00575	0.37054
34	0.02086	0.13576	0.05871	0.02611	0.22512	0.01794	0.04730	0.02507	0.01841	0.10115	0.04087	0.02042	0.01535	0.00755	0.00716	0.00202	0.00829	0.00656	0.00501	0.21035
35	0.02192	0.57494	0.09496	0.01536	0.02247	0.03009	0.01555	0.07966	0.01837	0.02257	0.01229	0.01411	0.01072	0.00750	0.00639	0.00193	0.03164	0.00484	0.00389	0.01081
36	0.01822	0.03038	0.34598	0.03675	0.35644	0.01907	0.02739	0.02529	0.01782	0.02611	0.01492	0.01864	0.01159	0.00746	0.00787	0.00249	0.01079	0.00663	0.00373	0.01243
37	0.01740	0.01655	0.02810	0.41312	0.32183	0.01857	0.02357	0.02256	0.01721	0.02326	0.01479	0.02096	0.01171	0.00773	0.00808	0.00258	0.01030	0.00722	0.00379	0.01069
38	0.01312	0.01039	0.01587	0.01341	0.01489	0.01014	0.11824	0.01435	0.01312	0.01758	0.02392	0.04748	0.02641	0.58745	0.03559	0.00694	0.00891	0.01140	0.00477	0.00600
39	0.01201	0.01434	0.12948	0.01218	0.01605	0.00953	0.01141	0.01653	0.02113	0.02944	0.44193	0.05587	0.16770	0.01569	0.00924	0.00259	0.00535	0.01355	0.00770	0.00829
40	0.01417	0.01074	0.01376	0.01487	0.01727	0.01116	0.01266	0.02127	0.13218	0.02590	0.04327	0.07979	0.07557	0.02026	0.01059	0.00351	0.00710	0.46992	0.00762	0.00841
41	0.01148	0.00829	0.01085	0.01021	0.01212	0.00766	0.00766	0.01531	0.02297	0.03254	0.65994	0.06061	0.07656	0.01659	0.00957	0.00255	0.00383	0.01467	0.00893	0.00766
42	0.01341	0.01083	0.01112	0.01010	0.01352	0.01014	0.00783	0.12419	0.02203	0.02718	0.07092	0.06755	0.54449	0.01861	0.00933	0.00269	0.00498	0.01536	0.00764	0.00810
43	0.01683	0.01442	0.01683	0.01202	0.01923	0.01082	0.00961	0.02043	0.01683	0.02644	0.01442	0.01683	0.01202	0.00601	0.00601	0.00120	0.00601	0.00481	0.00481	0.76444
44	0.01683	0.01442	0.01683	0.01202	0.01923	0.01082	0.00961	0.02043	0.01683	0.02644	0.01442	0.01683	0.01202	0.00601	0.00601	0.00120	0.00601	0.00481	0.00481	0.76444
45	0.01683	0.01442	0.01683	0.01202	0.01923	0.01082	0.00961	0.02043	0.01683	0.02644	0.01442	0.01683	0.01202	0.00601	0.00601	0.00120	0.00601	0.00481	0.00481	0.76444
46	0.03031	0.03867	0.02299	0.02090	0.02508	0.68226	0.01568	0.03240	0.02299	0.01986	0.01254	0.01463	0.01045	0.00836	0.00732	0.00209	0.01463	0.00523	0.00418	0.00941
47	0.01597	0.00929	0.01228	0.01097	0.01367	0.00842	0.00842	0.01967	0.02301	0.14720	0.54696	0.05468	0.06640	0.01541	0.00932	0.00254	0.00438	0.01350	0.00913	0.00876
48	0.02018	0.01743	0.01835	0.01651	0.02110	0.02018	0.01284	0.04312	0.64956	0.03394	0.03303	0.03027	0.02477	0.01101	0.00826	0.00275	0.00642	0.00917	0.00826	0.01284
49	0.63598	0.01546	0.01416	0.13386	0.02292	0.01817	0.01126	0.02329	0.01424	0.03359	0.01186	0.01470	0.00915	0.00764	0.00558	0.00255	0.00709	0.00490	0.00477	0.00883
50	0.03134	0.02087	0.02308	0.01781	0.02417	0.02255	0.01467	0.50163	0.06430	0.16164	0.02237	0.02145	0.01545	0.00985	0.00813	0.00246	0.00845	0.00755	0.00847	0.01376
51	0.01086	0.00839	0.01210	0.13437	0.01971	0.00865	0.01023	0.01300	0.01566	0.02072	0.03927	0.58577	0.04596	0.02231	0.00995	0.00319	0.00581	0.02021	0.00683	0.00703
52	0.02001	0.02152	0.02452	0.02123	0.02198	0.14313	0.01738	0.02184	0.01433	0.01959	0.01099	0.01719	0.01062	0.01315	0.02315	0.00329	0.57667	0.00676	0.00366	0.00897
53	0.00989	0.00706	0.00942	0.01130	0.01177	0.00659	0.00753	0.01130	0.01554	0.02071	0.04472	0.70954	0.05367	0.02542	0.01036	0.00330	0.00471	0.02307	0.00753	0.00659
54	0.77215	0.01569	0.01193	0.01067	0.01569	0.01820	0.00879	0.02385	0.01381	0.03641	0.01130	0.01318	0.00879	0.00753	0.00502	0.00251	0.00628	0.00439	0.00502	0.00879
55	0.01775	0.01775	0.02485	0.02130	0.02130	0.02485	0.01775	0.01953	0.01243	0.01953	0.01065	0.01775	0.01065	0.01420	0.02663	0.00355	0.69998	0.00710	0.00355	0.00888
56	0.03288	0.01392	0.01847	0.01400	0.02045	0.01173	0.01151	0.03611	0.02207	0.55408	0.02885	0.02568	0.01863	0.00932	0.00777	0.00228	0.00674	0.00756	0.00910	0.14886
57	0.01086	0.00839	0.01210	0.13437	0.01971	0.00865	0.01023	0.01300	0.01566	0.02072	0.03927	0.58577	0.04596	0.02231	0.00995	0.00319	0.00581	0.02021	0.00683	0.00703
58	0.02200	0.02125	0.01918	0.01730	0.02182	0.13930	0.01335	0.04119	0.53683	0.03141	0.02934	0.02746	0.02219	0.01053	0.00809	0.00263	0.00790	0.00846	0.00752	0.01223
59	0.15834	0.01569	0.01514	0.01309	0.01716	0.10993	0.01028	0.02639	0.02140	0.21632	0.26586	0.03575	0.03826	0.01185	0.00801	0.00246	0.00675	0.00955	0.00785	0.00990
60	0.03321	0.01491	0.01902	0.01502	0.02101	0.01408	0.01227	0.07021	0.13666	0.52434	0.03156	0.02769	0.02061	0.01020	0.00818	0.00255	0.00692	0.00830	0.00962	0.01363
61	0.01176	0.00996	0.01219	0.01132	0.01325	0.01039	0.00881	0.01443	0.01907	0.02545	0.28475	0.06072	0.32603	0.01793	0.01265	0.00282	0.12921	0.01441	0.00734	0.00752
62	0.01789	0.03067	0.32108	0.02936	0.03922	0.01979	0.37036	0.02586	0.01827	0.02586	0.01561	0.01981	0.01142	0.00722	0.00876	0.00266	0.01294	0.00801	0.00381	0.01140
63	0.02124	0.59416	0.04348	0.01754	0.02471	0.03002	0.12559	0.02460	0.01697	0.02033	0.01220	0.01461	0.01075	0.00692	0.00599	0.00192	0.00958	0.00528	0.00358	0.01051
64	0.02552	0.01598	0.02056	0.02131	0.13605	0.01648	0.01431	0.03731	0.28512	0.25283	0.02913	0.02752	0.02079	0.00991	0.00804	0.00256	0.00703	0.00839	0.04827	0.01290
65	0.01082	0.00856	0.01192	0.13392	0.01959	0.00869	0.01003	0.01305	0.01609	0.02089	0.04478	0.49297	0.13520	0.02159	0.00984	0.00311	0.00572	0.01934	0.00683	0.00706
66	0.01866	0.01562	0.01673	0.01516	0.01922	0.01774	0.01174	0.03787	0.52724	0.03356	0.12484	0.03473	0.03219	0.01175	0.00833	0.00268	0.00591	0.00991	0.04428	0.01183
67	0.01601	0.01577	0.02857	0.57638	0.05346	0.01848	0.13268	0.02168	0.01675	0.02168	0.01478	0.02168	0.01109	0.00788	0.00838	0.00271	0.01133	0.00764	0.00370	0.00936
68	0.01432	0.00837	0.01305	0.13377	0.01872	0.00902	0.00983	0.01240	0.01159	0.01529	0.01415	0.02412	0.01350	0.02458	0.02747	0.62696	0.00773	0.00708	0.00354	0.00451
69	0.01786	0.01774	0.02562	0.05749	0.08564	0.02397	0.01869	0.02011	0.01320	0.02027	0.01129	0.01817	0.01087	0.01322	0.02390	0.00340	0.59859	0.00712	0.00360	0.00927
70	0.01532	0.01442	0.02434	0.69533	0.05589	0.01803	0.02253	0.02073	0.01622	0.02073	0.01442	0.02163	0.01082	0.00811	0.00811	0.00270	0.01082	0.00721	0.00361	0.00901
71	0.01308	0.00934	0.01308	0.01494	0.01681	0.00934	0.01308	0.01681	0.01868	0.02428	0.04296	0.09153	0.04670	0.02242	0.01121	0.00374	0.00747	0.60960	0.00747	0.00747
72	0.01672	0.01461	0.02356	0.08449	0.12528	0.01485	0.12562	0.10890	0.02003	0.02704	0.02857	0.31427	0.03010	0.01536	0.00932	0.00288	0.00827	0.01441	0.00610	0.00963
73	0.77215	0.01569	0.01193	0.01067	0.01569	0.01820	0.00879	0.02385	0.01381	0.03641	0.01130	0.01318	0.00879	0.00753	0.00502	0.00251	0.00628	0.00439	0.00502	0.00879
74	0.01689	0.01442	0.01920	0.01681	0.01743	0.01920	0.01380	0.01932	0.01393	0.02303	0.01582	0.02184	0.01397	0.01265	0.01978	0.00301	0.47241	0.00725	0.25078	0.00845
75	0.02925	0.01714	0.11390	0.01581	0.02213	0.01248	0.01479	0.03342	0.02151	0.45903	0.03142	0.03758	0.02343	0.01193	0.00864	0.00274	0.00775	0.11605	0.00861	0.01240

[dist]
# distance from previous block
# <min> <max>
0	2

[block]
# block no. 1 follows, 23 sequences, length 7
# corresponding to MSA columns:
# 749-755
name=unknown_B
#
# <colnr> <probs for GDERKNQSTAVLIFYWHMCP>
#	G	D	E	R	K	N	Q	S	T	A	V	L	I	F	Y	W	H	M	C	P
0	0.34245	0.01669	0.01560	0.01401	0.01878	0.01933	0.01111	0.03486	0.37709	0.03500	0.02371	0.02295	0.01792	0.00952	0.00687	0.00265	0.00636	0.00713	0.00687	0.01111
1	0.01222	0.01022	0.01581	0.30446	0.03068	0.01149	0.01396	0.01534	0.01583	0.02072	0.03174	0.41472	0.03530	0.01800	0.00939	0.00304	0.00733	0.01627	0.00585	0.00763
2	0.01622	0.01182	0.01438	0.01360	0.01584	0.01328	0.01013	0.02528	0.28490	0.02352	0.02369	0.02847	0.01987	0.02717	0.14806	0.29191	0.00963	0.00828	0.00571	0.00824
3	0.02200	0.01065	0.01404	0.01184	0.01570	0.00941	0.00935	0.02537	0.02268	0.30473	0.33965	0.04802	0.10412	0.01413	0.00897	0.00255	0.00517	0.01210	0.00928	0.01022
4	0.01722	0.01585	0.02027	0.01600	0.02012	0.01683	0.01310	0.02004	0.01494	0.02348	0.01281	0.01722	0.01143	0.00952	0.01485	0.00221	0.30343	0.00579	0.00427	0.44063
5	0.44944	0.01835	0.02733	0.02075	0.02714	0.01920	0.27706	0.02477	0.01610	0.03194	0.01349	0.01691	0.01030	0.00724	0.00697	0.00261	0.00945	0.00661	0.00463	0.00971
6	0.01785	0.01520	0.01692	0.01394	0.01937	0.01488	0.01092	0.03052	0.31369	0.03058	0.08978	0.02764	0.02465	0.00944	0.00743	0.00207	0.00598	0.00787	0.00685	0.33442

[dist]
# distance from previous block
# <min> <max>
0	5

[block]
# block no. 2 follows, 23 sequences, length 19
# corresponding to MSA columns:
# 761-779
name=unknown_C
#
# <colnr> <probs for GDERKNQSTAVLIFYWHMCP>
#	G	D	E	R	K	N	Q	S	T	A	V	L	I	F	Y	W	H	M	C	P
0	0.02011	0.48991	0.03415	0.01328	0.02031	0.02517	0.01249	0.02304	0.01660	0.02149	0.01230	0.01426	0.01094	0.00664	0.00547	0.00156	0.00781	0.00449	0.00391	0.25610
1	0.01656	0.01426	0.02020	0.01781	0.01781	0.01905	0.01426	0.01661	0.01182	0.01776	0.01177	0.02000	0.01177	0.01876	0.02829	0.25130	0.47420	0.00708	0.00354	0.00713
2	0.03003	0.01401	0.01818	0.01365	0.02023	0.01156	0.01117	0.03332	0.02114	0.46020	0.02628	0.02410	0.01746	0.00873	0.00746	0.00208	0.00661	0.00707	0.00834	0.25839
3	0.52680	0.01771	0.02364	0.01834	0.02440	0.01896	0.21274	0.02455	0.01555	0.03301	0.01297	0.01602	0.00994	0.00731	0.00651	0.00258	0.00869	0.00608	0.00472	0.00949
4	0.01195	0.01024	0.01102	0.00946	0.01365	0.00814	0.00729	0.01451	0.01795	0.02339	0.06012	0.05813	0.44949	0.01581	0.00842	0.00224	0.00473	0.01311	0.00665	0.25370
5	0.03161	0.24382	0.02655	0.01426	0.02075	0.01850	0.01256	0.03458	0.02103	0.45780	0.02526	0.02286	0.01693	0.00903	0.00720	0.00226	0.00748	0.00691	0.00790	0.01270
6	0.01745	0.01431	0.01525	0.01402	0.01711	0.01617	0.01026	0.03291	0.44176	0.02801	0.03060	0.03771	0.02631	0.24034	0.01902	0.00442	0.00689	0.01003	0.00717	0.01026
7	0.01915	0.02189	0.04788	0.03420	0.04241	0.02052	0.63475	0.02599	0.01915	0.02599	0.01642	0.02189	0.01231	0.00684	0.00958	0.00274	0.01368	0.00958	0.00410	0.01094
8	0.02458	0.01876	0.02072	0.01576	0.02209	0.01896	0.01285	0.38173	0.02987	0.04146	0.07394	0.02222	0.01872	0.00912	0.00756	0.00204	0.00753	0.00714	0.00711	0.25784
9	0.01353	0.01138	0.01541	0.01382	0.01511	0.01326	0.01095	0.01669	0.01953	0.02830	0.44838	0.04665	0.05509	0.01581	0.01513	0.00288	0.23066	0.01221	0.00718	0.00805
10	0.01398	0.01272	0.02291	0.01803	0.02199	0.01185	0.21198	0.01879	0.02173	0.03041	0.45026	0.04799	0.05563	0.01341	0.00957	0.00261	0.00704	0.01301	0.00736	0.00873
11	0.01804	0.26280	0.46743	0.02012	0.03046	0.02317	0.02474	0.02524	0.01692	0.02354	0.01349	0.01579	0.01032	0.00746	0.00689	0.00230	0.01091	0.00546	0.00344	0.01148
12	0.01981	0.01900	0.03244	0.08665	0.62949	0.01921	0.02477	0.02466	0.01835	0.02618	0.01521	0.02017	0.01274	0.00728	0.00804	0.00243	0.00971	0.00723	0.00399	0.01263
13	0.01632	0.01511	0.02448	0.23264	0.06309	0.01485	0.11821	0.02110	0.01737	0.02425	0.01906	0.03050	0.01692	0.00932	0.00813	0.00236	0.00917	0.09701	0.00468	0.25541
14	0.01163	0.00956	0.01417	0.23390	0.02607	0.01034	0.01230	0.01440	0.01603	0.02083	0.03824	0.42832	0.09459	0.01934	0.00956	0.00305	0.00664	0.01736	0.00625	0.00740
15	0.01276	0.00874	0.01222	0.01446	0.04319	0.00839	0.01048	0.01523	0.01715	0.05393	0.04216	0.42748	0.04774	0.02280	0.01045	0.00337	0.00601	0.22843	0.00748	0.00753
16	0.02008	0.01928	0.03294	0.04981	0.66422	0.01928	0.02490	0.02490	0.01848	0.02651	0.01526	0.02008	0.01285	0.00723	0.00803	0.00241	0.00964	0.00723	0.00402	0.01285
17	0.02119	0.42782	0.18227	0.01855	0.02652	0.07595	0.07606	0.04638	0.01811	0.02238	0.01287	0.01511	0.01068	0.00731	0.00643	0.00207	0.01034	0.00537	0.00373	0.01086
18	0.01933	0.06278	0.33743	0.03071	0.23771	0.05234	0.02526	0.05433	0.05488	0.02700	0.01582	0.01864	0.01212	0.00783	0.00773	0.00246	0.01075	0.00653	0.00415	0.01221

[dist]
# distance from previous block
# <min> <max>
0	1

[block]
# block no. 3 follows, 23 sequences, length 106
# corresponding to MSA columns:
# 781-886
name=unknown_D
#
# <colnr> <probs for GDERKNQSTAVLIFYWHMCP>
#	G	D	E	R	K	N	Q	S	T	A	V	L	I	F	Y	W	H	M	C	P
0	0.33450	0.02111	0.01794	0.01549	0.02056	0.15150	0.03803	0.04821	0.17395	0.03182	0.01758	0.01849	0.01358	0.00849	0.00663	0.00241	0.00836	0.00607	0.00569	0.05959
1	0.02132	0.02266	0.02832	0.03585	0.36580	0.18159	0.06294	0.02546	0.02015	0.02542	0.08808	0.02602	0.02061	0.00909	0.00825	0.00242	0.01043	0.02975	0.00474	0.01109
2	0.02487	0.02023	0.02461	0.02570	0.18188	0.02216	0.01696	0.30094	0.22355	0.03970	0.02265	0.02299	0.01698	0.00951	0.00814	0.00253	0.00832	0.00787	0.00715	0.01327
3	0.01532	0.01442	0.02434	0.69533	0.05589	0.01803	0.02253	0.02073	0.01622	0.02073	0.01442	0.02163	0.01082	0.00811	0.00811	0.00270	0.01082	0.00721	0.00361	0.00901
4	0.02086	0.02292	0.02439	0.02120	0.02224	0.18737	0.01724	0.02271	0.01504	0.01961	0.01112	0.01698	0.01060	0.01276	0.02185	0.00319	0.53056	0.00664	0.00371	0.00901
5	0.02095	0.52645	0.04332	0.01913	0.02618	0.02903	0.16748	0.02458	0.01703	0.02081	0.01253	0.01535	0.01089	0.00713	0.00692	0.00204	0.03035	0.00572	0.00363	0.01050
6	0.01183	0.00970	0.01323	0.01377	0.01413	0.01111	0.01006	0.01333	0.01477	0.02042	0.03630	0.53852	0.04303	0.02265	0.01438	0.00336	0.17658	0.01912	0.00655	0.00716
7	0.58876	0.02137	0.01466	0.01320	0.01801	0.18236	0.01049	0.02597	0.01608	0.03232	0.01161	0.01354	0.00920	0.00774	0.00559	0.00241	0.00834	0.00460	0.00481	0.00894
8	0.01903	0.02042	0.02401	0.52861	0.04827	0.18223	0.02084	0.02362	0.01790	0.02052	0.01396	0.01990	0.01073	0.00817	0.00792	0.00255	0.01176	0.00672	0.00375	0.00911
9	0.04350	0.19482	0.34458	0.02714	0.18663	0.02205	0.02424	0.02511	0.01720	0.02470	0.01386	0.01676	0.01090	0.00740	0.00711	0.00233	0.01044	0.00586	0.00364	0.01173
10	0.02466	0.02149	0.13035	0.02812	0.15489	0.01679	0.19058	0.03014	0.02001	0.24413	0.02112	0.02258	0.01473	0.00811	0.00839	0.00252	0.01008	0.00793	0.00602	0.03738
11	0.19976	0.00980	0.00961	0.00930	0.01054	0.01042	0.00587	0.01478	0.01230	0.02084	0.02204	0.04323	0.02438	0.53998	0.03233	0.00654	0.00747	0.00997	0.00494	0.00587
12	0.01687	0.00915	0.01207	0.01156	0.01403	0.00823	0.00856	0.01944	0.01973	0.18460	0.21795	0.31616	0.09161	0.01880	0.00954	0.00285	0.00496	0.01662	0.00855	0.00869
13	0.04746	0.28013	0.27726	0.06710	0.05284	0.05508	0.02103	0.06799	0.01852	0.02491	0.01353	0.01598	0.01066	0.00761	0.00676	0.00224	0.01033	0.00553	0.00390	0.01114
14	0.01740	0.01640	0.02665	0.28574	0.23198	0.01679	0.06012	0.02228	0.01725	0.02425	0.01481	0.01999	0.01183	0.00724	0.00766	0.00224	0.00946	0.00678	0.00406	0.19706
15	0.01361	0.01101	0.01631	0.02000	0.17332	0.01053	0.01192	0.01768	0.02186	0.03105	0.50057	0.05059	0.06081	0.01427	0.00919	0.00252	0.00526	0.01283	0.00772	0.00894
16	0.01557	0.01007	0.01610	0.02027	0.17216	0.01007	0.01146	0.01411	0.01253	0.01716	0.01438	0.02353	0.01379	0.02301	0.02586	0.57567	0.00769	0.00709	0.00365	0.00583
17	0.01866	0.15036	0.49652	0.02229	0.06132	0.02059	0.02592	0.02634	0.01749	0.06679	0.01520	0.01728	0.01106	0.00771	0.00734	0.00242	0.01100	0.00592	0.00389	0.01189
18	0.01440	0.00887	0.01397	0.17985	0.02177	0.00976	0.01088	0.01308	0.01197	0.01574	0.01418	0.02392	0.01328	0.02323	0.02588	0.57574	0.00798	0.00709	0.00354	0.00488
19	0.02261	0.02407	0.03048	0.04266	0.50622	0.18317	0.02262	0.02676	0.01959	0.02487	0.01459	0.01874	0.01226	0.00751	0.00786	0.00233	0.01087	0.00673	0.00406	0.01200
20	0.12851	0.06231	0.02284	0.10354	0.05092	0.40827	0.01571	0.04975	0.02096	0.04723	0.01359	0.01607	0.01082	0.00822	0.00709	0.00225	0.01209	0.00557	0.00453	0.00976
21	0.01954	0.10507	0.24008	0.02359	0.03035	0.10433	0.14312	0.02491	0.01703	0.02279	0.01336	0.01747	0.01081	0.00914	0.01244	0.00270	0.18237	0.00670	0.00369	0.01052
22	0.01159	0.00869	0.01304	0.01304	0.01449	0.01014	0.01014	0.01449	0.01304	0.01884	0.02173	0.03188	0.02029	0.06086	0.68268	0.01304	0.02173	0.00869	0.00435	0.00724
23	0.23843	0.02590	0.24582	0.02118	0.02951	0.01822	0.17111	0.02695	0.01742	0.10871	0.01624	0.01846	0.01157	0.00773	0.00745	0.00259	0.01012	0.00669	0.00488	0.01103
24	0.10917	0.02251	0.01972	0.01618	0.02187	0.17239	0.01280	0.16811	0.11398	0.05613	0.01810	0.01884	0.01382	0.00844	0.00708	0.00211	0.00880	0.00618	0.00613	0.19764
25	0.01818	0.01709	0.02464	0.29740	0.15648	0.04517	0.04106	0.04726	0.04478	0.02513	0.01556	0.02015	0.01224	0.00758	0.00760	0.00224	0.00941	0.00671	0.00440	0.19692
26	0.01221	0.01050	0.01072	0.01027	0.01347	0.01015	0.00782	0.01943	0.17450	0.02489	0.07004	0.06627	0.50366	0.01819	0.00926	0.00274	0.00468	0.01516	0.00771	0.00833
27	0.01843	0.01697	0.02146	0.01874	0.02046	0.02210	0.01525	0.02770	0.23457	0.02525	0.01948	0.02293	0.01623	0.01278	0.01886	0.00316	0.41294	0.00785	0.05467	0.01017
28	0.01949	0.01983	0.02344	0.02037	0.02165	0.09131	0.01662	0.02526	0.13281	0.02226	0.01503	0.01978	0.01327	0.01301	0.02121	0.00325	0.49992	0.00730	0.00450	0.00967
29	0.01881	0.02087	0.04219	0.03101	0.03719	0.02159	0.48222	0.02439	0.01749	0.02439	0.01499	0.02087	0.01190	0.00866	0.01379	0.00294	0.18334	0.00896	0.00397	0.01043
30	0.01187	0.00921	0.01286	0.17942	0.02165	0.00986	0.01029	0.01382	0.01458	0.01909	0.03249	0.28723	0.06334	0.25475	0.02026	0.00467	0.00726	0.01505	0.00567	0.00663
31	0.01532	0.01442	0.02434	0.69533	0.05589	0.01803	0.02253	0.02073	0.01622	0.02073	0.01442	0.02163	0.01082	0.00811	0.00811	0.00270	0.01082	0.00721	0.00361	0.00901
32	0.02406	0.02355	0.02563	0.22665	0.15454	0.18437	0.01939	0.18883	0.02417	0.02971	0.01547	0.01904	0.01191	0.00844	0.00790	0.00243	0.01104	0.00675	0.00503	0.01111
33	0.01297	0.01004	0.01211	0.01222	0.01420	0.01031	0.00889	0.02053	0.17479	0.02800	0.25050	0.32152	0.05429	0.01886	0.00957	0.00291	0.00483	0.01679	0.00819	0.00850
34	0.58626	0.01612	0.01351	0.01211	0.01703	0.01869	0.00979	0.02861	0.17097	0.03580	0.01667	0.01741	0.01274	0.00839	0.00582	0.00257	0.00631	0.00558	0.00582	0.00979
35	0.20745	0.01519	0.01484	0.01266	0.01699	0.01686	0.01016	0.20222	0.10075	0.03828	0.02151	0.02291	0.01629	0.00925	0.00654	0.00231	0.00622	0.00690	0.26235	0.01033
36	0.03071	0.02667	0.02402	0.01922	0.02514	0.18760	0.01549	0.48766	0.03440	0.04341	0.01777	0.01828	0.01297	0.00940	0.00792	0.00235	0.01034	0.00679	0.00714	0.01271
37	0.01363	0.01055	0.01270	0.01177	0.01434	0.01075	0.00894	0.02219	0.17787	0.03289	0.50496	0.05311	0.06376	0.01521	0.00925	0.00260	0.00447	0.01331	0.00877	0.00894
38	0.02169	0.71972	0.04252	0.01388	0.02083	0.03211	0.01388	0.02430	0.01649	0.01909	0.01128	0.01302	0.01041	0.00694	0.00521	0.00174	0.00868	0.00434	0.00347	0.01041
39	0.01500	0.00969	0.01410	0.01322	0.01322	0.01145	0.00969	0.01279	0.01103	0.01544	0.01324	0.02296	0.01324	0.02473	0.03046	0.57595	0.17835	0.00706	0.00353	0.00485
40	0.05131	0.10506	0.13372	0.02236	0.03000	0.04389	0.17031	0.25694	0.04854	0.03512	0.01699	0.01898	0.01260	0.00831	0.00795	0.00245	0.01055	0.00722	0.00563	0.01207
41	0.01532	0.01442	0.02434	0.69533	0.05589	0.01803	0.02253	0.02073	0.01622	0.02073	0.01442	0.02163	0.01082	0.00811	0.00811	0.00270	0.01082	0.00721	0.00361	0.00901
42	0.02482	0.02662	0.29255	0.02457	0.13563	0.01628	0.03999	0.03095	0.01978	0.27609	0.02151	0.02184	0.01458	0.00851	0.00799	0.00252	0.00967	0.00715	0.00612	0.01281
43	0.02136	0.01837	0.01923	0.18088	0.02822	0.17851	0.01482	0.02471	0.01801	0.13075	0.01944	0.02440	0.01552	0.02639	0.23672	0.00603	0.01479	0.00739	0.00510	0.00933
44	0.01133	0.00767	0.00899	0.00946	0.00957	0.00755	0.00556	0.01168	0.01272	0.01696	0.03030	0.21538	0.03547	0.54441	0.03365	0.00674	0.00709	0.01459	0.00556	0.00533
45	0.02297	0.01848	0.02001	0.01613	0.02202	0.01956	0.01292	0.23900	0.28576	0.03792	0.02383	0.02329	0.01790	0.00934	0.00765	0.00226	0.00717	0.00746	0.00736	0.19897
46	0.01308	0.00934	0.01308	0.01494	0.01681	0.00934	0.01308	0.01681	0.01868	0.02428	0.04296	0.09153	0.04670	0.02242	0.01121	0.00374	0.00747	0.60960	0.00747	0.00747
47	0.02072	0.54619	0.03815	0.01572	0.02094	0.03031	0.01484	0.02312	0.01548	0.01920	0.01113	0.01419	0.01047	0.00874	0.01050	0.00218	0.17957	0.00502	0.00349	0.01003
48	0.02076	0.47992	0.20689	0.01628	0.02453	0.02682	0.01788	0.02523	0.01699	0.05163	0.01324	0.01494	0.01089	0.00725	0.00604	0.00197	0.00937	0.00497	0.00382	0.04057
49	0.02061	0.02262	0.02213	0.30462	0.05773	0.26144	0.01841	0.02448	0.01923	0.02123	0.01882	0.03140	0.01711	0.01071	0.00837	0.00265	0.01159	0.11333	0.00452	0.00901
50	0.01492	0.00986	0.01074	0.01081	0.01298	0.01041	0.00796	0.02278	0.17297	0.02851	0.03316	0.21909	0.03092	0.01428	0.00761	0.00249	0.00469	0.01227	0.36492	0.00860
51	0.02592	0.01915	0.02074	0.01716	0.02265	0.02133	0.01376	0.27500	0.35002	0.10212	0.02763	0.02580	0.02003	0.01042	0.00819	0.00260	0.00745	0.00835	0.00837	0.01331
52	0.02280	0.02152	0.02541	0.28748	0.19161	0.18178	0.02010	0.02696	0.01931	0.10237	0.01634	0.02027	0.01237	0.00820	0.00790	0.00246	0.01099	0.00684	0.00465	0.01064
53	0.03179	0.01478	0.02032	0.01613	0.02086	0.01512	0.01337	0.03460	0.02056	0.50908	0.02673	0.02518	0.01775	0.01107	0.01273	0.00277	0.17824	0.00790	0.00844	0.01259
54	0.01484	0.01230	0.01737	0.02089	0.17459	0.01230	0.01265	0.02161	0.11039	0.03125	0.41199	0.04631	0.05350	0.01349	0.00900	0.00255	0.00563	0.01206	0.00762	0.00967
55	0.01696	0.01447	0.01901	0.13207	0.10412	0.01595	0.01466	0.04679	0.24663	0.03010	0.17325	0.03926	0.05251	0.01226	0.00872	0.00270	0.00703	0.04591	0.00704	0.01055
56	0.01937	0.02847	0.29490	0.02964	0.20751	0.02045	0.02446	0.07286	0.01841	0.04563	0.01488	0.01857	0.01164	0.00909	0.01159	0.00271	0.14709	0.00673	0.00418	0.01181
57	0.03157	0.01396	0.01834	0.01384	0.02035	0.01165	0.01135	0.03482	0.02164	0.51078	0.02766	0.02495	0.01809	0.00905	0.00763	0.00219	0.00668	0.00733	0.00875	0.19937
58	0.01172	0.00797	0.00934	0.00919	0.00966	0.00781	0.00559	0.01267	0.01456	0.01989	0.18239	0.05496	0.04113	0.54222	0.03346	0.00655	0.00687	0.01251	0.00591	0.00559
59	0.02042	0.02051	0.01926	0.02267	0.17675	0.22544	0.01393	0.02385	0.02022	0.02600	0.11483	0.02925	0.05076	0.01007	0.00752	0.00222	0.00871	0.00819	0.18995	0.00944
60	0.01791	0.01785	0.03268	0.31336	0.27546	0.01904	0.15843	0.02342	0.01769	0.02401	0.01517	0.02112	0.01189	0.00751	0.00841	0.00260	0.01102	0.00774	0.00387	0.01084
61	0.01252	0.01003	0.01322	0.01322	0.01349	0.01159	0.00954	0.01371	0.01382	0.01913	0.03068	0.32211	0.03574	0.22222	0.02338	0.00470	0.17762	0.04079	0.00579	0.00671
62	0.01544	0.01305	0.01796	0.01605	0.01611	0.01692	0.01245	0.01582	0.01195	0.01758	0.01513	0.02760	0.01594	0.17520	0.05860	0.15538	0.37987	0.00821	0.00388	0.00687
63	0.01858	0.32971	0.40521	0.01920	0.02905	0.02448	0.02315	0.02510	0.01686	0.02289	0.01317	0.01538	0.01034	0.00738	0.00665	0.00222	0.01058	0.00529	0.00345	0.01132
64	0.01954	0.08156	0.40749	0.02787	0.17810	0.01972	0.02581	0.05498	0.01878	0.06875	0.01587	0.01832	0.01169	0.00779	0.00766	0.00246	0.01074	0.00637	0.00422	0.01228
65	0.53859	0.01745	0.02214	0.01895	0.06318	0.01884	0.16455	0.02445	0.01542	0.03321	0.01281	0.01577	0.00992	0.00734	0.00634	0.00256	0.00832	0.00585	0.00473	0.00958
66	0.01113	0.00865	0.01225	0.01587	0.09259	0.00818	0.00960	0.01301	0.01609	0.02151	0.04352	0.58277	0.08834	0.02285	0.01002	0.00315	0.00528	0.02072	0.00710	0.00738
67	0.00987	0.00809	0.00875	0.00921	0.01149	0.00697	0.00686	0.01192	0.01798	0.02186	0.07299	0.19097	0.51303	0.02154	0.00983	0.00290	0.00444	0.05694	0.00753	0.00684
68	0.01159	0.00869	0.01304	0.01304	0.01449	0.01014	0.01014	0.01449	0.01304	0.01884	0.02173	0.03188	0.02029	0.06086	0.68268	0.01304	0.02173	0.00869	0.00435	0.00724
69	0.01532	0.01442	0.02434	0.69533	0.05589	0.01803	0.02253	0.02073	0.01622	0.02073	0.01442	0.02163	0.01082	0.00811	0.00811	0.00270	0.01082	0.00721	0.00361	0.00901
70	0.03019	0.04815	0.02013	0.01434	0.02090	0.01424	0.01188	0.10818	0.02318	0.40360	0.02514	0.02326	0.01686	0.00886	0.00748	0.00214	0.00702	0.00705	0.00820	0.19921
71	0.02097	0.04680	0.06701	0.07422	0.05261	0.06710	0.01575	0.07671	0.41937	0.03156	0.02633	0.02577	0.01986	0.00996	0.00801	0.00262	0.00813	0.00813	0.00689	0.01220
72	0.01587	0.01460	0.02279	0.50294	0.06894	0.01629	0.01943	0.02081	0.01646	0.02235	0.01445	0.02039	0.01119	0.00756	0.00759	0.00232	0.00959	0.00662	0.00392	0.19590
73	0.01615	0.01171	0.01435	0.01436	0.01679	0.01211	0.01136	0.16789	0.02219	0.02945	0.03789	0.32933	0.04145	0.02053	0.01009	0.00323	0.00669	0.21811	0.00766	0.00867
74	0.18095	0.00991	0.00955	0.00915	0.01224	0.00955	0.00704	0.01508	0.01829	0.02718	0.17571	0.06022	0.40403	0.01688	0.00856	0.00265	0.00454	0.01381	0.00724	0.00744
75	0.02988	0.03803	0.02395	0.02141	0.02575	0.65690	0.03940	0.03216	0.02285	0.02009	0.01269	0.01491	0.01052	0.00830	0.00740	0.00212	0.01460	0.00539	0.00418	0.00947
76	0.01961	0.00872	0.01261	0.01153	0.01308	0.00825	0.00825	0.01773	0.01370	0.17620	0.01852	0.02540	0.01558	0.02370	0.02589	0.57569	0.00701	0.00732	0.00514	0.00607
77	0.02626	0.01954	0.02079	0.01676	0.02221	0.02175	0.01358	0.41368	0.18668	0.04430	0.02370	0.02348	0.01738	0.01002	0.00785	0.00245	0.00767	0.00780	0.10133	0.01279
78	0.01578	0.01008	0.01184	0.01096	0.01238	0.01184	0.00866	0.01906	0.01588	0.02760	0.02256	0.02716	0.01829	0.01063	0.01085	0.00230	0.17589	0.00745	0.57291	0.00789
79	0.02770	0.02353	0.02719	0.02992	0.24201	0.20932	0.06814	0.03140	0.02122	0.21089	0.01942	0.02083	0.01421	0.00834	0.00799	0.00237	0.01062	0.00711	0.00582	0.01198
80	0.01183	0.00970	0.01323	0.01377	0.01413	0.01111	0.01006	0.01333	0.01477	0.02042	0.03630	0.53852	0.04303	0.02265	0.01438	0.00336	0.17658	0.01912	0.00655	0.00716
81	0.02202	0.02347	0.02941	0.12267	0.43082	0.18302	0.02233	0.02624	0.01931	0.02415	0.01449	0.01893	0.01201	0.00762	0.00787	0.00237	0.01102	0.00673	0.00401	0.01153
82	0.02578	0.02422	0.02124	0.01822	0.02326	0.18530	0.01429	0.21254	0.31756	0.03544	0.02404	0.02328	0.01805	0.00999	0.00798	0.00250	0.00918	0.00766	0.00721	0.01227
83	0.03641	0.01381	0.01883	0.01444	0.02071	0.01193	0.01193	0.03954	0.02322	0.66984	0.03201	0.02762	0.02009	0.01004	0.00816	0.00251	0.00690	0.00816	0.01004	0.01381
84	0.00967	0.00790	0.00855	0.00908	0.01119	0.00678	0.00655	0.01155	0.01767	0.02158	0.07172	0.25466	0.49112	0.02191	0.00980	0.00290	0.00428	0.01879	0.00753	0.00678
85	0.03222	0.02052	0.02299	0.01762	0.02406	0.02189	0.01456	0.48943	0.03446	0.20409	0.02258	0.02149	0.01535	0.00982	0.00813	0.00245	0.00843	0.00752	0.00859	0.01380
86	0.02254	0.39126	0.18657	0.01780	0.02526	0.18970	0.01813	0.02663	0.01825	0.02084	0.01237	0.01439	0.01039	0.00747	0.00632	0.00202	0.01093	0.00495	0.00364	0.01054
87	0.00961	0.00814	0.00830	0.00842	0.01101	0.00683	0.00625	0.01162	0.01830	0.02184	0.07975	0.11940	0.62120	0.02087	0.00964	0.00278	0.00415	0.01751	0.00753	0.00683
88	0.01699	0.03701	0.51831	0.02586	0.03692	0.01926	0.17948	0.02577	0.01763	0.02577	0.01502	0.01831	0.01078	0.00749	0.00817	0.00261	0.01241	0.00688	0.00359	0.01173
89	0.01765	0.00966	0.01282	0.01125	0.01425	0.00871	0.00871	0.02130	0.02303	0.19008	0.50471	0.05246	0.06260	0.01497	0.00922	0.00254	0.00459	0.01306	0.00921	0.00918
90	0.02005	0.46218	0.11627	0.01686	0.02272	0.02867	0.01684	0.02329	0.01556	0.02002	0.01153	0.01470	0.01046	0.00883	0.01081	0.00229	0.17998	0.00523	0.00349	0.01023
91	0.01503	0.18565	0.02153	0.01403	0.01676	0.01730	0.01172	0.01840	0.03818	0.01943	0.01865	0.02656	0.01742	0.06527	0.40181	0.00874	0.08338	0.00760	0.00422	0.00832
92	0.00981	0.00798	0.00869	0.00904	0.01123	0.00686	0.00658	0.01188	0.01824	0.02255	0.12246	0.21047	0.48347	0.02125	0.00975	0.00284	0.00421	0.01818	0.00765	0.00686
93	0.02254	0.39098	0.18684	0.01781	0.02526	0.18969	0.01814	0.02663	0.01825	0.02084	0.01237	0.01439	0.01039	0.00747	0.00632	0.00202	0.01093	0.00495	0.00364	0.01054
94	0.01131	0.00921	0.01299	0.17969	0.02254	0.00956	0.01098	0.01404	0.01692	0.02196	0.09677	0.35955	0.16519	0.01943	0.00958	0.00298	0.00603	0.01726	0.00668	0.00733
95	0.02162	0.10901	0.40456	0.02106	0.03023	0.18376	0.02361	0.02812	0.01891	0.06571	0.01487	0.01678	0.01098	0.00794	0.00738	0.00236	0.01197	0.00578	0.00405	0.01131
96	0.41252	0.01741	0.02197	0.02938	0.32581	0.01872	0.01649	0.02435	0.01604	0.03167	0.01319	0.01648	0.01073	0.00739	0.00646	0.00246	0.00788	0.00575	0.00454	0.01073
97	0.06566	0.01556	0.02406	0.45366	0.07322	0.01979	0.02056	0.02083	0.01523	0.02173	0.01333	0.02005	0.01074	0.00954	0.01248	0.00289	0.18083	0.00700	0.00370	0.00915
98	0.01993	0.01904	0.06116	0.01695	0.02202	0.02010	0.01396	0.04198	0.60818	0.03340	0.03182	0.02941	0.02382	0.01079	0.00822	0.00274	0.00679	0.00897	0.00794	0.01279
99	0.01640	0.01455	0.02351	0.03364	0.39414	0.01466	0.01755	0.01972	0.01632	0.02302	0.02147	0.11272	0.02170	0.14102	0.08998	0.00468	0.01007	0.01017	0.00465	0.01004
100	0.01308	0.01072	0.01490	0.16630	0.02397	0.01043	0.01187	0.01612	0.01626	0.02241	0.03025	0.33462	0.03315	0.01648	0.00884	0.00268	0.00663	0.06077	0.00597	0.19455
101	0.02448	0.04432	0.11224	0.01932	0.10169	0.01401	0.01545	0.02876	0.01953	0.27280	0.02318	0.04879	0.01751	0.00920	0.00762	0.00222	0.00774	0.02609	0.00666	0.19841
102	0.01338	0.01165	0.02000	0.01614	0.01961	0.01084	0.16268	0.01795	0.02203	0.03092	0.50085	0.05104	0.06068	0.01418	0.00957	0.00260	0.00626	0.01341	0.00774	0.00847
103	0.01821	0.01648	0.02367	0.02806	0.29308	0.01441	0.01611	0.02233	0.01753	0.02647	0.01478	0.01821	0.01237	0.00653	0.00687	0.00171	0.00755	0.00584	0.00447	0.44533
104	0.45168	0.01569	0.01613	0.18096	0.02659	0.01851	0.01291	0.02650	0.12717	0.03209	0.01592	0.01830	0.01212	0.00829	0.00636	0.00260	0.00742	0.00594	0.00525	0.00956
105	0.02086	0.02292	0.02439	0.02120	0.02224	0.18737	0.01724	0.02271	0.01504	0.01961	0.01112	0.01698	0.01060	0.01276	0.02185	0.00319	0.53056	0.00664	0.00371	0.00901

[dist]
# distance from previous block
# <min> <max>
1	7

[block]
# block no. 4 follows, 23 sequences, length 18
# corresponding to MSA columns:
# 894-911
name=unknown_E
#
# <colnr> <probs for GDERKNQSTAVLIFYWHMCP>
#	G	D	E	R	K	N	Q	S	T	A	V	L	I	F	Y	W	H	M	C	P
0	0.06437	0.17904	0.10835	0.02083	0.11643	0.06635	0.01664	0.03095	0.01976	0.27079	0.02029	0.02027	0.01437	0.00840	0.00720	0.00230	0.00886	0.00650	0.00619	0.01211
1	0.13883	0.01644	0.02315	0.35773	0.17382	0.04525	0.01921	0.02228	0.01648	0.02459	0.01441	0.02047	0.01162	0.03226	0.00860	0.00268	0.00962	0.00670	0.00406	0.05179
2	0.01839	0.01758	0.03027	0.14970	0.47924	0.01805	0.05338	0.02312	0.01789	0.02506	0.01772	0.07964	0.01600	0.00892	0.00832	0.00255	0.00961	0.00870	0.00426	0.01160
3	0.01634	0.01629	0.01556	0.01503	0.01718	0.18053	0.01155	0.01903	0.01556	0.01910	0.01940	0.02751	0.01779	0.04755	0.51147	0.01026	0.01993	0.00781	0.00430	0.00779
4	0.01728	0.03499	0.45549	0.02698	0.03765	0.01943	0.24027	0.02580	0.01783	0.02580	0.01521	0.01879	0.01099	0.00741	0.00836	0.00263	0.01258	0.00724	0.00366	0.01163
5	0.01172	0.00798	0.00936	0.00919	0.00968	0.00781	0.00561	0.01269	0.01463	0.01999	0.18638	0.05500	0.04143	0.53782	0.03326	0.00652	0.00684	0.01253	0.00593	0.00561
6	0.58091	0.01621	0.01520	0.01337	0.01711	0.01989	0.01106	0.02276	0.01346	0.03213	0.01113	0.01434	0.00926	0.00922	0.01050	0.00277	0.18214	0.00508	0.00465	0.00881
7	0.01459	0.01101	0.01308	0.01155	0.01514	0.01019	0.00905	0.02076	0.09965	0.03008	0.27273	0.04446	0.04325	0.01278	0.00813	0.00226	0.00505	0.06657	0.10954	0.20013
8	0.01159	0.00926	0.01321	0.18433	0.02287	0.00979	0.01124	0.01408	0.01587	0.02059	0.03942	0.36669	0.10952	0.08527	0.01266	0.00354	0.00664	0.05001	0.00629	0.00713
9	0.02018	0.01743	0.01835	0.01651	0.02110	0.02018	0.01284	0.04312	0.64956	0.03394	0.03303	0.03027	0.02477	0.01101	0.00826	0.00275	0.00642	0.00917	0.00826	0.01284
10	0.02383	0.02437	0.14365	0.02056	0.05390	0.02244	0.01809	0.29242	0.18614	0.03823	0.02105	0.02166	0.01561	0.00996	0.00968	0.00264	0.06880	0.00751	0.00670	0.01275
11	0.01431	0.18832	0.01739	0.01013	0.01189	0.01401	0.00719	0.01497	0.01299	0.01658	0.02195	0.04294	0.02466	0.53538	0.03215	0.00631	0.00807	0.00991	0.00455	0.00631
12	0.18445	0.01436	0.01879	0.18626	0.02858	0.01478	0.01396	0.03150	0.01949	0.37323	0.02323	0.02309	0.01538	0.00903	0.00749	0.00256	0.00777	0.00713	0.00736	0.01155
13	0.01415	0.18894	0.02051	0.01325	0.01610	0.01571	0.01109	0.01698	0.01391	0.01890	0.01908	0.02710	0.01778	0.04719	0.51093	0.01017	0.01842	0.00759	0.00412	0.00805
14	0.02193	0.08051	0.02075	0.05358	0.06774	0.01406	0.01232	0.02611	0.03790	0.18941	0.08796	0.02477	0.02116	0.00860	0.00719	0.00194	0.00680	0.00710	0.00643	0.30374
15	0.01175	0.00855	0.01122	0.01126	0.01322	0.00802	0.00892	0.01542	0.02155	0.02966	0.46072	0.06974	0.11229	0.01836	0.00999	0.00287	0.00477	0.16567	0.00846	0.00755
16	0.01567	0.03868	0.61029	0.02201	0.03292	0.01769	0.02786	0.02434	0.01698	0.02523	0.01740	0.08237	0.01437	0.00938	0.00796	0.00264	0.01131	0.00760	0.00381	0.01148
17	0.28448	0.14294	0.02879	0.01951	0.02547	0.17189	0.16991	0.02641	0.01771	0.02705	0.01288	0.01569	0.01034	0.00744	0.00673	0.00234	0.01046	0.00589	0.00433	0.00975

[dist]
# distance from previous block
# <min> <max>
8	73

[block]
# block no. 5 follows, 23 sequences, length 10
# corresponding to MSA columns:
# 992-1001
name=unknown_F
#
# <colnr> <probs for GDERKNQSTAVLIFYWHMCP>
#	G	D	E	R	K	N	Q	S	T	A	V	L	I	F	Y	W	H	M	C	P
0	0.01820	0.01620	0.02080	0.29394	0.03532	0.01930	0.01680	0.03397	0.39072	0.02854	0.02542	0.02674	0.01907	0.00983	0.00820	0.00273	0.00822	0.00837	0.00636	0.01128
1	0.01820	0.01620	0.02080	0.29394	0.03532	0.01930	0.01680	0.03397	0.39072	0.02854	0.02542	0.02674	0.01907	0.00983	0.00820	0.00273	0.00822	0.00837	0.00636	0.01128
2	0.01532	0.01442	0.02434	0.69533	0.05589	0.01803	0.02253	0.02073	0.01622	0.02073	0.01442	0.02163	0.01082	0.00811	0.00811	0.00270	0.01082	0.00721	0.00361	0.00901
3	0.01367	0.01312	0.02514	0.02066	0.02429	0.01228	0.26387	0.01730	0.01701	0.02287	0.03315	0.42850	0.03677	0.01783	0.01004	0.00307	0.00837	0.01755	0.00613	0.00837
4	0.01745	0.03376	0.41739	0.02765	0.03810	0.01953	0.27715	0.02582	0.01796	0.02582	0.01532	0.01908	0.01111	0.00735	0.00847	0.00264	0.01268	0.00746	0.00370	0.01156
5	0.02018	0.01743	0.01835	0.01651	0.02110	0.02018	0.01284	0.04312	0.64956	0.03394	0.03303	0.03027	0.02477	0.01101	0.00826	0.00275	0.00642	0.00917	0.00826	0.01284
6	0.01165	0.00888	0.01109	0.01220	0.01442	0.00832	0.01025	0.01470	0.01860	0.02332	0.05900	0.08604	0.29773	0.02165	0.01055	0.00333	0.00610	0.36746	0.00750	0.00722
7	0.01211	0.01007	0.01551	0.29086	0.02980	0.01126	0.01366	0.01515	0.01582	0.02072	0.03234	0.42839	0.03615	0.01835	0.00944	0.00305	0.00720	0.01659	0.00593	0.00758
8	0.46544	0.30342	0.02443	0.01198	0.01779	0.02389	0.01087	0.02403	0.01490	0.02933	0.01129	0.01311	0.00945	0.00729	0.00510	0.00219	0.00726	0.00437	0.00439	0.00945
9	0.02008	0.43283	0.03530	0.01692	0.02102	0.02914	0.01547	0.02235	0.01483	0.01927	0.01102	0.01495	0.01051	0.00991	0.01396	0.00248	0.29121	0.00547	0.00350	0.00978

[dist]
