[name]
unknown

[dist]
# distance from previous block
# <min> <max>
3	1658

[block]
# block no. 0 follows, 22 sequences, length 14
# corresponding to MSA columns:
# 1787-1800
name=unknown_A
#
# <colnr> <probs for GDERKNQSTAVLIFYWHMCP>
#	G	D	E	R	K	N	Q	S	T	A	V	L	I	F	Y	W	H	M	C	P
0	0.01941	0.13446	0.02187	0.01280	0.02007	0.01489	0.01075	0.02289	0.01760	0.06778	0.01541	0.01729	0.01257	0.00659	0.00616	0.00141	0.00668	0.00507	0.00504	0.58127
1	0.02007	0.01732	0.01852	0.01612	0.02127	0.01902	0.01258	0.04016	0.53421	0.03343	0.03055	0.02863	0.02312	0.01039	0.00806	0.00255	0.00650	0.00863	0.00785	0.14102
2	0.01787	0.01792	0.02039	0.16187	0.06776	0.11894	0.01569	0.02313	0.07581	0.02445	0.12306	0.03404	0.09386	0.01438	0.03650	0.00318	0.12664	0.00960	0.00556	0.00935
3	0.01299	0.00854	0.01084	0.01052	0.01255	0.00782	0.00779	0.01627	0.02140	0.06559	0.41909	0.16956	0.12011	0.01804	0.00959	0.00271	0.00427	0.01587	0.05852	0.00793
4	0.14772	0.02132	0.04271	0.03088	0.03873	0.02060	0.52024	0.02624	0.01867	0.02844	0.01591	0.02088	0.01199	0.00712	0.00900	0.00276	0.01271	0.00889	0.00436	0.01083
5	0.02217	0.01613	0.02135	0.02314	0.16900	0.01649	0.01484	0.20878	0.02674	0.09471	0.20995	0.07892	0.03634	0.01255	0.00889	0.00259	0.00728	0.01086	0.00771	0.01154
6	0.02045	0.01588	0.02696	0.26444	0.11925	0.01684	0.11581	0.02629	0.05206	0.13637	0.02182	0.06778	0.01739	0.01267	0.04637	0.00334	0.01067	0.00918	0.00555	0.01087
7	0.02914	0.02220	0.13141	0.01785	0.02502	0.01859	0.01650	0.19478	0.14163	0.27450	0.02650	0.02473	0.01803	0.00997	0.00828	0.00261	0.00842	0.00794	0.00826	0.01363
8	0.01091	0.00847	0.00999	0.01004	0.01229	0.00755	0.00764	0.01383	0.02052	0.02677	0.29679	0.11550	0.33620	0.01998	0.01001	0.00286	0.00445	0.07054	0.00826	0.00737
9	0.01891	0.01577	0.01813	0.01311	0.02040	0.01280	0.01054	0.09236	0.01979	0.03004	0.01537	0.01755	0.01252	0.00660	0.00641	0.00138	0.00650	0.00522	0.00532	0.67126
10	0.02871	0.01764	0.05638	0.01640	0.02189	0.01669	0.01401	0.19228	0.02594	0.30451	0.07015	0.06493	0.04567	0.01213	0.01029	0.00270	0.06922	0.00949	0.00846	0.01250
11	0.01156	0.00925	0.01208	0.12603	0.01920	0.00923	0.00957	0.01420	0.01794	0.02325	0.16707	0.17913	0.23672	0.11129	0.01406	0.00357	0.00596	0.01571	0.00694	0.00724
12	0.02028	0.01102	0.01375	0.01273	0.01550	0.01059	0.00936	0.09003	0.02019	0.19368	0.03577	0.32359	0.03608	0.11078	0.01375	0.00361	0.00629	0.01535	0.04830	0.00936
13	0.02741	0.01970	0.04853	0.02670	0.15206	0.04165	0.13347	0.08732	0.04905	0.25445	0.02293	0.02356	0.01607	0.00874	0.00844	0.00251	0.00953	0.00804	0.00692	0.05291

[dist]
# distance from previous block
# <min> <max>
1	15

[block]
# block no. 1 follows, 22 sequences, length 28
# corresponding to MSA columns:
# 1816-1843
name=unknown_B
#
# <colnr> <probs for GDERKNQSTAVLIFYWHMCP>
#	G	D	E	R	K	N	Q	S	T	A	V	L	I	F	Y	W	H	M	C	P
0	0.23106	0.06285	0.02805	0.03966	0.05177	0.13273	0.18199	0.02566	0.01833	0.02813	0.05158	0.01995	0.01495	0.00838	0.00826	0.00250	0.03795	0.00705	0.00473	0.04444
1	0.02375	0.35064	0.03994	0.02178	0.02853	0.19354	0.18335	0.02747	0.01933	0.02169	0.01333	0.01625	0.01121	0.00745	0.00712	0.00215	0.01185	0.00615	0.00392	0.01055
2	0.01248	0.00912	0.01067	0.01020	0.01276	0.00828	0.00767	0.01646	0.05233	0.05711	0.32094	0.10435	0.30974	0.01860	0.00972	0.00275	0.00437	0.01598	0.00848	0.00799
3	0.01151	0.00822	0.01093	0.01190	0.01316	0.00782	0.00888	0.01422	0.01889	0.02568	0.24185	0.31712	0.05950	0.06284	0.01242	0.00351	0.00536	0.15096	0.00801	0.00721
4	0.21891	0.01029	0.01023	0.01016	0.01296	0.01032	0.00763	0.01600	0.01783	0.02831	0.16264	0.18985	0.24113	0.01766	0.00869	0.00282	0.00489	0.01475	0.00727	0.00766
5	0.01902	0.02576	0.20759	0.03815	0.35678	0.01953	0.08547	0.02522	0.01817	0.02661	0.01579	0.02025	0.01262	0.00803	0.00931	0.00259	0.05113	0.00730	0.03846	0.01223
6	0.02747	0.02870	0.20138	0.02037	0.02857	0.02398	0.01990	0.46251	0.03313	0.04518	0.01856	0.01928	0.01313	0.00940	0.00820	0.00253	0.01001	0.00711	0.00699	0.01362
7	0.01764	0.04160	0.63429	0.02325	0.03525	0.01896	0.02981	0.02698	0.01784	0.05654	0.01576	0.01805	0.01100	0.00801	0.00791	0.00263	0.01203	0.00624	0.00383	0.01237
8	0.02524	0.01682	0.01892	0.01632	0.02149	0.01833	0.01289	0.04314	0.47100	0.20766	0.03353	0.03025	0.02404	0.01100	0.00843	0.00275	0.00671	0.00911	0.00896	0.01342
9	0.55995	0.02348	0.19217	0.01444	0.02155	0.01882	0.01498	0.02494	0.01508	0.03425	0.01249	0.01461	0.00942	0.00776	0.00590	0.00259	0.00804	0.00495	0.00469	0.00990
10	0.02747	0.02870	0.20138	0.02037	0.02857	0.02398	0.01990	0.46251	0.03313	0.04518	0.01856	0.01928	0.01313	0.00940	0.00820	0.00253	0.01001	0.00711	0.00699	0.01362
11	0.55968	0.01571	0.01571	0.19760	0.02741	0.01859	0.01288	0.02354	0.01482	0.03285	0.01245	0.01588	0.00957	0.00788	0.00601	0.00263	0.00771	0.00529	0.00474	0.00906
12	0.01922	0.01837	0.03129	0.22662	0.49109	0.01939	0.02483	0.02432	0.01828	0.02551	0.01539	0.02100	0.01258	0.00765	0.00825	0.00255	0.01020	0.00740	0.00400	0.01208
13	0.02037	0.01910	0.02712	0.02190	0.02762	0.02076	0.18211	0.03931	0.46985	0.03251	0.02912	0.02863	0.02184	0.01009	0.00883	0.00281	0.00862	0.00951	0.00728	0.01261
14	0.01274	0.01141	0.02050	0.01803	0.02070	0.01068	0.17817	0.01571	0.01693	0.02270	0.03780	0.51511	0.04327	0.02078	0.01038	0.00322	0.00735	0.01981	0.00674	0.00798
15	0.03092	0.01880	0.02895	0.02149	0.02852	0.01817	0.18236	0.18992	0.02661	0.32794	0.02503	0.02449	0.01669	0.00930	0.00874	0.00261	0.00952	0.00853	0.00809	0.01333
16	0.01338	0.01037	0.01368	0.01232	0.01518	0.01017	0.00931	0.01604	0.01420	0.02088	0.02087	0.03214	0.02006	0.15836	0.38139	0.00909	0.01536	0.00835	0.00468	0.21415
17	0.01311	0.00944	0.01137	0.01097	0.01357	0.00819	0.00782	0.01551	0.01630	0.02419	0.03288	0.36045	0.03597	0.05816	0.01043	0.00281	0.00522	0.01507	0.13439	0.21415
18	0.01340	0.20200	0.01878	0.01176	0.01447	0.01399	0.00927	0.01530	0.01669	0.02096	0.04285	0.40712	0.14403	0.01997	0.00902	0.00284	0.00584	0.01730	0.00657	0.00787
19	0.01723	0.01477	0.01723	0.01230	0.01969	0.01107	0.00984	0.02092	0.01723	0.02707	0.01477	0.01723	0.01230	0.00615	0.00615	0.00123	0.00615	0.00492	0.00492	0.75883
20	0.01094	0.00862	0.00997	0.01011	0.01253	0.00766	0.00789	0.01382	0.02023	0.02584	0.23407	0.07727	0.39531	0.02023	0.01008	0.00292	0.00469	0.11237	0.00810	0.00734
21	0.01235	0.00990	0.01443	0.19746	0.02462	0.01045	0.01195	0.01601	0.01949	0.02647	0.29932	0.21537	0.07620	0.01706	0.00959	0.00286	0.00613	0.01521	0.00722	0.00791
22	0.02058	0.21139	0.03997	0.02471	0.03088	0.02465	0.28603	0.06030	0.01872	0.02528	0.01505	0.01947	0.01231	0.00863	0.01127	0.00260	0.12784	0.00765	0.04199	0.01069
23	0.01871	0.05203	0.02649	0.33622	0.13282	0.02096	0.02054	0.08185	0.04291	0.02543	0.01757	0.02279	0.03276	0.00982	0.01132	0.00279	0.12243	0.00763	0.00450	0.01042
24	0.01012	0.00723	0.00964	0.01157	0.01205	0.00675	0.00771	0.01157	0.01591	0.02121	0.04579	0.70262	0.05495	0.02603	0.01060	0.00337	0.00482	0.02362	0.00771	0.00675
25	0.22787	0.01727	0.02689	0.02102	0.02702	0.01736	0.22289	0.06219	0.01980	0.12612	0.02259	0.03287	0.01891	0.01059	0.00850	0.00286	0.00950	0.10893	0.00621	0.01060
26	0.02665	0.02537	0.19885	0.01863	0.02631	0.01943	0.01838	0.28174	0.02847	0.16734	0.08417	0.02518	0.02085	0.01016	0.00835	0.00256	0.00906	0.00804	0.00747	0.01299
27	0.01726	0.27514	0.02768	0.05776	0.12931	0.01980	0.01397	0.02054	0.01856	0.02429	0.17056	0.08450	0.05126	0.04482	0.00937	0.00261	0.00750	0.00990	0.00551	0.00965

[dist]
# distance from previous block
# <min> <max>
2	9

[block]
# block no. 2 follows, 22 sequences, length 17
# corresponding to MSA columns:
# 1859-1875
name=unknown_C
#
# <colnr> <probs for GDERKNQSTAVLIFYWHMCP>
#	G	D	E	R	K	N	Q	S	T	A	V	L	I	F	Y	W	H	M	C	P
0	0.01486	0.11282	0.01989	0.01548	0.05019	0.01634	0.01188	0.01734	0.01724	0.02285	0.09946	0.08290	0.24247	0.01582	0.01337	0.00278	0.17981	0.01199	0.00589	0.04664
1	0.01979	0.11239	0.02923	0.28548	0.03850	0.05293	0.09987	0.09489	0.04030	0.02663	0.04971	0.02282	0.01588	0.00910	0.00909	0.00259	0.04672	0.00770	0.02610	0.01029
2	0.02277	0.01521	0.02517	0.42256	0.04479	0.01672	0.07023	0.02771	0.01911	0.22224	0.02057	0.02409	0.01417	0.00882	0.00845	0.00271	0.01007	0.00789	0.00580	0.01093
3	0.01867	0.03800	0.04642	0.01819	0.05849	0.01537	0.07741	0.10101	0.10999	0.06435	0.18759	0.09361	0.06967	0.01322	0.00889	0.00265	0.00712	0.01170	0.04713	0.01051
4	0.08889	0.26647	0.13050	0.01734	0.04873	0.02217	0.01629	0.06100	0.02013	0.22518	0.01932	0.01932	0.01388	0.00844	0.00694	0.00229	0.00870	0.00621	0.00605	0.01214
5	0.57639	0.01574	0.01543	0.18254	0.02649	0.01859	0.01256	0.02361	0.01476	0.03321	0.01238	0.01569	0.00952	0.00786	0.00594	0.00262	0.00760	0.00523	0.00477	0.00906
6	0.01841	0.01293	0.01628	0.18344	0.02613	0.01450	0.01286	0.02829	0.19717	0.07549	0.05843	0.03014	0.02275	0.01021	0.00759	0.00248	0.00671	0.00854	0.25751	0.01014
7	0.01385	0.01182	0.01875	0.31294	0.07127	0.01350	0.01649	0.01788	0.01683	0.02236	0.05948	0.17997	0.02936	0.02079	0.09187	0.00430	0.01029	0.07442	0.00539	0.00846
8	0.02565	0.01153	0.01406	0.01183	0.01604	0.01086	0.00942	0.03087	0.07288	0.31812	0.05788	0.03112	0.02383	0.01041	0.00736	0.00233	0.00555	0.00848	0.32066	0.01111
9	0.01108	0.00817	0.00974	0.01037	0.01169	0.00759	0.00731	0.01288	0.01695	0.02195	0.11462	0.22780	0.21674	0.19618	0.01843	0.00437	0.00570	0.08464	0.00718	0.00661
10	0.01019	0.00813	0.00914	0.00952	0.01161	0.00707	0.00690	0.01240	0.01887	0.02379	0.16093	0.23503	0.41379	0.02169	0.01001	0.00292	0.00432	0.01869	0.00793	0.00707
11	0.20193	0.00960	0.01030	0.01118	0.01304	0.00983	0.00797	0.01505	0.01601	0.02596	0.06995	0.46227	0.07634	0.02066	0.00914	0.00310	0.00515	0.01801	0.00713	0.00739
12	0.02467	0.01415	0.02015	0.02258	0.17931	0.01355	0.01416	0.03022	0.07356	0.26598	0.13758	0.03284	0.02942	0.01075	0.00830	0.00250	0.00682	0.00931	0.09219	0.01197
13	0.02231	0.01461	0.01775	0.01293	0.02007	0.01136	0.01044	0.02588	0.01889	0.18797	0.01933	0.02003	0.01440	0.00720	0.00671	0.00157	0.00638	0.00579	0.00628	0.57010
14	0.02040	0.01900	0.02645	0.02150	0.02713	0.02075	0.16848	0.03970	0.48368	0.03269	0.02950	0.02882	0.02213	0.01019	0.00880	0.00281	0.00846	0.00950	0.00738	0.01266
15	0.01594	0.02191	0.18713	0.51970	0.05183	0.01867	0.02500	0.02251	0.01685	0.02251	0.01480	0.02098	0.01093	0.00820	0.00820	0.00273	0.01138	0.00707	0.00364	0.01000
16	0.20675	0.03615	0.49956	0.02045	0.03091	0.01913	0.02520	0.02583	0.01668	0.02909	0.01406	0.01651	0.01014	0.00785	0.00720	0.00262	0.01079	0.00572	0.00392	0.01145

[dist]
# distance from previous block
# <min> <max>
0	1

[block]
# block no. 3 follows, 22 sequences, length 16
# corresponding to MSA columns:
# 1877-1892
name=unknown_D
#
# <colnr> <probs for GDERKNQSTAVLIFYWHMCP>
#	G	D	E	R	K	N	Q	S	T	A	V	L	I	F	Y	W	H	M	C	P
0	0.01168	0.00972	0.01610	0.01542	0.01720	0.00909	0.10922	0.01404	0.01651	0.02209	0.04103	0.59096	0.04799	0.02290	0.01047	0.00328	0.00633	0.02135	0.00714	0.00748
1	0.08236	0.01124	0.01232	0.01068	0.01448	0.01092	0.00846	0.06791	0.02055	0.18822	0.03609	0.03612	0.12327	0.01155	0.00722	0.00233	0.00531	0.00922	0.33197	0.00977
2	0.01740	0.01404	0.01587	0.01419	0.01754	0.01530	0.01104	0.12407	0.19163	0.03264	0.16575	0.10944	0.15528	0.01575	0.01053	0.00283	0.05554	0.01300	0.00801	0.01015
3	0.14225	0.02137	0.04298	0.03106	0.03893	0.02062	0.52476	0.02625	0.01871	0.02836	0.01595	0.02095	0.01201	0.00712	0.00904	0.00276	0.01276	0.00893	0.00436	0.01084
4	0.01347	0.01180	0.01370	0.12209	0.02135	0.01228	0.01076	0.02145	0.17297	0.02530	0.06027	0.05831	0.39179	0.01652	0.00923	0.00280	0.00592	0.01385	0.00724	0.00890
5	0.01646	0.01866	0.07615	0.01759	0.02087	0.12134	0.07784	0.01981	0.01734	0.02227	0.07651	0.14521	0.02885	0.08740	0.14678	0.00544	0.06015	0.02754	0.00534	0.00844
6	0.01849	0.18566	0.42904	0.02341	0.08384	0.02240	0.02538	0.02723	0.06293	0.02552	0.01561	0.01785	0.01186	0.00793	0.00740	0.00244	0.01092	0.00611	0.00393	0.01206
7	0.01952	0.01336	0.01545	0.01392	0.01772	0.01396	0.01074	0.03145	0.29047	0.13524	0.18547	0.10281	0.08559	0.01453	0.00905	0.00278	0.00569	0.01245	0.00880	0.01102
8	0.02109	0.01025	0.01362	0.01244	0.01567	0.00911	0.00942	0.02370	0.02053	0.27588	0.14934	0.28526	0.08330	0.01792	0.00953	0.00289	0.00551	0.01571	0.00898	0.00987
9	0.02052	0.02872	0.22132	0.02347	0.08338	0.14052	0.05384	0.07066	0.07181	0.02792	0.04863	0.03328	0.02140	0.01121	0.00870	0.00273	0.01086	0.10458	0.00542	0.01106
10	0.02108	0.13450	0.02787	0.19692	0.15940	0.12378	0.01859	0.05929	0.07640	0.02495	0.01838	0.06922	0.01602	0.00961	0.00785	0.00248	0.01011	0.00795	0.00483	0.01077
11	0.01025	0.00733	0.00976	0.01148	0.01208	0.00684	0.00772	0.01190	0.01653	0.02219	0.09519	0.65041	0.05686	0.02529	0.01054	0.00331	0.00475	0.02292	0.00783	0.00684
12	0.01447	0.00964	0.01090	0.01073	0.01291	0.00960	0.00793	0.07245	0.04679	0.02977	0.13459	0.22622	0.11105	0.01672	0.00855	0.00263	0.00478	0.01442	0.24765	0.00821
13	0.02305	0.01935	0.02787	0.16556	0.14416	0.02095	0.08801	0.27213	0.02655	0.03572	0.02003	0.08125	0.01676	0.01025	0.00867	0.00266	0.00985	0.00914	0.00608	0.01195
14	0.02351	0.01532	0.02080	0.02027	0.12412	0.01440	0.01383	0.05971	0.02099	0.20609	0.10482	0.02707	0.02354	0.00987	0.00949	0.00226	0.06459	0.00797	0.00693	0.22442
15	0.01925	0.01228	0.01450	0.01282	0.01539	0.01292	0.00930	0.11595	0.07551	0.11011	0.02613	0.03979	0.02441	0.33592	0.13323	0.00684	0.01029	0.01009	0.00646	0.00881

[dist]
# distance from previous block
# <min> <max>
0	1

[block]
# block no. 4 follows, 22 sequences, length 48
# corresponding to MSA columns:
# 1895-1942
name=unknown_E
#
# <colnr> <probs for GDERKNQSTAVLIFYWHMCP>
#	G	D	E	R	K	N	Q	S	T	A	V	L	I	F	Y	W	H	M	C	P
0	0.01500	0.01370	0.01287	0.01180	0.01436	0.10931	0.00860	0.01773	0.02041	0.02648	0.32024	0.05167	0.12283	0.13529	0.01477	0.00338	0.00655	0.01243	0.00714	0.07545
1	0.01407	0.00912	0.01168	0.01159	0.01214	0.03570	0.00800	0.01297	0.01220	0.01618	0.01834	0.03169	0.01858	0.15330	0.19402	0.41146	0.01144	0.00840	0.00409	0.00506
2	0.00993	0.00796	0.00888	0.00962	0.01154	0.00691	0.00685	0.01179	0.01778	0.02197	0.06952	0.31756	0.42469	0.02294	0.01012	0.00302	0.00444	0.01985	0.00771	0.00691
3	0.01176	0.00849	0.01110	0.01045	0.01241	0.00784	0.00784	0.01568	0.02352	0.03331	0.65184	0.06206	0.07839	0.01698	0.00980	0.00261	0.00392	0.01502	0.00914	0.00784
4	0.02146	0.01410	0.01696	0.01250	0.01926	0.01107	0.01005	0.02506	0.01867	0.16564	0.01962	0.02067	0.01478	0.00732	0.00661	0.00158	0.00618	0.00588	0.06259	0.54001
5	0.63709	0.01638	0.01335	0.01196	0.01703	0.01899	0.00972	0.02785	0.12310	0.03683	0.01543	0.01654	0.01184	0.00833	0.00572	0.00261	0.00645	0.00535	0.00572	0.00972
6	0.02203	0.01372	0.01779	0.01456	0.01877	0.01367	0.05662	0.16390	0.02513	0.14405	0.18163	0.07597	0.03505	0.01246	0.00841	0.00250	0.00648	0.01072	0.16601	0.01055
7	0.01061	0.00812	0.00959	0.00988	0.01169	0.00725	0.00708	0.01301	0.01926	0.02521	0.24853	0.23025	0.29235	0.05479	0.01161	0.00315	0.00446	0.01802	0.00803	0.00711
8	0.01600	0.01127	0.01275	0.01163	0.01449	0.01129	0.00888	0.14416	0.02379	0.03321	0.22059	0.14811	0.15010	0.01631	0.00892	0.00262	0.00520	0.01391	0.13796	0.00884
9	0.76672	0.01607	0.01221	0.01092	0.01607	0.01864	0.00900	0.02442	0.01414	0.03727	0.01157	0.01350	0.00900	0.00771	0.00514	0.00257	0.00643	0.00450	0.00514	0.00900
10	0.65285	0.02015	0.11132	0.01286	0.01909	0.01874	0.01229	0.02471	0.01465	0.03561	0.01207	0.01411	0.00923	0.00774	0.00556	0.00258	0.00731	0.00475	0.00489	0.00949
11	0.01733	0.03848	0.53312	0.02672	0.06166	0.01961	0.13394	0.02633	0.01795	0.02639	0.01527	0.01850	0.01099	0.00772	0.00824	0.00265	0.01248	0.00683	0.00365	0.01213
12	0.01970	0.01886	0.03216	0.16369	0.55026	0.01951	0.02507	0.02474	0.01851	0.02609	0.01547	0.02084	0.01279	0.00756	0.00824	0.00252	0.01008	0.00740	0.00404	0.01246
13	0.01795	0.01707	0.02900	0.39263	0.33500	0.01905	0.02420	0.02321	0.01768	0.02397	0.01516	0.02141	0.01204	0.00789	0.00827	0.00263	0.01052	0.00739	0.00389	0.01105
14	0.02056	0.01974	0.03372	0.05099	0.65622	0.01974	0.02550	0.02550	0.01892	0.02714	0.01563	0.02056	0.01316	0.00740	0.00822	0.00247	0.00987	0.00740	0.00411	0.01316
15	0.03354	0.02012	0.02298	0.01762	0.02419	0.02109	0.01455	0.42561	0.03379	0.26271	0.02437	0.02282	0.01635	0.01008	0.00833	0.00252	0.00843	0.00778	0.00899	0.01413
16	0.01666	0.04297	0.66500	0.02368	0.03596	0.01929	0.03069	0.02631	0.01754	0.02631	0.01491	0.01754	0.01052	0.00789	0.00789	0.00263	0.01228	0.00614	0.00351	0.01228
17	0.02056	0.01974	0.03372	0.05099	0.65622	0.01974	0.02550	0.02550	0.01892	0.02714	0.01563	0.02056	0.01316	0.00740	0.00822	0.00247	0.00987	0.00740	0.00411	0.01316
18	0.03628	0.01572	0.02026	0.01553	0.02200	0.01456	0.01283	0.14266	0.02643	0.55605	0.03055	0.02683	0.01945	0.01023	0.00835	0.00256	0.00743	0.00820	0.00994	0.01414
19	0.01606	0.01515	0.02559	0.63940	0.10299	0.01855	0.02326	0.02155	0.01679	0.02168	0.01483	0.02203	0.01123	0.00824	0.00830	0.00275	0.01098	0.00738	0.00372	0.00953
20	0.01004	0.00755	0.00931	0.01071	0.01182	0.00682	0.00733	0.01166	0.01673	0.02154	0.05621	0.53341	0.21742	0.02467	0.01039	0.00322	0.00465	0.02196	0.00771	0.00682
21	0.01569	0.01477	0.02492	0.68808	0.05722	0.01846	0.02307	0.02123	0.01661	0.02123	0.01477	0.02215	0.01107	0.00831	0.00831	0.00277	0.01107	0.00738	0.00369	0.00923
22	0.02056	0.01974	0.03372	0.05099	0.65622	0.01974	0.02550	0.02550	0.01892	0.02714	0.01563	0.02056	0.01316	0.00740	0.00822	0.00247	0.00987	0.00740	0.00411	0.01316
23	0.76672	0.01607	0.01221	0.01092	0.01607	0.01864	0.00900	0.02442	0.01414	0.03727	0.01157	0.01350	0.00900	0.00771	0.00514	0.00257	0.00643	0.00450	0.00514	0.00900
24	0.01529	0.00926	0.01140	0.01069	0.01348	0.00815	0.00807	0.01810	0.02086	0.13706	0.26129	0.15946	0.25803	0.01856	0.00968	0.00279	0.00470	0.01601	0.00864	0.00849
25	0.02696	0.02370	0.02197	0.01835	0.02378	0.13607	0.01457	0.30477	0.23728	0.03970	0.02591	0.02517	0.04272	0.01060	0.00828	0.00255	0.00910	0.00815	0.00763	0.01274
26	0.01034	0.00834	0.00921	0.00918	0.01159	0.00721	0.00681	0.01287	0.01989	0.02516	0.22812	0.12290	0.45852	0.02037	0.00987	0.00280	0.00418	0.01735	0.00808	0.00721
27	0.01017	0.00762	0.00945	0.01070	0.01187	0.00690	0.00737	0.01197	0.01724	0.02244	0.10166	0.49852	0.20572	0.02409	0.01035	0.00317	0.00460	0.02144	0.00782	0.00690
28	0.01093	0.00846	0.00995	0.00958	0.01190	0.00748	0.00718	0.01407	0.02155	0.02865	0.40827	0.06973	0.32487	0.01872	0.00981	0.00270	0.00404	0.01610	0.00853	0.00748
29	0.07949	0.01546	0.01915	0.01488	0.02100	0.01469	0.01226	0.14043	0.02547	0.48057	0.02892	0.02609	0.01878	0.01004	0.00800	0.00252	0.00720	0.00793	0.05369	0.01344
30	0.02066	0.01785	0.01878	0.01691	0.02160	0.02066	0.01315	0.04414	0.64121	0.03475	0.03381	0.03099	0.02536	0.01127	0.00845	0.00282	0.00657	0.00939	0.00845	0.01315
31	0.01723	0.01477	0.01723	0.01230	0.01969	0.01107	0.00984	0.02092	0.01723	0.02707	0.01477	0.01723	0.01230	0.00615	0.00615	0.00123	0.00615	0.00492	0.00492	0.75883
32	0.76672	0.01607	0.01221	0.01092	0.01607	0.01864	0.00900	0.02442	0.01414	0.03727	0.01157	0.01350	0.00900	0.00771	0.00514	0.00257	0.00643	0.00450	0.00514	0.00900
33	0.01569	0.01477	0.02492	0.68808	0.05722	0.01846	0.02307	0.02123	0.01661	0.02123	0.01477	0.02215	0.01107	0.00831	0.00831	0.00277	0.01107	0.00738	0.00369	0.00923
34	0.01027	0.00729	0.00960	0.01138	0.01182	0.00685	0.00751	0.01161	0.01562	0.02082	0.04431	0.65374	0.05308	0.07746	0.01299	0.00373	0.00506	0.02275	0.00751	0.00662
35	0.01595	0.00892	0.01181	0.01189	0.01395	0.00807	0.00859	0.01822	0.01897	0.15452	0.14996	0.42587	0.07847	0.02101	0.00997	0.00305	0.00510	0.01873	0.00849	0.00846
36	0.02221	0.71304	0.04353	0.01421	0.02132	0.03287	0.01421	0.02488	0.01688	0.01955	0.01155	0.01333	0.01066	0.00711	0.00533	0.00178	0.00888	0.00444	0.00355	0.01066
37	0.01818	0.01818	0.02545	0.02181	0.02181	0.02545	0.01818	0.01999	0.01272	0.01999	0.01091	0.01818	0.01091	0.01454	0.02726	0.00364	0.69284	0.00727	0.00364	0.00909
38	0.01363	0.00822	0.01092	0.01173	0.01305	0.00757	0.00815	0.01548	0.01746	0.09907	0.10577	0.52706	0.05214	0.05343	0.01165	0.00341	0.00514	0.02039	0.00805	0.00767
39	0.04832	0.01432	0.01800	0.01725	0.05648	0.01525	0.04890	0.07252	0.22938	0.03240	0.15799	0.15136	0.03813	0.01419	0.00889	0.00277	0.00643	0.01250	0.04445	0.01047
40	0.02491	0.02902	0.02472	0.12510	0.08658	0.36427	0.01817	0.02902	0.05678	0.02188	0.01429	0.01808	0.01188	0.00962	0.01117	0.00257	0.13121	0.00642	0.00431	0.01000
41	0.02133	0.01818	0.01916	0.01704	0.02186	0.02097	0.01331	0.07979	0.60448	0.03583	0.03297	0.03032	0.02467	0.01119	0.00844	0.00280	0.00673	0.00928	0.00844	0.01321
42	0.01913	0.02526	0.18578	0.02640	0.06842	0.02118	0.18292	0.06437	0.08742	0.02744	0.01822	0.04807	0.01496	0.01030	0.01284	0.00293	0.15969	0.00858	0.00477	0.01134
43	0.02928	0.01824	0.02031	0.01605	0.02170	0.01937	0.01310	0.35865	0.06999	0.17790	0.02482	0.02436	0.01747	0.01007	0.00789	0.00243	0.00761	0.00783	0.13997	0.01294
44	0.01127	0.00771	0.00930	0.01010	0.01030	0.00751	0.00615	0.01187	0.01367	0.01823	0.03433	0.32406	0.04050	0.42431	0.02910	0.00611	0.00671	0.01688	0.00615	0.00575
45	0.02149	0.01990	0.02257	0.10058	0.05471	0.13036	0.05957	0.12914	0.06343	0.04970	0.02463	0.18584	0.02363	0.01352	0.01024	0.00281	0.06011	0.01132	0.00616	0.01028
46	0.01359	0.01065	0.01484	0.05380	0.01826	0.01174	0.01149	0.04562	0.01605	0.02249	0.02716	0.17810	0.02804	0.03858	0.31927	0.00781	0.05577	0.05669	0.00553	0.06449
47	0.02835	0.06618	0.06557	0.02320	0.09962	0.16304	0.05155	0.15965	0.07169	0.15863	0.02053	0.02104	0.01489	0.00906	0.00802	0.00244	0.01034	0.00720	0.00654	0.01248

[dist]
# distance from previous block
# <min> <max>
0	5

[block]
# block no. 5 follows, 22 sequences, length 33
# corresponding to MSA columns:
# 1948-1980
name=unknown_F
#
# <colnr> <probs for GDERKNQSTAVLIFYWHMCP>
#	G	D	E	R	K	N	Q	S	T	A	V	L	I	F	Y	W	H	M	C	P
0	0.01968	0.01609	0.02563	0.34170	0.18170	0.01753	0.04099	0.05694	0.01915	0.07914	0.01766	0.02249	0.01333	0.00827	0.00804	0.00252	0.00967	0.00743	0.05545	0.05661
1	0.01130	0.00834	0.01067	0.01182	0.01291	0.00811	0.00819	0.01503	0.06965	0.02450	0.15298	0.53200	0.05665	0.02318	0.01028	0.00319	0.00481	0.02089	0.00803	0.00748
2	0.01817	0.03083	0.31671	0.06671	0.08235	0.02003	0.29157	0.02611	0.01849	0.02622	0.01578	0.02013	0.01165	0.00749	0.00878	0.00270	0.01281	0.00790	0.00386	0.01170
3	0.01290	0.00791	0.01037	0.01071	0.01102	0.00794	0.00712	0.01230	0.01274	0.01698	0.02524	0.09157	0.02796	0.32322	0.06010	0.26753	0.00810	0.07627	0.00499	0.00505
4	0.01012	0.00723	0.00964	0.01157	0.01205	0.00675	0.00771	0.01157	0.01591	0.02121	0.04579	0.70262	0.05495	0.02603	0.01060	0.00337	0.00482	0.02362	0.00771	0.00675
5	0.01137	0.00848	0.01056	0.01004	0.01217	0.00767	0.00753	0.01492	0.02260	0.03113	0.53786	0.06565	0.19373	0.01780	0.00980	0.00265	0.00398	0.01553	0.00886	0.00767
6	0.01012	0.00723	0.00964	0.01157	0.01205	0.00675	0.00771	0.01157	0.01591	0.02121	0.04579	0.70262	0.05495	0.02603	0.01060	0.00337	0.00482	0.02362	0.00771	0.00675
7	0.02221	0.71304	0.04353	0.01421	0.02132	0.03287	0.01421	0.02488	0.01688	0.01955	0.01155	0.01333	0.01066	0.00711	0.00533	0.00178	0.00888	0.00444	0.00355	0.01066
8	0.01666	0.04297	0.66500	0.02368	0.03596	0.01929	0.03069	0.02631	0.01754	0.02631	0.01491	0.01754	0.01052	0.00789	0.00789	0.00263	0.01228	0.00614	0.00351	0.01228
9	0.03514	0.01366	0.01859	0.01442	0.02047	0.01184	0.01184	0.03841	0.02376	0.60931	0.08464	0.03111	0.02541	0.01084	0.00848	0.00257	0.00681	0.00891	0.01019	0.01361
10	0.02221	0.71304	0.04353	0.01421	0.02132	0.03287	0.01421	0.02488	0.01688	0.01955	0.01155	0.01333	0.01066	0.00711	0.00533	0.00178	0.00888	0.00444	0.00355	0.01066
11	0.01569	0.01477	0.02492	0.68808	0.05722	0.01846	0.02307	0.02123	0.01661	0.02123	0.01477	0.02215	0.01107	0.00831	0.00831	0.00277	0.01107	0.00738	0.00369	0.00923
12	0.01012	0.00723	0.00964	0.01157	0.01205	0.00675	0.00771	0.01157	0.01591	0.02121	0.04579	0.70262	0.05495	0.02603	0.01060	0.00337	0.00482	0.02362	0.00771	0.00675
13	0.01012	0.00723	0.00964	0.01157	0.01205	0.00675	0.00771	0.01157	0.01591	0.02121	0.04579	0.70262	0.05495	0.02603	0.01060	0.00337	0.00482	0.02362	0.00771	0.00675
14	0.02221	0.71304	0.04353	0.01421	0.02132	0.03287	0.01421	0.02488	0.01688	0.01955	0.01155	0.01333	0.01066	0.00711	0.00533	0.00178	0.00888	0.00444	0.00355	0.01066
15	0.01516	0.00953	0.01318	0.01443	0.01651	0.00923	0.01203	0.01840	0.01891	0.09029	0.04321	0.21923	0.04653	0.02230	0.01096	0.00360	0.00697	0.41345	0.00794	0.00813
16	0.76672	0.01607	0.01221	0.01092	0.01607	0.01864	0.00900	0.02442	0.01414	0.03727	0.01157	0.01350	0.00900	0.00771	0.00514	0.00257	0.00643	0.00450	0.00514	0.00900
17	0.01167	0.00788	0.00918	0.00958	0.00968	0.00778	0.00559	0.01197	0.01288	0.01717	0.03026	0.18941	0.03536	0.56596	0.03568	0.00708	0.00738	0.01448	0.00559	0.00539
18	0.20528	0.07380	0.44041	0.02040	0.03043	0.01998	0.04864	0.02577	0.01673	0.02868	0.01396	0.01648	0.01023	0.00777	0.00713	0.00257	0.01069	0.00578	0.00395	0.01132
19	0.05965	0.02096	0.09759	0.13020	0.24791	0.01897	0.12988	0.02588	0.01832	0.07944	0.01658	0.02082	0.01273	0.00809	0.00922	0.00261	0.04553	0.00751	0.00458	0.04353
20	0.02245	0.02261	0.04330	0.03124	0.03923	0.02214	0.48125	0.16943	0.02422	0.03272	0.01755	0.02182	0.01297	0.00771	0.00945	0.00273	0.01285	0.00925	0.00518	0.01190
21	0.01045	0.00819	0.00947	0.00968	0.01175	0.00720	0.00706	0.01296	0.01965	0.02539	0.24370	0.20553	0.35758	0.02089	0.00998	0.00287	0.00425	0.01807	0.00814	0.00720
22	0.05895	0.01831	0.05710	0.19968	0.15921	0.01895	0.01886	0.03209	0.23085	0.08642	0.02292	0.02472	0.01710	0.00926	0.00816	0.00269	0.00876	0.00795	0.00607	0.01195
23	0.02040	0.14860	0.13174	0.02876	0.03736	0.02318	0.39717	0.06308	0.02002	0.02688	0.01580	0.01996	0.01206	0.00733	0.00865	0.00258	0.01255	0.00820	0.00424	0.01143
24	0.00987	0.00820	0.00863	0.00898	0.01137	0.00697	0.00656	0.01186	0.01839	0.02222	0.07731	0.19111	0.54611	0.02193	0.00996	0.00291	0.00432	0.01862	0.00771	0.00697
25	0.01095	0.00774	0.00995	0.01079	0.01161	0.00730	0.00726	0.01283	0.01738	0.02373	0.21520	0.40157	0.05712	0.14782	0.01615	0.00401	0.00515	0.01906	0.00763	0.00675
26	0.02126	0.09951	0.29967	0.02279	0.03172	0.06631	0.11143	0.11622	0.09610	0.03008	0.01772	0.01963	0.01316	0.00844	0.00802	0.00254	0.01124	0.00704	0.00496	0.01216
27	0.01319	0.01069	0.01452	0.08527	0.07119	0.01145	0.01127	0.01579	0.01638	0.02251	0.04077	0.19782	0.17701	0.07102	0.04586	0.00380	0.07825	0.01403	0.09131	0.00787
28	0.01011	0.00764	0.00935	0.01059	0.01183	0.00688	0.00731	0.01187	0.01716	0.02216	0.08647	0.48991	0.23041	0.02413	0.01034	0.00317	0.00460	0.02142	0.00778	0.00688
29	0.09513	0.18987	0.02990	0.17373	0.05564	0.02119	0.09440	0.02482	0.01810	0.09337	0.07363	0.02313	0.01818	0.00908	0.00859	0.00250	0.04582	0.00747	0.00509	0.01036
30	0.11795	0.01954	0.02836	0.02394	0.08814	0.02000	0.16180	0.18391	0.07675	0.16362	0.02150	0.02242	0.01528	0.00891	0.00829	0.00262	0.00942	0.00800	0.00694	0.01262
31	0.08474	0.02457	0.07185	0.03440	0.25509	0.11669	0.17535	0.06049	0.04583	0.02849	0.01611	0.01983	0.01270	0.00782	0.00826	0.00254	0.01136	0.00748	0.00462	0.01179
32	0.02033	0.01677	0.02673	0.08260	0.17284	0.01686	0.12938	0.05283	0.10776	0.10179	0.06687	0.03433	0.11168	0.01091	0.00890	0.00267	0.00876	0.01014	0.00640	0.01143

[dist]
# distance from previous block
# <min> <max>
0	24

[block]
# block no. 6 follows, 22 sequences, length 21
# corresponding to MSA columns:
# 2005-2025
name=unknown_G
#
# <colnr> <probs for GDERKNQSTAVLIFYWHMCP>
#	G	D	E	R	K	N	Q	S	T	A	V	L	I	F	Y	W	H	M	C	P
0	0.04678	0.01621	0.06053	0.02162	0.10875	0.01412	0.11587	0.05252	0.02157	0.12429	0.18082	0.04121	0.13496	0.01246	0.00902	0.00264	0.00777	0.01125	0.00705	0.01054
1	0.01743	0.01560	0.02221	0.27727	0.12148	0.01731	0.01773	0.02731	0.18448	0.02756	0.08782	0.02802	0.02247	0.00967	0.00826	0.00256	0.00842	0.00847	0.00573	0.09019
2	0.01433	0.01127	0.01721	0.29935	0.03157	0.01279	0.01444	0.01816	0.04734	0.02357	0.18203	0.07176	0.03234	0.01603	0.01393	0.16245	0.00784	0.01033	0.00554	0.00773
3	0.01878	0.02079	0.04393	0.17304	0.04633	0.02047	0.49861	0.02547	0.01897	0.02547	0.01638	0.02235	0.01228	0.00728	0.00949	0.00279	0.01339	0.00929	0.00409	0.01079
4	0.02359	0.02181	0.01931	0.01685	0.02128	0.16481	0.01311	0.15692	0.24904	0.03474	0.11836	0.02978	0.02746	0.01116	0.00825	0.00252	0.00842	0.00884	0.05231	0.01145
5	0.01054	0.00812	0.00963	0.00995	0.01184	0.00721	0.00720	0.01306	0.01961	0.02567	0.25981	0.24501	0.30031	0.02108	0.01003	0.00290	0.00428	0.01838	0.00818	0.00721
6	0.01448	0.00847	0.01142	0.01238	0.01388	0.00782	0.00889	0.01640	0.01737	0.11743	0.04368	0.54751	0.04916	0.02340	0.01034	0.00329	0.00541	0.07266	0.00809	0.00793
7	0.01531	0.00913	0.01209	0.01128	0.01367	0.00831	0.00847	0.01871	0.02230	0.12540	0.45921	0.16267	0.06586	0.01747	0.00971	0.00273	0.00454	0.01544	0.00908	0.00860
8	0.03158	0.02327	0.02493	0.01911	0.02576	0.02576	0.01579	0.62852	0.03906	0.05236	0.01995	0.01995	0.01413	0.00997	0.00831	0.00249	0.00914	0.00748	0.00831	0.01413
9	0.03727	0.01414	0.01928	0.01478	0.02121	0.01221	0.01221	0.04049	0.02378	0.66198	0.03277	0.02828	0.02056	0.01028	0.00835	0.00257	0.00707	0.00835	0.01028	0.01414
10	0.02066	0.01785	0.01878	0.01691	0.02160	0.02066	0.01315	0.04414	0.64121	0.03475	0.03381	0.03099	0.02536	0.01127	0.00845	0.00282	0.00657	0.00939	0.00845	0.01315
11	0.01037	0.00795	0.00950	0.01013	0.01182	0.00709	0.00721	0.01260	0.01872	0.02433	0.19331	0.32735	0.28539	0.02216	0.01013	0.00299	0.00439	0.01944	0.00803	0.00709
12	0.02717	0.08874	0.02419	0.01880	0.02405	0.25395	0.01492	0.18363	0.21806	0.03268	0.02098	0.02102	0.01609	0.00962	0.00780	0.00241	0.01039	0.00705	0.00651	0.01193
13	0.02755	0.01829	0.02445	0.09010	0.08403	0.01834	0.05148	0.22704	0.02638	0.20317	0.02144	0.02217	0.01506	0.00889	0.00807	0.00236	0.00868	0.00744	0.00722	0.12784
14	0.34354	0.02107	0.12217	0.01526	0.02213	0.01821	0.01441	0.12305	0.02104	0.19760	0.01884	0.01894	0.01300	0.00875	0.00690	0.00257	0.00797	0.00622	0.00668	0.01165
15	0.01127	0.00840	0.01055	0.01069	0.01260	0.00768	0.00807	0.01442	0.02095	0.02831	0.37738	0.16501	0.19384	0.01982	0.01010	0.00289	0.00450	0.07757	0.00847	0.00748
16	0.02003	0.13304	0.26152	0.02652	0.03593	0.02261	0.27192	0.07981	0.02021	0.02774	0.01564	0.01913	0.01172	0.00759	0.00833	0.00256	0.01220	0.00751	0.00423	0.01176
17	0.09609	0.02116	0.09495	0.19937	0.19483	0.01964	0.20454	0.02473	0.01792	0.02647	0.01528	0.02049	0.01178	0.00759	0.00837	0.00267	0.01129	0.00770	0.00408	0.01107
18	0.01041	0.00735	0.00955	0.01119	0.01160	0.00694	0.00731	0.01164	0.01533	0.02044	0.04285	0.60560	0.05124	0.12810	0.01534	0.00407	0.00530	0.02189	0.00731	0.00649
19	0.14593	0.01524	0.01872	0.01459	0.02084	0.01438	0.01205	0.09042	0.02369	0.51423	0.02846	0.02532	0.01826	0.00987	0.00787	0.00256	0.00716	0.00770	0.00934	0.01337
20	0.02330	0.01950	0.12285	0.02521	0.19586	0.01555	0.01777	0.05789	0.05713	0.18832	0.02462	0.06506	0.01909	0.01001	0.00800	0.00252	0.00812	0.00859	0.11849	0.01212

[dist]
# distance from previous block
# <min> <max>
3	5

[block]
# block no. 7 follows, 22 sequences, length 13
# corresponding to MSA columns:
# 2031-2043
name=unknown_H
#
# <colnr> <probs for GDERKNQSTAVLIFYWHMCP>
#	G	D	E	R	K	N	Q	S	T	A	V	L	I	F	Y	W	H	M	C	P
0	0.22574	0.01938	0.02349	0.02400	0.15198	0.02163	0.04247	0.18424	0.11172	0.03696	0.01795	0.01988	0.01383	0.00924	0.00897	0.00266	0.06088	0.00701	0.00607	0.01188
1	0.11954	0.11599	0.05821	0.02149	0.07799	0.12322	0.05165	0.23745	0.05850	0.03548	0.01665	0.01817	0.01275	0.00868	0.00746	0.00239	0.01002	0.00655	0.00586	0.01195
2	0.02014	0.10741	0.08043	0.01560	0.02221	0.07458	0.01390	0.02386	0.01758	0.05686	0.01467	0.01724	0.01205	0.00782	0.00889	0.00185	0.08761	0.00546	0.00469	0.40715
3	0.11306	0.01710	0.01915	0.07477	0.05923	0.07515	0.04003	0.11876	0.07092	0.03344	0.21424	0.03615	0.07021	0.01201	0.00845	0.00259	0.00768	0.01003	0.00696	0.01008
4	0.01292	0.00845	0.01152	0.08883	0.01564	0.00881	0.00819	0.01268	0.01280	0.01696	0.02425	0.13981	0.02694	0.31770	0.03057	0.23425	0.00766	0.01180	0.00485	0.00535
5	0.01072	0.00837	0.00972	0.00956	0.01182	0.00737	0.00710	0.01360	0.02080	0.02728	0.33873	0.11560	0.35049	0.01955	0.00986	0.00276	0.00412	0.01682	0.00836	0.00737
6	0.02247	0.46793	0.03540	0.07593	0.02408	0.02667	0.01447	0.02312	0.01720	0.02124	0.01541	0.02079	0.01426	0.01379	0.01268	0.16376	0.00956	0.00628	0.00459	0.01038
7	0.02906	0.01318	0.01689	0.01352	0.01879	0.01184	0.01096	0.07777	0.02414	0.42959	0.12186	0.04038	0.12904	0.01287	0.00878	0.00261	0.00635	0.01064	0.00957	0.01216
8	0.02056	0.46141	0.03809	0.16473	0.12176	0.02785	0.01777	0.02418	0.01712	0.02102	0.01284	0.01628	0.01111	0.00741	0.00639	0.00209	0.00950	0.00551	0.00366	0.01072
9	0.18396	0.01892	0.07631	0.01957	0.09659	0.01762	0.01497	0.07865	0.14639	0.19224	0.05528	0.02489	0.01974	0.00970	0.00770	0.00261	0.00762	0.00770	0.00728	0.01224
10	0.12831	0.05131	0.01932	0.06002	0.07515	0.11362	0.01335	0.08263	0.02002	0.02794	0.07376	0.17250	0.05847	0.01385	0.00945	0.00272	0.05106	0.01115	0.00598	0.00939
11	0.02232	0.02573	0.13701	0.07022	0.09322	0.10646	0.04824	0.13649	0.17105	0.03227	0.05710	0.02428	0.01905	0.00961	0.00831	0.00259	0.00999	0.00795	0.00607	0.01203
12	0.06434	0.08067	0.02926	0.02708	0.17650	0.06980	0.12441	0.11688	0.02298	0.03159	0.14683	0.02787	0.02600	0.00978	0.00835	0.00248	0.00937	0.00883	0.00583	0.01113

[dist]
# distance from previous block
# <min> <max>
0	58

[block]
# block no. 8 follows, 22 sequences, length 15
# corresponding to MSA columns:
# 2102-2116
name=unknown_I
#
# <colnr> <probs for GDERKNQSTAVLIFYWHMCP>
#	G	D	E	R	K	N	Q	S	T	A	V	L	I	F	Y	W	H	M	C	P
0	0.10897	0.07982	0.17643	0.01572	0.02157	0.01633	0.01527	0.04816	0.07892	0.10476	0.02609	0.17460	0.02440	0.06005	0.01041	0.00309	0.00802	0.01074	0.00624	0.01040
1	0.01891	0.10253	0.04811	0.02205	0.14725	0.01848	0.01524	0.10199	0.09068	0.03198	0.23488	0.03467	0.03638	0.01182	0.00949	0.00255	0.04555	0.00981	0.00673	0.01089
2	0.01605	0.01334	0.01620	0.01431	0.01614	0.05463	0.05090	0.07678	0.01632	0.02162	0.02230	0.03932	0.02294	0.36299	0.17285	0.00767	0.05313	0.01005	0.00504	0.00742
3	0.02889	0.01897	0.02411	0.05559	0.06071	0.01994	0.05276	0.27935	0.10253	0.20498	0.02450	0.02499	0.01743	0.03468	0.00964	0.00278	0.00869	0.00824	0.00800	0.01320
4	0.02120	0.01580	0.01754	0.01555	0.02000	0.01745	0.01213	0.03887	0.46026	0.11193	0.13847	0.03593	0.03376	0.01212	0.00867	0.00275	0.00619	0.01022	0.00880	0.01237
5	0.01723	0.01477	0.01723	0.01230	0.01969	0.01107	0.00984	0.02092	0.01723	0.02707	0.01477	0.01723	0.01230	0.00615	0.00615	0.00123	0.00615	0.00492	0.00492	0.75883
6	0.01741	0.07287	0.14051	0.24441	0.11071	0.02067	0.06273	0.02271	0.01694	0.02349	0.04971	0.02203	0.01503	0.00957	0.01164	0.00279	0.13488	0.00752	0.00403	0.01036
7	0.01961	0.02241	0.04902	0.03501	0.04342	0.02101	0.62605	0.02661	0.01961	0.02661	0.01681	0.02241	0.01261	0.00700	0.00980	0.00280	0.01401	0.00980	0.00420	0.01120
8	0.01012	0.00723	0.00964	0.01157	0.01205	0.00675	0.00771	0.01157	0.01591	0.02121	0.04579	0.70262	0.05495	0.02603	0.01060	0.00337	0.00482	0.02362	0.00771	0.00675
9	0.02070	0.01240	0.01755	0.12987	0.06649	0.01226	0.01353	0.02522	0.04295	0.21134	0.15883	0.04747	0.11034	0.01391	0.00917	0.00279	0.00701	0.07998	0.00784	0.01033
10	0.01947	0.02199	0.04668	0.03370	0.04127	0.02145	0.56561	0.02595	0.01892	0.02595	0.01622	0.02199	0.01244	0.00775	0.01154	0.00288	0.08150	0.00955	0.00415	0.01099
11	0.01521	0.01410	0.02193	0.01896	0.02046	0.01728	0.08794	0.01780	0.01408	0.02049	0.02009	0.10961	0.02057	0.07522	0.20218	0.00647	0.29438	0.01037	0.00453	0.00832
12	0.01472	0.01044	0.01392	0.01301	0.01394	0.01202	0.00950	0.01623	0.01340	0.06114	0.02275	0.03930	0.02318	0.32951	0.24892	0.00872	0.12727	0.00996	0.00496	0.00712
13	0.01238	0.00918	0.01198	0.01319	0.01532	0.00879	0.01116	0.01581	0.01952	0.02513	0.11393	0.08731	0.19402	0.02190	0.01092	0.00346	0.00646	0.40422	0.00781	0.00752
14	0.01490	0.01320	0.01889	0.01614	0.01989	0.01325	0.11379	0.02395	0.18922	0.02867	0.17566	0.14426	0.16187	0.01585	0.00955	0.00285	0.00654	0.01435	0.00763	0.00954

[dist]
# distance from previous block
# <min> <max>
0	3

[block]
# block no. 9 follows, 22 sequences, length 15
# corresponding to MSA columns:
# 2120-2134
name=unknown_J
#
# <colnr> <probs for GDERKNQSTAVLIFYWHMCP>
#	G	D	E	R	K	N	Q	S	T	A	V	L	I	F	Y	W	H	M	C	P
0	0.02194	0.02258	0.06137	0.04529	0.53633	0.07057	0.02435	0.06707	0.02058	0.02829	0.01567	0.01995	0.01291	0.00769	0.00816	0.00245	0.01032	0.00719	0.00438	0.01291
1	0.01602	0.01254	0.02080	0.01796	0.02130	0.01202	0.15515	0.02112	0.07914	0.08542	0.03649	0.41050	0.03870	0.01855	0.00999	0.00311	0.00738	0.01748	0.00720	0.00914
2	0.01569	0.01477	0.02492	0.68808	0.05722	0.01846	0.02307	0.02123	0.01661	0.02123	0.01477	0.02215	0.01107	0.00831	0.00831	0.00277	0.01107	0.00738	0.00369	0.00923
3	0.01012	0.00723	0.00964	0.01157	0.01205	0.00675	0.00771	0.01157	0.01591	0.02121	0.04579	0.70262	0.05495	0.02603	0.01060	0.00337	0.00482	0.02362	0.00771	0.00675
4	0.02197	0.01190	0.01381	0.01120	0.01581	0.01069	0.00890	0.06101	0.02015	0.17884	0.02495	0.02628	0.01847	0.00897	0.00664	0.00194	0.00550	0.00717	0.35038	0.19541
5	0.03682	0.01487	0.01973	0.01513	0.02157	0.01330	0.01250	0.08769	0.02500	0.61304	0.03174	0.02761	0.02005	0.01026	0.00835	0.00256	0.00724	0.00828	0.01012	0.01414
6	0.01012	0.00723	0.00964	0.01157	0.01205	0.00675	0.00771	0.01157	0.01591	0.02121	0.04579	0.70262	0.05495	0.02603	0.01060	0.00337	0.00482	0.02362	0.00771	0.00675
7	0.01991	0.01396	0.01546	0.01353	0.01742	0.01470	0.01080	0.17873	0.12471	0.06243	0.13091	0.04400	0.11028	0.01365	0.00855	0.00261	0.00615	0.05802	0.14374	0.01043
8	0.08326	0.01367	0.01612	0.01301	0.01804	0.01327	0.01057	0.11651	0.02335	0.34140	0.02771	0.02682	0.01902	0.00987	0.00735	0.00237	0.00636	0.00777	0.23168	0.01185
9	0.01208	0.00805	0.00906	0.00906	0.00906	0.00805	0.00503	0.01208	0.01208	0.01611	0.02618	0.05436	0.03020	0.70804	0.04228	0.00805	0.00805	0.01208	0.00503	0.00503
10	0.01024	0.00742	0.00968	0.01126	0.01202	0.00686	0.00763	0.01194	0.01675	0.02231	0.09964	0.60618	0.09752	0.02492	0.01048	0.00327	0.00470	0.02248	0.00783	0.00686
11	0.01876	0.01440	0.02257	0.49028	0.04597	0.01689	0.01960	0.02515	0.06381	0.11284	0.06997	0.02687	0.01887	0.00950	0.00844	0.00273	0.00961	0.00828	0.00540	0.01009
12	0.08672	0.02174	0.12519	0.02461	0.13808	0.01782	0.08296	0.11913	0.02246	0.14406	0.06086	0.02343	0.01802	0.00889	0.00805	0.00247	0.00910	0.00770	0.00624	0.07247
13	0.01644	0.03203	0.41160	0.24281	0.04204	0.01942	0.02735	0.02421	0.01692	0.02421	0.01460	0.01910	0.01073	0.00847	0.00931	0.00274	0.05675	0.00662	0.00358	0.01106
14	0.02040	0.01014	0.01346	0.06614	0.01801	0.00965	0.00992	0.02331	0.01880	0.22564	0.03476	0.27603	0.03260	0.01576	0.00857	0.00273	0.00581	0.01374	0.18501	0.00951

[dist]
# distance from previous block
# <min> <max>
0	14

[block]
# block no. 10 follows, 22 sequences, length 24
# corresponding to MSA columns:
# 2150-2173
name=unknown_K
#
# <colnr> <probs for GDERKNQSTAVLIFYWHMCP>
#	G	D	E	R	K	N	Q	S	T	A	V	L	I	F	Y	W	H	M	C	P
0	0.11557	0.01782	0.02471	0.17152	0.19038	0.01954	0.01858	0.13363	0.02180	0.13469	0.01820	0.02103	0.01343	0.00903	0.00913	0.00264	0.05338	0.00720	0.00587	0.01186
1	0.01986	0.02144	0.20393	0.01553	0.02130	0.01520	0.01575	0.11123	0.02054	0.08024	0.02188	0.02556	0.01683	0.04305	0.01007	0.00267	0.05084	0.00746	0.28616	0.01044
2	0.01841	0.01754	0.02984	0.33208	0.39193	0.01917	0.02443	0.02361	0.01790	0.02453	0.01525	0.02126	0.01224	0.00780	0.00826	0.00260	0.01040	0.00739	0.00393	0.01142
3	0.01331	0.01130	0.01183	0.01119	0.01450	0.01126	0.00854	0.02210	0.20931	0.02719	0.12053	0.06337	0.40894	0.01769	0.00940	0.00279	0.00490	0.01482	0.00807	0.00896
4	0.01143	0.00824	0.01081	0.01067	0.01234	0.00762	0.00781	0.01486	0.02200	0.03091	0.53135	0.18940	0.07373	0.01878	0.00996	0.00276	0.00410	0.01673	0.00886	0.00762
5	0.01125	0.00847	0.01040	0.00992	0.01210	0.00762	0.00744	0.01469	0.02232	0.03047	0.50330	0.06674	0.22870	0.01804	0.00980	0.00266	0.00399	0.01568	0.00877	0.00762
6	0.01208	0.00805	0.00906	0.00906	0.00906	0.00805	0.00503	0.01208	0.01208	0.01611	0.02618	0.05436	0.03020	0.70804	0.04228	0.00805	0.00805	0.01208	0.00503	0.00503
7	0.01170	0.00823	0.01068	0.01175	0.01311	0.00784	0.00887	0.01438	0.01836	0.02501	0.16616	0.30396	0.09300	0.05480	0.01184	0.00344	0.00543	0.16947	0.05477	0.00720
