[name]
unknown

[dist]
# distance from previous block
# <min> <max>
1	57

[block]
# block no. 0 follows, 20 sequences, length 52
# corresponding to MSA columns:
# 58-109
name=unknown_A
#
# <colnr> <probs for GDERKNQSTAVLIFYWHMCP>
#	G	D	E	R	K	N	Q	S	T	A	V	L	I	F	Y	W	H	M	C	P
0	0.02776	0.13473	0.03024	0.06738	0.14742	0.02462	0.01816	0.27122	0.04934	0.09125	0.01970	0.02111	0.01474	0.00926	0.00811	0.00248	0.00945	0.00735	0.00677	0.03889
1	0.02301	0.02960	0.19518	0.19611	0.10480	0.14451	0.06292	0.02908	0.02036	0.08738	0.01729	0.02097	0.01274	0.00867	0.00854	0.00269	0.01242	0.00726	0.00473	0.01173
2	0.01086	0.00782	0.01036	0.01230	0.01301	0.00731	0.00847	0.01259	0.01708	0.02260	0.04958	0.62030	0.08070	0.02688	0.01117	0.00355	0.00525	0.06492	0.00809	0.00717
3	0.01233	0.00910	0.01323	0.01340	0.01471	0.01033	0.01009	0.01499	0.01412	0.02009	0.02591	0.09294	0.02590	0.12547	0.54103	0.01255	0.02028	0.01102	0.00503	0.00748
4	0.01642	0.02461	0.25787	0.14969	0.03257	0.01596	0.02099	0.02356	0.04162	0.04772	0.13956	0.03332	0.02832	0.05985	0.06727	0.00413	0.01113	0.00940	0.00550	0.01050
5	0.15221	0.03519	0.02285	0.07670	0.02813	0.49629	0.01625	0.03221	0.02244	0.02441	0.01343	0.01612	0.01097	0.00882	0.00753	0.00238	0.01387	0.00565	0.00459	0.00996
6	0.09110	0.01856	0.02408	0.02627	0.18559	0.01924	0.01686	0.09511	0.18031	0.21152	0.02665	0.02607	0.01912	0.01000	0.00847	0.00273	0.00823	0.00835	0.00791	0.01384
7	0.01383	0.01655	0.13108	0.01409	0.01843	0.01162	0.01306	0.02065	0.08269	0.03107	0.33146	0.11445	0.13308	0.01689	0.00985	0.00287	0.00617	0.01463	0.00808	0.00945
8	0.01829	0.00964	0.01124	0.01092	0.01381	0.00908	0.00876	0.02193	0.01992	0.12236	0.04286	0.05360	0.13039	0.01498	0.00837	0.00267	0.00541	0.12195	0.36481	0.00900
9	0.01063	0.00759	0.01012	0.01215	0.01265	0.00709	0.00810	0.01215	0.01670	0.02227	0.04808	0.68775	0.05769	0.02733	0.01113	0.00354	0.00506	0.02480	0.00810	0.00709
10	0.03795	0.01674	0.02142	0.01642	0.02321	0.01564	0.01356	0.15483	0.02814	0.52826	0.03175	0.02796	0.02025	0.01073	0.00876	0.00268	0.00785	0.00859	0.01039	0.01484
11	0.01809	0.01550	0.01809	0.01292	0.02067	0.01163	0.01034	0.02196	0.01809	0.02842	0.01550	0.01809	0.01292	0.00646	0.00646	0.00129	0.00646	0.00517	0.00517	0.74677
12	0.01406	0.01004	0.01406	0.01606	0.01807	0.01004	0.01406	0.01807	0.02008	0.02610	0.04618	0.09839	0.05020	0.02410	0.01205	0.00402	0.00803	0.58032	0.00803	0.00803
13	0.01235	0.00892	0.01166	0.01097	0.01303	0.00823	0.00823	0.01646	0.02469	0.03498	0.63443	0.06516	0.08230	0.01783	0.01029	0.00274	0.00412	0.01578	0.00960	0.00823
14	0.01647	0.01550	0.02616	0.67248	0.06008	0.01938	0.02422	0.02229	0.01744	0.02229	0.01550	0.02326	0.01163	0.00872	0.00872	0.00291	0.01163	0.00775	0.00388	0.00969
15	0.06091	0.01588	0.01992	0.01637	0.02218	0.01536	0.01368	0.14939	0.02679	0.38352	0.03318	0.04080	0.02538	0.01323	0.00927	0.00294	0.00795	0.12031	0.00964	0.01330
16	0.47856	0.02312	0.01765	0.01523	0.02075	0.14602	0.01223	0.13677	0.02167	0.03862	0.01405	0.01574	0.01080	0.00872	0.00650	0.00260	0.00904	0.00548	0.00584	0.01059
17	0.02394	0.01985	0.02099	0.01821	0.02354	0.02274	0.01435	0.15667	0.50930	0.04011	0.03265	0.03027	0.02432	0.01157	0.00885	0.00289	0.00743	0.00947	0.00885	0.01401
18	0.01306	0.01002	0.01268	0.01356	0.01510	0.01057	0.00971	0.01922	0.12967	0.02453	0.04089	0.43724	0.04486	0.03189	0.13751	0.00548	0.00899	0.01898	0.00757	0.00848
19	0.01809	0.01550	0.01809	0.01292	0.02067	0.01163	0.01034	0.02196	0.01809	0.02842	0.01550	0.01809	0.01292	0.00646	0.00646	0.00129	0.00646	0.00517	0.00517	0.74677
20	0.01117	0.00782	0.00996	0.01146	0.01183	0.00744	0.00736	0.01229	0.01565	0.02086	0.04267	0.52226	0.05088	0.20212	0.01986	0.00483	0.00595	0.02162	0.00736	0.00661
21	0.01647	0.01550	0.02616	0.67248	0.06008	0.01938	0.02422	0.02229	0.01744	0.02229	0.01550	0.02326	0.01163	0.00872	0.00872	0.00291	0.01163	0.00775	0.00388	0.00969
22	0.01675	0.01111	0.01511	0.01724	0.07832	0.01079	0.01119	0.02144	0.07997	0.10736	0.09239	0.41401	0.04750	0.02079	0.01027	0.00321	0.00601	0.01868	0.00828	0.00956
23	0.01063	0.00759	0.01012	0.01215	0.01265	0.00709	0.00810	0.01215	0.01670	0.02227	0.04808	0.68775	0.05769	0.02733	0.01113	0.00354	0.00506	0.02480	0.00810	0.00709
24	0.03176	0.01819	0.02075	0.01628	0.02222	0.01881	0.01333	0.31371	0.03145	0.23862	0.02671	0.02600	0.01846	0.01051	0.00823	0.00253	0.00782	0.00820	0.15290	0.01353
25	0.01177	0.00914	0.01326	0.14141	0.02194	0.00949	0.01125	0.01413	0.01685	0.02227	0.04170	0.55768	0.04868	0.02369	0.01066	0.00342	0.00635	0.02146	0.00727	0.00759
26	0.02222	0.01975	0.02879	0.38470	0.09947	0.08005	0.08109	0.06461	0.02095	0.08823	0.01787	0.02293	0.01316	0.00885	0.00880	0.00278	0.01166	0.00792	0.00504	0.01115
27	0.01701	0.01652	0.01838	0.08298	0.02279	0.12531	0.01410	0.02013	0.01615	0.02072	0.01966	0.02842	0.01791	0.04487	0.41699	0.00983	0.08682	0.00837	0.00448	0.00856
28	0.75506	0.01687	0.01282	0.01147	0.01687	0.01957	0.00945	0.02564	0.01484	0.03914	0.01215	0.01417	0.00945	0.00810	0.00540	0.00270	0.00675	0.00472	0.00540	0.00945
29	0.03317	0.01309	0.01709	0.01359	0.01911	0.01160	0.01107	0.03673	0.02323	0.48541	0.03286	0.03043	0.02179	0.01063	0.00807	0.00253	0.00655	0.00860	0.20135	0.01309
30	0.02555	0.45494	0.04089	0.01889	0.02595	0.13453	0.07534	0.08660	0.02151	0.02488	0.01380	0.01594	0.01177	0.00800	0.00676	0.00211	0.01095	0.00571	0.00443	0.01144
31	0.01382	0.01068	0.01269	0.01331	0.01504	0.01111	0.00936	0.02145	0.17604	0.02636	0.08105	0.42101	0.04890	0.08011	0.01336	0.00376	0.00578	0.01925	0.00816	0.00877
32	0.01329	0.00991	0.01247	0.01166	0.01400	0.00959	0.00879	0.01948	0.08506	0.03513	0.57403	0.06187	0.07669	0.01723	0.01015	0.00277	0.00440	0.01518	0.00953	0.00879
33	0.01254	0.00902	0.01238	0.01238	0.01337	0.01001	0.00886	0.01453	0.01353	0.01904	0.02486	0.04256	0.02541	0.29355	0.43567	0.01200	0.01795	0.01056	0.00490	0.00688
34	0.35558	0.01938	0.01829	0.01552	0.02120	0.02213	0.01256	0.18391	0.19698	0.04250	0.02117	0.02123	0.01580	0.00979	0.00727	0.00275	0.00754	0.00702	0.00727	0.01211
35	0.01750	0.04512	0.64825	0.02486	0.03775	0.02026	0.03223	0.02762	0.01842	0.02762	0.01565	0.01842	0.01105	0.00829	0.00829	0.00276	0.01289	0.00645	0.00368	0.01289
36	0.01750	0.04512	0.64825	0.02486	0.03775	0.02026	0.03223	0.02762	0.01842	0.02762	0.01565	0.01842	0.01105	0.00829	0.00829	0.00276	0.01289	0.00645	0.00368	0.01289
37	0.01045	0.00884	0.00902	0.00898	0.01187	0.00742	0.00673	0.01278	0.02020	0.02432	0.12476	0.08269	0.59862	0.02181	0.01031	0.00293	0.00440	0.01823	0.00820	0.00742
38	0.01115	0.00887	0.01000	0.00971	0.01230	0.00772	0.00729	0.01414	0.02186	0.02825	0.31269	0.07623	0.40824	0.02034	0.01030	0.00286	0.00429	0.01733	0.00872	0.00772
39	0.02642	0.56483	0.04072	0.01504	0.02236	0.03027	0.01451	0.02933	0.01914	0.14278	0.01649	0.01707	0.01323	0.00812	0.00622	0.00203	0.00896	0.00547	0.00511	0.01191
40	0.01828	0.01677	0.02792	0.26753	0.31046	0.01815	0.02337	0.02346	0.01904	0.02581	0.02191	0.03722	0.02016	0.01131	0.00933	0.00298	0.01036	0.11984	0.00489	0.01121
41	0.02235	0.01840	0.02945	0.28976	0.29679	0.01995	0.02349	0.07691	0.02125	0.09052	0.01826	0.02300	0.01383	0.00868	0.00869	0.00273	0.01050	0.00787	0.00518	0.01239
42	0.01076	0.00842	0.00976	0.01034	0.01229	0.00741	0.00741	0.01305	0.01958	0.02503	0.16585	0.29027	0.34239	0.02319	0.01059	0.00312	0.00459	0.02018	0.00835	0.00741
43	0.02076	0.01153	0.01504	0.07872	0.02063	0.01064	0.01113	0.02413	0.02206	0.22500	0.14901	0.05831	0.24828	0.01656	0.00976	0.00290	0.00630	0.05028	0.00878	0.01018
44	0.02612	0.02363	0.08119	0.02181	0.02881	0.06308	0.11759	0.14834	0.14276	0.12090	0.02323	0.02396	0.01692	0.00975	0.00952	0.00265	0.03725	0.00824	0.00703	0.08722
45	0.02743	0.01538	0.01766	0.01479	0.01981	0.01589	0.01181	0.10698	0.19728	0.23845	0.03153	0.03018	0.02242	0.01089	0.00810	0.00259	0.00666	0.00881	0.20054	0.01279
46	0.01664	0.01832	0.10386	0.01987	0.07886	0.01632	0.01585	0.02522	0.13664	0.03119	0.26578	0.04231	0.06472	0.01421	0.01229	0.00294	0.10559	0.01151	0.00726	0.01063
47	0.01647	0.01550	0.02616	0.67248	0.06008	0.01938	0.02422	0.02229	0.01744	0.02229	0.01550	0.02326	0.01163	0.00872	0.00872	0.00291	0.01163	0.00775	0.00388	0.00969
48	0.01756	0.01466	0.05803	0.08372	0.08018	0.01319	0.01385	0.02398	0.08604	0.09191	0.25672	0.04734	0.08737	0.07257	0.01248	0.00327	0.00707	0.01218	0.00770	0.01016
49	0.01546	0.01978	0.16422	0.01513	0.02126	0.01303	0.01474	0.02284	0.08199	0.03101	0.25315	0.04325	0.09839	0.01312	0.00892	0.00250	0.00697	0.01112	0.00711	0.15601
50	0.03258	0.04157	0.02472	0.02247	0.02697	0.65843	0.01685	0.03483	0.02472	0.02135	0.01348	0.01573	0.01124	0.00899	0.00787	0.00225	0.01573	0.00562	0.00449	0.01011
51	0.02260	0.16640	0.18997	0.06110	0.02940	0.02273	0.01950	0.13988	0.02259	0.05164	0.01638	0.01864	0.01260	0.00855	0.00825	0.00230	0.03489	0.00630	0.00523	0.16104

[dist]
# distance from previous block
# <min> <max>
0	2

[block]
# block no. 1 follows, 20 sequences, length 9
# corresponding to MSA columns:
# 112-120
name=unknown_B
#
# <colnr> <probs for GDERKNQSTAVLIFYWHMCP>
#	G	D	E	R	K	N	Q	S	T	A	V	L	I	F	Y	W	H	M	C	P
0	0.01494	0.01616	0.13285	0.01379	0.01825	0.01076	0.01300	0.02005	0.02327	0.07217	0.45040	0.05498	0.09335	0.01579	0.00981	0.00275	0.00601	0.01369	0.00848	0.00949
1	0.01138	0.00815	0.01089	0.01233	0.01334	0.00766	0.00879	0.01374	0.01880	0.02543	0.17400	0.48784	0.06215	0.02492	0.01105	0.00342	0.00519	0.08506	0.00841	0.00744
2	0.39890	0.07025	0.01999	0.01641	0.02155	0.29485	0.01297	0.02962	0.01927	0.03033	0.01272	0.01483	0.01032	0.00844	0.00647	0.00245	0.01077	0.00510	0.00491	0.00984
3	0.02442	0.01805	0.01991	0.01752	0.02265	0.02010	0.01392	0.08944	0.45257	0.11888	0.03494	0.03595	0.02669	0.01246	0.00908	0.00297	0.00727	0.05050	0.00906	0.01361
4	0.01160	0.00889	0.01063	0.01019	0.01257	0.00791	0.00764	0.01502	0.02293	0.03080	0.43450	0.07204	0.28485	0.01939	0.01030	0.00282	0.00423	0.01674	0.00905	0.00791
5	0.02247	0.60321	0.13374	0.01638	0.02463	0.03243	0.01745	0.02634	0.01783	0.02156	0.01264	0.01464	0.01117	0.00758	0.00599	0.00200	0.00985	0.00492	0.00372	0.01144
6	0.01258	0.00887	0.01160	0.01160	0.01232	0.00959	0.00788	0.01402	0.01330	0.01846	0.02558	0.04654	0.02713	0.40316	0.32843	0.01103	0.01535	0.01114	0.00500	0.00644
7	0.01480	0.01314	0.01439	0.06400	0.01853	0.08223	0.01072	0.01856	0.02223	0.02949	0.38829	0.05320	0.09972	0.02339	0.10465	0.00436	0.00883	0.01326	0.00776	0.00843
8	0.02697	0.12168	0.05622	0.02234	0.09385	0.02514	0.01726	0.33151	0.09035	0.04237	0.06806	0.02447	0.02043	0.01034	0.00838	0.00255	0.00910	0.00813	0.00736	0.01349

[dist]
# distance from previous block
# <min> <max>
0	22

[block]
# block no. 2 follows, 20 sequences, length 12
# corresponding to MSA columns:
# 143-154
name=unknown_C
#
# <colnr> <probs for GDERKNQSTAVLIFYWHMCP>
#	G	D	E	R	K	N	Q	S	T	A	V	L	I	F	Y	W	H	M	C	P
0	0.02455	0.16546	0.10724	0.03084	0.20927	0.18555	0.05044	0.04779	0.05120	0.02616	0.01587	0.01882	0.01295	0.00834	0.00788	0.00241	0.01184	0.00667	0.00454	0.01217
1	0.32736	0.01699	0.01991	0.12597	0.12130	0.01895	0.01520	0.09329	0.02059	0.03603	0.10518	0.02504	0.02175	0.00985	0.00755	0.00271	0.00805	0.00767	0.00599	0.01063
2	0.09974	0.26709	0.02853	0.09281	0.02557	0.12185	0.01416	0.02486	0.01876	0.02433	0.02163	0.02368	0.08006	0.00938	0.00694	0.00217	0.00936	0.00677	0.00474	0.11755
3	0.02931	0.07382	0.02544	0.09520	0.02878	0.02183	0.01574	0.30237	0.03003	0.15441	0.02131	0.02188	0.01514	0.00950	0.00815	0.00241	0.00895	0.00737	0.00762	0.12071
4	0.01265	0.00944	0.01190	0.01221	0.01393	0.00923	0.00879	0.01794	0.08724	0.02980	0.32214	0.32314	0.06583	0.02116	0.01049	0.00310	0.00482	0.01891	0.00889	0.00836
5	0.01254	0.00931	0.01198	0.01148	0.01378	0.00832	0.00843	0.01598	0.02195	0.03105	0.41825	0.21716	0.06845	0.01898	0.01008	0.00279	0.00461	0.01688	0.00873	0.08926
6	0.01217	0.00824	0.00967	0.01018	0.01031	0.00811	0.00600	0.01255	0.01370	0.01826	0.03268	0.21631	0.03827	0.52527	0.03600	0.00722	0.00760	0.01574	0.00600	0.00574
7	0.01805	0.01859	0.03589	0.42814	0.05451	0.02041	0.24836	0.02446	0.01865	0.02446	0.01633	0.02336	0.01225	0.00820	0.00933	0.00292	0.01281	0.00873	0.00408	0.01049
8	0.01882	0.01624	0.01698	0.01550	0.01993	0.01808	0.01199	0.03781	0.47094	0.03323	0.04885	0.04552	0.18035	0.01442	0.00924	0.00296	0.00628	0.01202	0.00868	0.01218
9	0.01936	0.18512	0.02084	0.01234	0.01647	0.01796	0.01036	0.05799	0.11428	0.03164	0.09694	0.03108	0.02690	0.01067	0.00705	0.00225	0.00615	0.00842	0.31403	0.01017
10	0.02460	0.01655	0.02141	0.01943	0.10472	0.01401	0.01351	0.06068	0.02131	0.18221	0.02060	0.02158	0.01529	0.00793	0.00745	0.00189	0.00740	0.00656	0.00664	0.42622
11	0.02359	0.08222	0.30604	0.02768	0.12187	0.02001	0.09417	0.03065	0.02025	0.16105	0.01980	0.02159	0.01401	0.00858	0.00848	0.00268	0.01128	0.00746	0.00541	0.01319

[dist]
# distance from previous block
# <min> <max>
0	1

[block]
# block no. 3 follows, 20 sequences, length 60
# corresponding to MSA columns:
# 156-215
name=unknown_D
#
# <colnr> <probs for GDERKNQSTAVLIFYWHMCP>
#	G	D	E	R	K	N	Q	S	T	A	V	L	I	F	Y	W	H	M	C	P
0	0.01750	0.04512	0.64825	0.02486	0.03775	0.02026	0.03223	0.02762	0.01842	0.02762	0.01565	0.01842	0.01105	0.00829	0.00829	0.00276	0.01289	0.00645	0.00368	0.01289
1	0.02452	0.01884	0.02931	0.20889	0.30689	0.01988	0.02254	0.10177	0.02271	0.12997	0.01965	0.02326	0.01462	0.00886	0.00869	0.00270	0.01013	0.00794	0.00580	0.01301
2	0.27941	0.08529	0.11053	0.01808	0.05105	0.09796	0.01579	0.07559	0.02032	0.08706	0.01596	0.01753	0.01205	0.00845	0.00693	0.00245	0.00937	0.00586	0.00557	0.07474
3	0.01941	0.01870	0.03055	0.24407	0.31910	0.02161	0.02427	0.02407	0.01766	0.02487	0.01503	0.02157	0.01260	0.00972	0.01306	0.00296	0.15739	0.00774	0.00407	0.01156
4	0.01164	0.00844	0.01098	0.01130	0.01284	0.00778	0.00811	0.01473	0.02160	0.02990	0.39919	0.28981	0.09824	0.02144	0.01059	0.00304	0.00447	0.01914	0.00899	0.00778
5	0.01235	0.00892	0.01166	0.01097	0.01303	0.00823	0.00823	0.01646	0.02469	0.03498	0.63443	0.06516	0.08230	0.01783	0.01029	0.00274	0.00412	0.01578	0.00960	0.00823
6	0.01266	0.00843	0.01010	0.01039	0.01084	0.00857	0.00651	0.01363	0.01389	0.01940	0.02992	0.14143	0.03329	0.45776	0.12002	0.00799	0.00964	0.01358	0.06585	0.00611
7	0.02059	0.02353	0.05147	0.03676	0.04559	0.02206	0.60735	0.02794	0.02059	0.02794	0.01765	0.02353	0.01324	0.00735	0.01029	0.00294	0.01471	0.01029	0.00441	0.01176
8	0.01055	0.00856	0.00936	0.00977	0.01208	0.00737	0.00709	0.01276	0.01955	0.02421	0.12414	0.22001	0.45826	0.02293	0.01050	0.00306	0.00454	0.01965	0.00822	0.00737
9	0.75506	0.01687	0.01282	0.01147	0.01687	0.01957	0.00945	0.02564	0.01484	0.03914	0.01215	0.01417	0.00945	0.00810	0.00540	0.00270	0.00675	0.00472	0.00540	0.00945
10	0.02131	0.01781	0.01911	0.01698	0.02167	0.02022	0.01324	0.08821	0.49075	0.03779	0.11926	0.03622	0.03356	0.01257	0.00906	0.00290	0.00673	0.01054	0.00897	0.01310
11	0.18807	0.01597	0.01896	0.07084	0.02424	0.01531	0.01271	0.06125	0.02141	0.29425	0.02310	0.02277	0.01584	0.00906	0.00752	0.00240	0.00754	0.00696	0.00768	0.17409
12	0.08188	0.27079	0.13299	0.01802	0.02551	0.08104	0.01747	0.10523	0.10738	0.05575	0.01819	0.01905	0.01412	0.00892	0.00721	0.00240	0.00987	0.00636	0.00558	0.01223
13	0.08115	0.01640	0.01973	0.01491	0.02194	0.01465	0.01220	0.10456	0.02390	0.31975	0.02475	0.02357	0.01696	0.00909	0.00774	0.00221	0.00732	0.00715	0.00825	0.26377
14	0.01725	0.02003	0.16798	0.01670	0.02248	0.01380	0.04500	0.02534	0.09654	0.08270	0.30422	0.04586	0.07783	0.01391	0.00951	0.00279	0.00738	0.01209	0.00785	0.01071
15	0.01520	0.01334	0.01409	0.01442	0.01594	0.07549	0.01040	0.01917	0.08940	0.02325	0.04011	0.38895	0.08221	0.02256	0.01388	0.06725	0.06133	0.01777	0.00711	0.00813
16	0.03914	0.01484	0.02024	0.01552	0.02227	0.01282	0.01282	0.04251	0.02497	0.64507	0.03441	0.02969	0.02159	0.01080	0.00877	0.00270	0.00742	0.00877	0.01080	0.01484
17	0.01286	0.00927	0.01179	0.01253	0.01392	0.00898	0.00882	0.06203	0.02051	0.02784	0.17949	0.49132	0.05980	0.02379	0.01074	0.00328	0.00522	0.02136	0.00849	0.00798
18	0.01964	0.02830	0.23231	0.10664	0.32043	0.02059	0.09305	0.02671	0.01923	0.02751	0.01621	0.02096	0.01264	0.00799	0.00872	0.00272	0.01179	0.00763	0.00408	0.01286
19	0.03914	0.01484	0.02024	0.01552	0.02227	0.01282	0.01282	0.04251	0.02497	0.64507	0.03441	0.02969	0.02159	0.01080	0.00877	0.00270	0.00742	0.00877	0.01080	0.01484
20	0.03914	0.01484	0.02024	0.01552	0.02227	0.01282	0.01282	0.04251	0.02497	0.64507	0.03441	0.02969	0.02159	0.01080	0.00877	0.00270	0.00742	0.00877	0.01080	0.01484
21	0.01919	0.03101	0.31237	0.08507	0.12323	0.02001	0.11617	0.07377	0.02059	0.02915	0.01914	0.07503	0.01596	0.00984	0.00895	0.00283	0.01179	0.00896	0.00468	0.01226
22	0.02114	0.01546	0.02124	0.02386	0.15221	0.01634	0.01560	0.02899	0.14424	0.12851	0.07632	0.09639	0.07398	0.01470	0.01152	0.00305	0.07679	0.06051	0.00754	0.01161
23	0.01217	0.00891	0.01141	0.01079	0.01292	0.00815	0.00809	0.01611	0.02427	0.03397	0.58622	0.06682	0.13114	0.01821	0.01029	0.00276	0.00414	0.01601	0.00947	0.00815
24	0.02924	0.02047	0.14392	0.01819	0.02555	0.01431	0.06686	0.03439	0.02274	0.37100	0.07821	0.03011	0.02387	0.01054	0.00871	0.00268	0.00857	0.00897	0.06856	0.01310
25	0.08219	0.02356	0.02913	0.28004	0.07255	0.17093	0.11070	0.02650	0.01920	0.02453	0.01478	0.02034	0.01170	0.00904	0.01020	0.00280	0.06991	0.00738	0.00425	0.01028
26	0.02332	0.69869	0.04571	0.01493	0.02239	0.03451	0.01493	0.02612	0.01772	0.02052	0.01213	0.01399	0.01119	0.00746	0.00560	0.00187	0.00933	0.00466	0.00373	0.01119
27	0.01235	0.00892	0.01166	0.01097	0.01303	0.00823	0.00823	0.01646	0.02469	0.03498	0.63443	0.06516	0.08230	0.01783	0.01029	0.00274	0.00412	0.01578	0.00960	0.00823
28	0.03530	0.07266	0.02327	0.01629	0.02294	0.01758	0.01363	0.16720	0.02796	0.43438	0.05645	0.02803	0.02195	0.01077	0.00857	0.00261	0.00792	0.00854	0.00970	0.01425
29	0.09711	0.01656	0.02059	0.01592	0.02259	0.01567	0.01315	0.13270	0.02672	0.49996	0.03041	0.02700	0.01950	0.01052	0.00849	0.00269	0.00772	0.00829	0.01002	0.01440
30	0.01109	0.00887	0.00992	0.00966	0.01226	0.00770	0.00724	0.01403	0.02172	0.02794	0.29757	0.07675	0.42356	0.02046	0.01030	0.00287	0.00430	0.01740	0.00868	0.00770
31	0.02332	0.69869	0.04571	0.01493	0.02239	0.03451	0.01493	0.02612	0.01772	0.02052	0.01213	0.01399	0.01119	0.00746	0.00560	0.00187	0.00933	0.00466	0.00373	0.01119
32	0.01061	0.00874	0.00932	0.00940	0.01202	0.00745	0.00697	0.01301	0.02025	0.02496	0.15722	0.13343	0.51249	0.02198	0.01038	0.00297	0.00443	0.01861	0.00830	0.00745
33	0.03258	0.04157	0.02472	0.02247	0.02697	0.65843	0.01685	0.03483	0.02472	0.02135	0.01348	0.01573	0.01124	0.00899	0.00787	0.00225	0.01573	0.00562	0.00449	0.01011
34	0.01406	0.01004	0.01406	0.01606	0.01807	0.01004	0.01406	0.01807	0.02008	0.02610	0.04618	0.09839	0.05020	0.02410	0.01205	0.00402	0.00803	0.58032	0.00803	0.00803
35	0.75506	0.01687	0.01282	0.01147	0.01687	0.01957	0.00945	0.02564	0.01484	0.03914	0.01215	0.01417	0.00945	0.00810	0.00540	0.00270	0.00675	0.00472	0.00540	0.00945
36	0.01626	0.00813	0.00813	0.00813	0.01016	0.00813	0.00610	0.02033	0.01829	0.03252	0.02846	0.03252	0.02236	0.01016	0.00610	0.00203	0.00407	0.00813	0.74187	0.00813
37	0.01809	0.01550	0.01809	0.01292	0.02067	0.01163	0.01034	0.02196	0.01809	0.02842	0.01550	0.01809	0.01292	0.00646	0.00646	0.00129	0.00646	0.00517	0.00517	0.74677
38	0.02159	0.02073	0.03541	0.05354	0.63903	0.02073	0.02677	0.02677	0.01986	0.02850	0.01641	0.02159	0.01382	0.00777	0.00864	0.00259	0.01036	0.00777	0.00432	0.01382
39	0.01978	0.01993	0.03237	0.06730	0.18226	0.02416	0.10472	0.02349	0.01623	0.02392	0.01379	0.02056	0.01231	0.01192	0.01996	0.00334	0.38093	0.00805	0.00403	0.01093
40	0.01268	0.00846	0.00951	0.00951	0.00951	0.00846	0.00529	0.01268	0.01268	0.01691	0.02748	0.05708	0.03171	0.69345	0.04440	0.00846	0.00846	0.01268	0.00529	0.00529
41	0.03316	0.02443	0.02618	0.02007	0.02705	0.02705	0.01658	0.60995	0.04101	0.05497	0.02094	0.02094	0.01483	0.01047	0.00873	0.00262	0.00960	0.00785	0.00873	0.01483
42	0.01143	0.00873	0.01050	0.01038	0.01255	0.00779	0.00766	0.01457	0.02205	0.02947	0.37374	0.14838	0.27014	0.02047	0.01040	0.00291	0.00434	0.01780	0.00890	0.00779
43	0.08208	0.02305	0.04622	0.03332	0.04171	0.02226	0.50981	0.07536	0.02179	0.03107	0.01746	0.02255	0.01305	0.00767	0.00976	0.00289	0.01363	0.00964	0.00485	0.01182
44	0.69208	0.07556	0.01565	0.01177	0.01734	0.02085	0.00992	0.02568	0.01509	0.03753	0.01214	0.01415	0.00960	0.00804	0.00542	0.00263	0.00697	0.00472	0.00525	0.00960
45	0.65259	0.02037	0.01451	0.01303	0.01830	0.11018	0.01050	0.02694	0.01625	0.03661	0.01234	0.01439	0.00970	0.00822	0.00575	0.00263	0.00802	0.00485	0.00527	0.00954
46	0.01406	0.01004	0.01406	0.01606	0.01807	0.01004	0.01406	0.01807	0.02008	0.02610	0.04618	0.09839	0.05020	0.02410	0.01205	0.00402	0.00803	0.58032	0.00803	0.00803
47	0.75506	0.01687	0.01282	0.01147	0.01687	0.01957	0.00945	0.02564	0.01484	0.03914	0.01215	0.01417	0.00945	0.00810	0.00540	0.00270	0.00675	0.00472	0.00540	0.00945
48	0.03061	0.01560	0.01881	0.01493	0.02079	0.01480	0.01217	0.16780	0.02746	0.35346	0.04460	0.04105	0.17175	0.01351	0.00914	0.00274	0.00719	0.01094	0.00965	0.01299
49	0.03871	0.01554	0.02067	0.01585	0.02261	0.01385	0.01309	0.08342	0.02612	0.60253	0.03344	0.02906	0.02111	0.01077	0.00877	0.00269	0.00758	0.00871	0.01065	0.01484
50	0.01063	0.00759	0.01012	0.01215	0.01265	0.00709	0.00810	0.01215	0.01670	0.02227	0.04808	0.68775	0.05769	0.02733	0.01113	0.00354	0.00506	0.02480	0.00810	0.00709
51	0.01147	0.00820	0.01109	0.01311	0.01399	0.00782	0.00957	0.01361	0.01754	0.02322	0.04761	0.54209	0.05584	0.02653	0.01136	0.00366	0.00580	0.16210	0.00808	0.00732
52	0.14336	0.07849	0.03005	0.13593	0.23746	0.02284	0.04955	0.14318	0.02276	0.03385	0.01617	0.01996	0.01270	0.00847	0.00796	0.00262	0.00995	0.00714	0.00526	0.01231
53	0.02287	0.16493	0.03450	0.03496	0.30629	0.07877	0.05200	0.03116	0.13594	0.02771	0.01899	0.02170	0.01548	0.00857	0.00806	0.00250	0.01017	0.00747	0.00509	0.01283
54	0.01824	0.01837	0.07179	0.05028	0.07463	0.01347	0.01418	0.02284	0.01823	0.02806	0.01559	0.01866	0.01277	0.00683	0.00690	0.00160	0.00757	0.00562	0.00491	0.58946
55	0.02151	0.21267	0.26773	0.07827	0.08410	0.02363	0.08461	0.02802	0.01906	0.07851	0.01657	0.01938	0.01250	0.00818	0.00787	0.00253	0.01133	0.00678	0.00445	0.01230
56	0.01417	0.01132	0.01576	0.12215	0.05053	0.01174	0.01219	0.02025	0.07440	0.03208	0.42308	0.08491	0.06150	0.01584	0.00988	0.00282	0.00593	0.01403	0.00828	0.00915
57	0.03914	0.01484	0.02024	0.01552	0.02227	0.01282	0.01282	0.04251	0.02497	0.64507	0.03441	0.02969	0.02159	0.01080	0.00877	0.00270	0.00742	0.00877	0.01080	0.01484
58	0.02269	0.01260	0.01442	0.01246	0.01614	0.01287	0.00976	0.11974	0.05088	0.14448	0.05859	0.03315	0.02464	0.04929	0.05634	0.00351	0.00731	0.00898	0.33163	0.01051
59	0.02572	0.49177	0.08245	0.01665	0.02418	0.07609	0.01624	0.07844	0.02087	0.07513	0.01505	0.01631	0.01235	0.00816	0.00648	0.00209	0.00991	0.00547	0.00479	0.01185

[dist]
# distance from previous block
# <min> <max>
0	6

[block]
# block no. 4 follows, 20 sequences, length 9
# corresponding to MSA columns:
# 222-230
name=unknown_E
#
# <colnr> <probs for GDERKNQSTAVLIFYWHMCP>
#	G	D	E	R	K	N	Q	S	T	A	V	L	I	F	Y	W	H	M	C	P
0	0.01085	0.00872	0.00968	0.00974	0.01219	0.00755	0.00719	0.01345	0.02071	0.02624	0.21867	0.14771	0.43340	0.02163	0.01040	0.00296	0.00442	0.01848	0.00847	0.00755
1	0.01203	0.00898	0.01127	0.01123	0.01341	0.00822	0.00864	0.01557	0.02259	0.03058	0.40333	0.10457	0.20184	0.02010	0.01057	0.00300	0.00475	0.09237	0.00898	0.00795
2	0.05444	0.01947	0.03157	0.20259	0.43289	0.02070	0.02477	0.05874	0.02024	0.02895	0.01625	0.02163	0.01313	0.00817	0.00851	0.00268	0.01047	0.00763	0.00451	0.01266
3	0.02932	0.01927	0.02058	0.01740	0.02305	0.06515	0.01381	0.07096	0.33639	0.25552	0.03281	0.02974	0.02313	0.01119	0.00876	0.00280	0.00786	0.00906	0.00924	0.01396
4	0.01289	0.00925	0.01178	0.01300	0.01406	0.00845	0.00888	0.01452	0.01966	0.02691	0.19362	0.51695	0.06407	0.02556	0.01153	0.00362	0.00544	0.02257	0.00895	0.00828
5	0.01960	0.01598	0.02409	0.30314	0.12863	0.01794	0.04233	0.10202	0.02132	0.03037	0.01966	0.02500	0.01510	0.00912	0.00812	0.00261	0.00942	0.00796	0.18690	0.01069
6	0.02107	0.18662	0.03390	0.30265	0.04196	0.02499	0.08658	0.10311	0.02075	0.02681	0.01535	0.02038	0.01212	0.00897	0.00958	0.00268	0.05965	0.00728	0.00455	0.01098
7	0.02839	0.02866	0.02114	0.01859	0.02300	0.35773	0.01424	0.09217	0.02647	0.09894	0.17001	0.03007	0.03034	0.01154	0.00866	0.00246	0.01127	0.00872	0.00692	0.01068
8	0.01142	0.00840	0.01088	0.01257	0.01385	0.00786	0.00933	0.01367	0.01805	0.02343	0.05417	0.44384	0.14995	0.02568	0.01123	0.00356	0.00569	0.16097	0.00808	0.00736

[dist]
# distance from previous block
# <min> <max>
0	3

[block]
# block no. 5 follows, 20 sequences, length 13
# corresponding to MSA columns:
# 235-247
name=unknown_F
#
# <colnr> <probs for GDERKNQSTAVLIFYWHMCP>
#	G	D	E	R	K	N	Q	S	T	A	V	L	I	F	Y	W	H	M	C	P
0	0.08059	0.03102	0.02621	0.02182	0.02720	0.32672	0.06327	0.17207	0.02695	0.07486	0.01686	0.01869	0.01288	0.00968	0.00947	0.00255	0.05473	0.00682	0.00597	0.01163
1	0.01203	0.01023	0.01281	0.01549	0.09553	0.00917	0.00967	0.01467	0.01976	0.02494	0.11646	0.17017	0.41616	0.02067	0.01022	0.00298	0.00529	0.01780	0.00772	0.00825
2	0.01809	0.01550	0.01809	0.01292	0.02067	0.01163	0.01034	0.02196	0.01809	0.02842	0.01550	0.01809	0.01292	0.00646	0.00646	0.00129	0.00646	0.00517	0.00517	0.74677
3	0.01235	0.00892	0.01166	0.01097	0.01303	0.00823	0.00823	0.01646	0.02469	0.03498	0.63443	0.06516	0.08230	0.01783	0.01029	0.00274	0.00412	0.01578	0.00960	0.00823
4	0.03316	0.02443	0.02618	0.02007	0.02705	0.02705	0.01658	0.60995	0.04101	0.05497	0.02094	0.02094	0.01483	0.01047	0.00873	0.00262	0.00960	0.00785	0.00873	0.01483
5	0.02070	0.00959	0.01093	0.00989	0.01291	0.00911	0.00767	0.02462	0.02020	0.15998	0.07861	0.03457	0.02704	0.01091	0.00699	0.00223	0.00477	0.00888	0.53088	0.00953
6	0.02159	0.02073	0.03541	0.05354	0.63903	0.02073	0.02677	0.02677	0.01986	0.02850	0.01641	0.02159	0.01382	0.00777	0.00864	0.00259	0.01036	0.00777	0.00432	0.01382
7	0.01031	0.00884	0.00884	0.00884	0.01178	0.00736	0.00663	0.01252	0.01988	0.02356	0.08837	0.08395	0.63549	0.02209	0.01031	0.00295	0.00442	0.01841	0.00810	0.00736
8	0.01647	0.01550	0.02616	0.67248	0.06008	0.01938	0.02422	0.02229	0.01744	0.02229	0.01550	0.02326	0.01163	0.00872	0.00872	0.00291	0.01163	0.00775	0.00388	0.00969
9	0.01068	0.00802	0.00991	0.01118	0.01245	0.00725	0.00772	0.01259	0.01818	0.02362	0.10548	0.47910	0.21178	0.02519	0.01085	0.00332	0.00482	0.02240	0.00822	0.00725
10	0.01322	0.01058	0.01572	0.02119	0.15212	0.01022	0.01207	0.01544	0.01713	0.02328	0.03958	0.49531	0.04610	0.06932	0.01289	0.00367	0.00648	0.02016	0.00706	0.00846
11	0.02395	0.23548	0.18168	0.01813	0.02682	0.02419	0.01856	0.15295	0.02339	0.06473	0.01669	0.01815	0.01281	0.00832	0.00725	0.00219	0.00964	0.00610	0.00544	0.14354
12	0.09075	0.07260	0.15674	0.01870	0.02609	0.07229	0.01772	0.10658	0.19640	0.07268	0.02249	0.02260	0.01670	0.00960	0.00793	0.00259	0.00938	0.00732	0.00659	0.06427

[dist]
# distance from previous block
# <min> <max>
4	8

[block]
# block no. 6 follows, 20 sequences, length 42
# corresponding to MSA columns:
# 259-300
name=unknown_G
#
# <colnr> <probs for GDERKNQSTAVLIFYWHMCP>
#	G	D	E	R	K	N	Q	S	T	A	V	L	I	F	Y	W	H	M	C	P
0	0.01077	0.00865	0.00961	0.00980	0.01217	0.00749	0.00719	0.01325	0.02034	0.02565	0.19166	0.17753	0.43111	0.02208	0.01044	0.00300	0.00446	0.01891	0.00840	0.00749
1	0.02465	0.50663	0.11737	0.01666	0.02470	0.03043	0.01707	0.07786	0.02037	0.07215	0.01503	0.01634	0.01228	0.00808	0.00645	0.00211	0.00965	0.00548	0.00470	0.01200
2	0.01402	0.00927	0.01061	0.01051	0.01111	0.00935	0.00637	0.01588	0.05328	0.04085	0.03015	0.11264	0.03342	0.56354	0.03776	0.00744	0.00801	0.01348	0.00597	0.00634
3	0.02863	0.01256	0.01709	0.01464	0.01938	0.01119	0.01192	0.03206	0.02341	0.40058	0.12614	0.10427	0.03834	0.01543	0.00973	0.00299	0.00682	0.10280	0.00994	0.01209
4	0.02093	0.01934	0.03155	0.25406	0.39444	0.02084	0.02503	0.07699	0.02094	0.02880	0.01651	0.02208	0.01319	0.00832	0.00867	0.00270	0.01071	0.00777	0.00456	0.01255
5	0.13878	0.01660	0.02181	0.23233	0.03412	0.01854	0.01674	0.09798	0.02178	0.20649	0.02348	0.02540	0.03803	0.01041	0.00976	0.00285	0.05848	0.00798	0.00682	0.01164
6	0.01196	0.00854	0.01165	0.01367	0.01476	0.00823	0.01042	0.01445	0.01802	0.02376	0.04734	0.45847	0.05478	0.02607	0.01149	0.00373	0.00622	0.24092	0.00807	0.00745
7	0.01543	0.03192	0.40484	0.02030	0.02959	0.01612	0.05306	0.02294	0.01943	0.02727	0.08706	0.03892	0.17183	0.01248	0.00906	0.00282	0.01013	0.01041	0.00532	0.01106
8	0.02173	0.25513	0.13986	0.02473	0.07510	0.10129	0.13640	0.02664	0.01919	0.02400	0.01690	0.06698	0.01519	0.00949	0.00861	0.00251	0.03264	0.00799	0.00432	0.01130
9	0.03774	0.01708	0.02163	0.01658	0.02338	0.01614	0.01370	0.17505	0.02871	0.50724	0.03127	0.02765	0.02001	0.01072	0.00876	0.00268	0.00793	0.00856	0.01031	0.01484
10	0.75506	0.01687	0.01282	0.01147	0.01687	0.01957	0.00945	0.02564	0.01484	0.03914	0.01215	0.01417	0.00945	0.00810	0.00540	0.00270	0.00675	0.00472	0.00540	0.00945
11	0.03914	0.01484	0.02024	0.01552	0.02227	0.01282	0.01282	0.04251	0.02497	0.64507	0.03441	0.02969	0.02159	0.01080	0.00877	0.00270	0.00742	0.00877	0.01080	0.01484
12	0.02545	0.05946	0.01755	0.01385	0.01794	0.12415	0.01100	0.02884	0.02118	0.20238	0.05684	0.02947	0.02250	0.01569	0.07032	0.00344	0.00924	0.00816	0.25198	0.01054
13	0.03914	0.01484	0.02024	0.01552	0.02227	0.01282	0.01282	0.04251	0.02497	0.64507	0.03441	0.02969	0.02159	0.01080	0.00877	0.00270	0.00742	0.00877	0.01080	0.01484
14	0.01104	0.00868	0.00997	0.01005	0.01233	0.00761	0.00738	0.01378	0.02101	0.02719	0.26491	0.16860	0.36348	0.02146	0.01043	0.00297	0.00441	0.01849	0.00860	0.00761
15	0.35275	0.01945	0.01759	0.01513	0.02068	0.06843	0.01215	0.07741	0.16820	0.13470	0.02216	0.02176	0.01612	0.00969	0.00722	0.00272	0.00779	0.00693	0.00729	0.01182
16	0.01146	0.00862	0.01061	0.01067	0.01263	0.00777	0.00779	0.01454	0.02177	0.02936	0.37020	0.20140	0.21942	0.02093	0.01047	0.00296	0.00439	0.01836	0.00890	0.00777
17	0.01908	0.01908	0.02672	0.02290	0.02290	0.02672	0.01908	0.02099	0.01336	0.02099	0.01145	0.01908	0.01145	0.01527	0.02863	0.00382	0.67748	0.00763	0.00382	0.00954
18	0.19155	0.01124	0.01248	0.01239	0.01539	0.01144	0.00969	0.02148	0.01863	0.10655	0.07838	0.21812	0.03764	0.01718	0.00888	0.00305	0.00602	0.10320	0.10770	0.00898
19	0.01647	0.01550	0.02616	0.67248	0.06008	0.01938	0.02422	0.02229	0.01744	0.02229	0.01550	0.02326	0.01163	0.00872	0.00872	0.00291	0.01163	0.00775	0.00388	0.00969
20	0.01806	0.02118	0.09630	0.06168	0.08010	0.01858	0.28561	0.02566	0.06514	0.02671	0.02552	0.03039	0.06811	0.01844	0.11370	0.00467	0.01397	0.01010	0.00500	0.01107
21	0.01965	0.01417	0.01808	0.07508	0.06919	0.01435	0.01306	0.02884	0.17445	0.11654	0.18214	0.04405	0.11558	0.01351	0.00919	0.00272	0.00663	0.01158	0.00816	0.06303
22	0.13702	0.16251	0.03041	0.02046	0.02357	0.02687	0.06167	0.02334	0.01507	0.02431	0.01218	0.01757	0.01121	0.01188	0.01867	0.00316	0.37921	0.00675	0.00410	0.01005
23	0.02051	0.36023	0.31892	0.02080	0.03081	0.02727	0.06006	0.02692	0.01822	0.02421	0.01407	0.01660	0.01126	0.00783	0.00711	0.00234	0.01128	0.00583	0.00375	0.01200
24	0.01855	0.02067	0.07840	0.43977	0.09501	0.07592	0.02308	0.02560	0.06323	0.02418	0.01809	0.04723	0.01452	0.00955	0.00870	0.00284	0.01141	0.00824	0.00447	0.01052
25	0.02148	0.01540	0.01844	0.01334	0.02093	0.01182	0.01074	0.02528	0.01920	0.12785	0.01855	0.01996	0.01432	0.00716	0.00683	0.00152	0.00662	0.00575	0.00608	0.62876
26	0.01988	0.01708	0.05986	0.14265	0.02799	0.01812	0.01654	0.08883	0.02053	0.07446	0.05734	0.03365	0.07441	0.01306	0.01358	0.00299	0.17263	0.03003	0.10610	0.01027
27	0.02071	0.39625	0.03240	0.01452	0.01999	0.04669	0.01312	0.06639	0.02107	0.02662	0.16627	0.02890	0.02983	0.01542	0.06497	0.00323	0.00953	0.00807	0.00565	0.01040
28	0.02215	0.25253	0.03237	0.02461	0.18630	0.02202	0.01646	0.02597	0.01887	0.06454	0.01577	0.01834	0.01311	0.00743	0.00689	0.00192	0.00855	0.00592	0.00480	0.25144
29	0.03547	0.01377	0.01830	0.01434	0.02033	0.01207	0.01174	0.03896	0.02390	0.54693	0.03346	0.03014	0.02172	0.01069	0.00834	0.00259	0.00688	0.00867	0.12793	0.01377
30	0.02524	0.08161	0.02954	0.17581	0.03445	0.02667	0.02005	0.17413	0.02368	0.03265	0.01802	0.02415	0.01521	0.01344	0.01699	0.00360	0.25774	0.00833	0.00614	0.01256
31	0.01718	0.01000	0.01442	0.01524	0.05920	0.01023	0.00977	0.06408	0.01455	0.01957	0.01574	0.02567	0.01503	0.02693	0.03002	0.62707	0.00796	0.00761	0.00425	0.00548
32	0.02183	0.38047	0.28475	0.01933	0.02892	0.02819	0.02198	0.07620	0.01997	0.02628	0.01428	0.01635	0.01144	0.00805	0.00694	0.00229	0.01077	0.00565	0.00414	0.01218
33	0.02276	0.01699	0.06582	0.14244	0.02842	0.01601	0.01551	0.11518	0.07345	0.15876	0.02959	0.16142	0.02644	0.07239	0.01227	0.00342	0.00854	0.01192	0.00744	0.01123
34	0.01094	0.00781	0.00994	0.01152	0.01209	0.00732	0.00755	0.01226	0.01626	0.02149	0.04731	0.54869	0.08991	0.13372	0.01641	0.00429	0.00556	0.02245	0.00765	0.00681
35	0.02279	0.01546	0.02223	0.17641	0.10931	0.01465	0.01620	0.02719	0.02040	0.17765	0.07268	0.02659	0.02072	0.00919	0.00817	0.00231	0.00823	0.00790	0.00650	0.23544
36	0.01819	0.07248	0.02027	0.01683	0.07398	0.01446	0.01199	0.02379	0.08240	0.04820	0.02901	0.12194	0.07467	0.01172	0.00792	0.00215	0.00675	0.00994	0.00623	0.34708
37	0.01146	0.00874	0.01052	0.01038	0.01256	0.00780	0.00767	0.01463	0.02214	0.02964	0.38166	0.14265	0.26774	0.02037	0.01039	0.00290	0.00433	0.01770	0.00892	0.00780
38	0.01413	0.01146	0.01632	0.01369	0.01741	0.01005	0.06028	0.01828	0.02236	0.03206	0.40828	0.09783	0.06000	0.01525	0.00955	0.00252	0.00559	0.01375	0.00812	0.16307
39	0.02807	0.06954	0.02546	0.13106	0.06123	0.02160	0.01671	0.27898	0.02935	0.15154	0.02759	0.02805	0.07023	0.01090	0.00864	0.00265	0.00910	0.00870	0.00763	0.01297
40	0.03493	0.01689	0.07271	0.01591	0.02276	0.01304	0.01406	0.03894	0.02439	0.53866	0.08601	0.03188	0.02608	0.01121	0.00887	0.00271	0.00759	0.00920	0.01009	0.01409
41	0.01159	0.00824	0.01091	0.01238	0.01329	0.00784	0.00882	0.01373	0.01798	0.02415	0.12632	0.45208	0.05756	0.08456	0.01411	0.00394	0.00571	0.11149	0.00804	0.00723

[dist]
# distance from previous block
# <min> <max>
0	5

[block]
# block no. 7 follows, 20 sequences, length 17
# corresponding to MSA columns:
# 306-322
name=unknown_H
#
# <colnr> <probs for GDERKNQSTAVLIFYWHMCP>
#	G	D	E	R	K	N	Q	S	T	A	V	L	I	F	Y	W	H	M	C	P
0	0.02915	0.07573	0.02512	0.01833	0.02496	0.16343	0.01488	0.27329	0.02953	0.07031	0.01810	0.01908	0.01368	0.00901	0.00778	0.00218	0.01010	0.00655	0.00671	0.18208
1	0.01145	0.00888	0.01042	0.01003	0.01248	0.00785	0.00752	0.01472	0.02257	0.02995	0.39392	0.07343	0.32595	0.01971	0.01030	0.00283	0.00425	0.01694	0.00894	0.00785
2	0.01772	0.01550	0.01995	0.16482	0.02975	0.01341	0.01353	0.02204	0.01794	0.02701	0.01550	0.01928	0.01262	0.00698	0.00698	0.00166	0.00765	0.00576	0.00487	0.57702
3	0.01396	0.01162	0.01641	0.02024	0.15688	0.01089	0.01209	0.01784	0.02236	0.03060	0.35390	0.05988	0.20653	0.01659	0.00991	0.00276	0.00563	0.01460	0.00801	0.00930
4	0.01383	0.01081	0.01557	0.02085	0.15651	0.01039	0.01200	0.01658	0.01794	0.02513	0.04224	0.39242	0.09964	0.02014	0.00984	0.00307	0.00609	0.01814	0.10001	0.00879
5	0.02717	0.02032	0.16293	0.01687	0.02374	0.01367	0.01643	0.03216	0.02204	0.34163	0.10958	0.03245	0.02738	0.01807	0.09107	0.00415	0.01025	0.00925	0.00822	0.01261
6	0.03045	0.19291	0.02955	0.02073	0.02591	0.51474	0.01641	0.03283	0.02311	0.02116	0.01317	0.01533	0.01123	0.00864	0.00734	0.00216	0.01426	0.00540	0.00432	0.01036
7	0.75506	0.01687	0.01282	0.01147	0.01687	0.01957	0.00945	0.02564	0.01484	0.03914	0.01215	0.01417	0.00945	0.00810	0.00540	0.00270	0.00675	0.00472	0.00540	0.00945
8	0.02079	0.53984	0.03787	0.01402	0.02023	0.02846	0.01338	0.02390	0.01933	0.02385	0.15544	0.02578	0.02757	0.00985	0.00668	0.00207	0.00813	0.00722	0.00508	0.01051
9	0.01265	0.01031	0.01394	0.16265	0.02322	0.01051	0.01122	0.01616	0.02031	0.02673	0.25786	0.09144	0.22118	0.06924	0.01259	0.00332	0.00631	0.01490	0.00744	0.00803
10	0.01881	0.01005	0.01324	0.01224	0.01419	0.00995	0.00867	0.02015	0.01591	0.16250	0.02807	0.06855	0.02688	0.31009	0.18531	0.05810	0.01169	0.01111	0.00642	0.00807
11	0.02412	0.17798	0.04693	0.05276	0.02564	0.08356	0.01583	0.10744	0.22905	0.05419	0.02538	0.02979	0.02066	0.01112	0.00825	0.00267	0.00919	0.05635	0.00683	0.01229
12	0.01876	0.06980	0.03893	0.14463	0.04013	0.02135	0.32030	0.02440	0.01822	0.02465	0.01709	0.02389	0.01385	0.01656	0.10322	0.00450	0.07586	0.00904	0.00425	0.01058
13	0.01980	0.12282	0.27132	0.17371	0.08322	0.02094	0.04802	0.02652	0.01886	0.07240	0.02033	0.02349	0.04350	0.00908	0.00826	0.00267	0.01115	0.00753	0.00457	0.01181
14	0.02200	0.45359	0.09213	0.02118	0.02894	0.03010	0.15293	0.02636	0.01818	0.02280	0.01363	0.01682	0.01167	0.00795	0.00822	0.00230	0.04968	0.00627	0.00389	0.01136
15	0.01266	0.01039	0.01397	0.16296	0.02356	0.01060	0.01161	0.01604	0.01962	0.02531	0.17670	0.10021	0.24731	0.07005	0.01274	0.00344	0.00666	0.06099	0.00722	0.00796
16	0.02414	0.13134	0.11364	0.17218	0.10115	0.04095	0.01985	0.03018	0.05013	0.16406	0.02092	0.02304	0.01525	0.00906	0.00800	0.00257	0.00985	0.00736	0.04422	0.01213

[dist]
# distance from previous block
# <min> <max>
0	5

[block]
# block no. 8 follows, 20 sequences, length 16
# corresponding to MSA columns:
# 328-343
name=unknown_I
#
# <colnr> <probs for GDERKNQSTAVLIFYWHMCP>
#	G	D	E	R	K	N	Q	S	T	A	V	L	I	F	Y	W	H	M	C	P
0	0.06303	0.02233	0.12471	0.29461	0.22608	0.02016	0.07534	0.02513	0.01843	0.02646	0.01578	0.02150	0.01220	0.00822	0.00856	0.00278	0.01141	0.00760	0.00412	0.01157
1	0.01286	0.01011	0.01309	0.01312	0.01412	0.01100	0.00964	0.01502	0.01766	0.02460	0.14519	0.31470	0.11325	0.06626	0.01598	0.00363	0.12609	0.01771	0.04828	0.00770
2	0.01665	0.01570	0.02689	0.52733	0.10875	0.01858	0.05183	0.02211	0.01776	0.02314	0.01849	0.08012	0.01586	0.01016	0.00900	0.00293	0.01110	0.00934	0.00431	0.00995
3	0.15772	0.02173	0.11453	0.07025	0.16056	0.01823	0.08387	0.03106	0.02015	0.20786	0.02081	0.02247	0.01468	0.00879	0.00823	0.00273	0.00978	0.00760	0.00627	0.01270
4	0.01994	0.14174	0.11351	0.07557	0.07384	0.01856	0.04966	0.02586	0.05979	0.09931	0.06225	0.08993	0.10909	0.01267	0.00870	0.00271	0.00870	0.01078	0.00628	0.01111
5	0.02359	0.02402	0.13432	0.01926	0.02582	0.02162	0.01766	0.24185	0.20475	0.03894	0.02469	0.02608	0.01877	0.01941	0.11430	0.00460	0.01163	0.00844	0.00720	0.01304
6	0.41373	0.02219	0.12978	0.01540	0.02213	0.01928	0.01477	0.04577	0.01682	0.03433	0.01358	0.01623	0.01066	0.00856	0.00820	0.00257	0.06545	0.00547	0.00503	0.13004
7	0.14584	0.01252	0.01443	0.01211	0.01673	0.01203	0.00973	0.03046	0.02117	0.29889	0.08001	0.03109	0.02504	0.01075	0.00750	0.00249	0.00596	0.00851	0.24347	0.01126
8	0.02708	0.18894	0.03164	0.01955	0.02613	0.06024	0.08443	0.22271	0.07411	0.08892	0.07258	0.02466	0.02079	0.01004	0.00824	0.00249	0.00961	0.00814	0.00702	0.01267
9	0.43072	0.02027	0.01882	0.01533	0.02144	0.02293	0.01265	0.28816	0.02660	0.04625	0.01610	0.01721	0.01187	0.00916	0.00689	0.00266	0.00803	0.00613	0.00689	0.01187
10	0.01216	0.00858	0.01083	0.01077	0.01202	0.00811	0.00741	0.01474	0.02013	0.02801	0.37446	0.16410	0.06458	0.20273	0.01968	0.00442	0.00545	0.01640	0.00819	0.00725
11	0.01274	0.00977	0.01422	0.13227	0.02286	0.01021	0.01284	0.01580	0.01788	0.02345	0.04163	0.38627	0.04709	0.02298	0.01098	0.00357	0.00716	0.19311	0.00732	0.00785
12	0.01167	0.00978	0.01249	0.12925	0.02078	0.00955	0.01025	0.01456	0.01920	0.02410	0.11634	0.19964	0.35003	0.02041	0.01020	0.00305	0.00583	0.01761	0.00748	0.00780
13	0.15258	0.13833	0.02362	0.01475	0.02141	0.01782	0.01265	0.03682	0.02202	0.43417	0.02678	0.02434	0.01775	0.00976	0.00765	0.00255	0.00766	0.00737	0.00865	0.01331
14	0.01694	0.01615	0.02626	0.55550	0.05338	0.02070	0.02330	0.02205	0.01671	0.02205	0.01477	0.02250	0.01160	0.00990	0.01231	0.00307	0.13154	0.00773	0.00387	0.00966
15	0.46950	0.01621	0.01528	0.01251	0.01865	0.01667	0.01024	0.02790	0.01736	0.14598	0.01687	0.01780	0.01237	0.00824	0.00623	0.00240	0.00681	0.00555	0.00632	0.16712

[dist]
# distance from previous block
# <min> <max>
0	2

[block]
# block no. 9 follows, 20 sequences, length 12
# corresponding to MSA columns:
# 346-357
name=unknown_J
#
# <colnr> <probs for GDERKNQSTAVLIFYWHMCP>
#	G	D	E	R	K	N	Q	S	T	A	V	L	I	F	Y	W	H	M	C	P
