[name]
unknown

[dist]
# distance from previous block
# <min> <max>
8	247

[block]
# block no. 0 follows, 17 sequences, length 37
# corresponding to MSA columns:
# 273-309
name=unknown_A
#
# <colnr> <probs for GDERKNQSTAVLIFYWHMCP>
#	G	D	E	R	K	N	Q	S	T	A	V	L	I	F	Y	W	H	M	C	P
0	0.02837	0.02645	0.17986	0.02223	0.06815	0.01833	0.02027	0.08667	0.06005	0.21249	0.02501	0.02500	0.01748	0.00980	0.00882	0.00262	0.00976	0.00792	0.00757	0.16313
1	0.02170	0.06933	0.14423	0.02495	0.03262	0.02154	0.17392	0.03369	0.17518	0.05884	0.02753	0.07564	0.02303	0.05996	0.01267	0.00354	0.01122	0.01106	0.00657	0.01278
2	0.01882	0.04612	0.57067	0.07823	0.04282	0.02182	0.03412	0.02939	0.01982	0.02939	0.01691	0.02034	0.01200	0.00900	0.00900	0.00300	0.01382	0.00709	0.00400	0.01365
3	0.01851	0.01155	0.01438	0.01339	0.01646	0.01084	0.01008	0.06648	0.02531	0.11557	0.26855	0.21480	0.13533	0.02078	0.01099	0.00320	0.00575	0.01815	0.00985	0.01005
4	0.02216	0.06500	0.09958	0.02973	0.18691	0.01871	0.05436	0.02885	0.06133	0.09468	0.02722	0.11214	0.02403	0.01729	0.06096	0.00395	0.01103	0.01109	0.05833	0.01265
5	0.10769	0.05303	0.14392	0.01938	0.02670	0.02016	0.01869	0.09482	0.04991	0.20685	0.05260	0.03226	0.02286	0.01237	0.01073	0.00309	0.05683	0.04667	0.00795	0.01347
6	0.01265	0.01052	0.01118	0.01085	0.01404	0.00951	0.00818	0.01759	0.07325	0.02905	0.18660	0.08198	0.45704	0.02203	0.01100	0.00314	0.00495	0.01854	0.00914	0.00876
7	0.02262	0.01921	0.02971	0.38246	0.08643	0.02206	0.06389	0.09109	0.09153	0.06579	0.02146	0.02639	0.01582	0.01000	0.00957	0.00308	0.01160	0.00894	0.00594	0.01240
8	0.02682	0.06275	0.11041	0.05992	0.03065	0.05738	0.05843	0.06787	0.12891	0.15515	0.07367	0.02994	0.02432	0.01174	0.01100	0.00302	0.05756	0.00941	0.00761	0.01341
9	0.15488	0.02282	0.10602	0.13708	0.07752	0.01993	0.06109	0.07009	0.02303	0.20388	0.02273	0.02444	0.01574	0.00984	0.00886	0.00297	0.01049	0.00814	0.00707	0.01338
10	0.01143	0.00845	0.01069	0.01249	0.01351	0.00771	0.00847	0.01320	0.01867	0.02432	0.05978	0.55994	0.15983	0.02853	0.01188	0.00371	0.00535	0.02557	0.00875	0.00771
11	0.01245	0.01110	0.04892	0.01363	0.01546	0.00888	0.01040	0.01544	0.02053	0.02819	0.20090	0.46104	0.06653	0.02547	0.01160	0.00354	0.00571	0.02292	0.00890	0.00838
12	0.02643	0.02424	0.09495	0.03053	0.13829	0.02206	0.11546	0.11768	0.09376	0.11737	0.06311	0.02887	0.02235	0.01103	0.01107	0.00304	0.04870	0.00972	0.00726	0.01409
13	0.01638	0.00819	0.01229	0.01229	0.01229	0.00819	0.00819	0.01229	0.01229	0.01638	0.01638	0.02867	0.01638	0.03276	0.03686	0.72563	0.00819	0.00819	0.00410	0.00410
14	0.01349	0.01003	0.01480	0.01480	0.01636	0.01160	0.01135	0.01661	0.01505	0.02163	0.02558	0.03884	0.02435	0.11419	0.58882	0.01472	0.02409	0.01037	0.00510	0.00822
15	0.02296	0.41025	0.04415	0.15311	0.03584	0.03164	0.08442	0.02718	0.01911	0.02357	0.01453	0.01887	0.01248	0.00896	0.00920	0.00255	0.05862	0.00670	0.00416	0.01170
16	0.03068	0.02337	0.07280	0.03155	0.18382	0.02163	0.06687	0.14687	0.08724	0.19798	0.02628	0.02677	0.01865	0.01035	0.00954	0.00292	0.01036	0.00908	0.00803	0.01521
17	0.02546	0.03060	0.06476	0.11430	0.03409	0.25539	0.05312	0.03102	0.06177	0.02507	0.01733	0.02238	0.01440	0.01565	0.05950	0.00396	0.14733	0.00784	0.00490	0.01113
18	0.01781	0.01676	0.02828	0.64592	0.06495	0.02095	0.02619	0.02409	0.01886	0.02409	0.01676	0.02514	0.01257	0.00943	0.00943	0.00314	0.01257	0.00838	0.00419	0.01048
19	0.01781	0.01676	0.02828	0.64592	0.06495	0.02095	0.02619	0.02409	0.01886	0.02409	0.01676	0.02514	0.01257	0.00943	0.00943	0.00314	0.01257	0.00838	0.00419	0.01048
20	0.02164	0.01896	0.02672	0.11789	0.30460	0.06210	0.02068	0.02671	0.02097	0.03074	0.02152	0.02688	0.01736	0.00946	0.00841	0.00263	0.00964	0.00835	0.23264	0.01210
21	0.01149	0.00821	0.01094	0.01313	0.01368	0.00766	0.00875	0.01313	0.01805	0.02407	0.05198	0.66244	0.06237	0.02954	0.01204	0.00383	0.00547	0.02681	0.00875	0.00766
22	0.01955	0.01676	0.01955	0.01397	0.02235	0.01257	0.01117	0.02374	0.01955	0.03073	0.01676	0.01955	0.01397	0.00698	0.00698	0.00140	0.00698	0.00559	0.00559	0.72624
23	0.01638	0.00819	0.01229	0.01229	0.01229	0.00819	0.00819	0.01229	0.01229	0.01638	0.01638	0.02867	0.01638	0.03276	0.03686	0.72563	0.00819	0.00819	0.00410	0.00410
24	0.01781	0.01676	0.02828	0.64592	0.06495	0.02095	0.02619	0.02409	0.01886	0.02409	0.01676	0.02514	0.01257	0.00943	0.00943	0.00314	0.01257	0.00838	0.00419	0.01048
25	0.73520	0.01824	0.01386	0.01240	0.01824	0.02115	0.01021	0.02772	0.01605	0.04231	0.01313	0.01532	0.01021	0.00875	0.00584	0.00292	0.00729	0.00511	0.00584	0.01021
26	0.02521	0.67426	0.04942	0.01614	0.02420	0.03731	0.01614	0.02824	0.01916	0.02219	0.01311	0.01513	0.01210	0.00807	0.00605	0.00202	0.01008	0.00504	0.00403	0.01210
27	0.02406	0.02431	0.11741	0.02208	0.03049	0.01912	0.11709	0.14064	0.02531	0.07194	0.02193	0.05337	0.01794	0.04262	0.01096	0.00284	0.01043	0.00900	0.00652	0.23192
28	0.07872	0.01664	0.01873	0.01410	0.02168	0.01367	0.01119	0.02507	0.05305	0.03185	0.01959	0.05386	0.01707	0.00866	0.00731	0.00176	0.00696	0.00696	0.00601	0.58711
29	0.01955	0.01676	0.01955	0.01397	0.02235	0.01257	0.01117	0.02374	0.01955	0.03073	0.01676	0.01955	0.01397	0.00698	0.00698	0.00140	0.00698	0.00559	0.00559	0.72624
30	0.01416	0.00942	0.01313	0.01313	0.01397	0.01026	0.00926	0.01497	0.01413	0.01968	0.02466	0.04241	0.02515	0.23588	0.33598	0.16434	0.01696	0.01074	0.00504	0.00672
31	0.06931	0.07200	0.02133	0.01937	0.06290	0.06308	0.01371	0.12229	0.06450	0.03300	0.03465	0.31164	0.03683	0.01890	0.01002	0.00322	0.00827	0.01624	0.00776	0.01099
32	0.18205	0.01868	0.02233	0.06816	0.12955	0.02059	0.01642	0.08388	0.16984	0.03906	0.12441	0.03283	0.03024	0.01185	0.00894	0.00298	0.00821	0.00975	0.00761	0.01261
33	0.02522	0.02045	0.02318	0.08887	0.02929	0.02291	0.01628	0.19414	0.28943	0.04287	0.08406	0.03303	0.02829	0.01232	0.00954	0.00297	0.00856	0.01014	0.00882	0.04961
34	0.02820	0.01559	0.01888	0.01594	0.02107	0.01542	0.01254	0.07511	0.15361	0.26079	0.13088	0.07289	0.07313	0.04743	0.01191	0.00335	0.00723	0.01255	0.01023	0.01324
35	0.02458	0.06571	0.18123	0.02000	0.02757	0.05664	0.01964	0.06803	0.14045	0.11769	0.03588	0.03525	0.10674	0.01292	0.01048	0.00301	0.04355	0.01004	0.00738	0.01321
36	0.08023	0.08624	0.15833	0.02222	0.06879	0.02124	0.01990	0.02647	0.02017	0.06982	0.12212	0.02934	0.02685	0.01227	0.01329	0.00299	0.14215	0.00888	0.00600	0.06269

[dist]
# distance from previous block
# <min> <max>
2	89

[block]
# block no. 1 follows, 17 sequences, length 80
# corresponding to MSA columns:
# 399-478
name=unknown_B
#
# <colnr> <probs for GDERKNQSTAVLIFYWHMCP>
#	G	D	E	R	K	N	Q	S	T	A	V	L	I	F	Y	W	H	M	C	P
0	0.01891	0.14396	0.06637	0.09208	0.02705	0.02088	0.01678	0.05892	0.05023	0.02687	0.02827	0.08520	0.05566	0.02809	0.16173	0.00600	0.05961	0.03689	0.00583	0.01065
1	0.06297	0.01376	0.01536	0.01625	0.05816	0.04548	0.01071	0.04965	0.02151	0.05625	0.14787	0.16934	0.07638	0.15590	0.01810	0.00436	0.00748	0.01520	0.04601	0.00925
2	0.02655	0.05503	0.09167	0.02513	0.14240	0.01712	0.01825	0.03273	0.05236	0.21446	0.14537	0.03529	0.03295	0.01183	0.00939	0.00278	0.00861	0.01011	0.00822	0.05974
3	0.02564	0.02020	0.02677	0.11073	0.15408	0.02068	0.01901	0.17332	0.06381	0.07442	0.02317	0.05970	0.01879	0.01069	0.00906	0.00265	0.00953	0.00908	0.00704	0.16163
4	0.02269	0.02325	0.06429	0.12035	0.10215	0.12835	0.01810	0.05692	0.05871	0.05595	0.07939	0.03823	0.07233	0.10180	0.01479	0.00374	0.01083	0.01050	0.00645	0.01120
5	0.17217	0.01679	0.01975	0.05362	0.08113	0.01639	0.01367	0.02808	0.07910	0.07203	0.08724	0.03104	0.05496	0.01076	0.00821	0.00250	0.00751	0.00869	0.00696	0.22939
6	0.01303	0.00972	0.01217	0.01182	0.01424	0.00886	0.00904	0.01703	0.02519	0.03442	0.45190	0.07766	0.19566	0.02080	0.01128	0.00312	0.00486	0.06060	0.00990	0.00868
7	0.03006	0.02219	0.02404	0.01991	0.02628	0.02471	0.01596	0.25125	0.32729	0.10436	0.03226	0.03009	0.02338	0.01212	0.00952	0.00303	0.00863	0.00972	0.00974	0.01546
8	0.12702	0.01681	0.01926	0.01437	0.02214	0.01409	0.01163	0.02924	0.02070	0.16226	0.02078	0.02173	0.01551	0.00828	0.00737	0.00195	0.00726	0.00638	0.00697	0.46625
9	0.01347	0.01010	0.01516	0.01516	0.01684	0.01179	0.01179	0.01684	0.01516	0.02189	0.02526	0.03705	0.02357	0.07072	0.63122	0.01516	0.02526	0.01010	0.00505	0.00842
10	0.31522	0.02583	0.14586	0.01813	0.02599	0.02193	0.01751	0.10625	0.10383	0.10332	0.02138	0.02189	0.01541	0.01003	0.00790	0.00296	0.00921	0.00721	0.00708	0.01307
11	0.02048	0.02418	0.14634	0.01936	0.02589	0.02022	0.01794	0.03938	0.35849	0.03709	0.14681	0.03898	0.03722	0.01328	0.00977	0.00311	0.00823	0.01115	0.00856	0.01351
12	0.01578	0.00853	0.01255	0.01255	0.01279	0.00877	0.00853	0.01303	0.01279	0.01730	0.01857	0.03216	0.01865	0.08239	0.12218	0.57472	0.01068	0.00885	0.00434	0.00482
13	0.01335	0.00964	0.01261	0.01186	0.01409	0.00890	0.00890	0.01780	0.02669	0.03782	0.60479	0.07044	0.08898	0.01928	0.01112	0.00297	0.00445	0.01705	0.01038	0.00890
14	0.03585	0.02641	0.02830	0.02170	0.02924	0.02924	0.01792	0.57832	0.04434	0.05943	0.02264	0.02264	0.01604	0.01132	0.00943	0.00283	0.01038	0.00849	0.00943	0.01604
15	0.01891	0.04878	0.61973	0.02688	0.04081	0.02190	0.03484	0.02986	0.01991	0.02986	0.01692	0.01991	0.01195	0.00896	0.00896	0.00299	0.01394	0.00697	0.00398	0.01394
16	0.01145	0.00956	0.00997	0.00987	0.01292	0.00809	0.00740	0.01412	0.02221	0.02717	0.16535	0.08797	0.53506	0.02325	0.01114	0.00315	0.00473	0.01951	0.00898	0.00809
17	0.01520	0.01085	0.01520	0.01737	0.01954	0.01085	0.01520	0.01954	0.02171	0.02822	0.04993	0.10637	0.05427	0.02605	0.01303	0.00434	0.00868	0.54629	0.00868	0.00868
18	0.01329	0.00838	0.01030	0.01185	0.01288	0.00799	0.00811	0.01575	0.01856	0.02735	0.04569	0.47673	0.05106	0.02405	0.01042	0.00335	0.00515	0.02147	0.21960	0.00799
19	0.02226	0.02544	0.05564	0.03975	0.04928	0.02385	0.57552	0.03021	0.02226	0.03021	0.01908	0.02544	0.01431	0.00795	0.01113	0.00318	0.01590	0.01113	0.00477	0.01272
20	0.02226	0.02544	0.05564	0.03975	0.04928	0.02385	0.57552	0.03021	0.02226	0.03021	0.01908	0.02544	0.01431	0.00795	0.01113	0.00318	0.01590	0.01113	0.00477	0.01272
21	0.02346	0.02026	0.02132	0.01919	0.02452	0.02346	0.01493	0.05011	0.59273	0.03945	0.03838	0.03518	0.02879	0.01279	0.00960	0.00320	0.00746	0.01066	0.00960	0.01493
22	0.01781	0.01676	0.02828	0.64592	0.06495	0.02095	0.02619	0.02409	0.01886	0.02409	0.01676	0.02514	0.01257	0.00943	0.00943	0.00314	0.01257	0.00838	0.00419	0.01048
23	0.01335	0.00964	0.01261	0.01186	0.01409	0.00890	0.00890	0.01780	0.02669	0.03782	0.60479	0.07044	0.08898	0.01928	0.01112	0.00297	0.00445	0.01705	0.01038	0.00890
24	0.02226	0.38103	0.31678	0.02117	0.03199	0.03009	0.02491	0.02900	0.01951	0.02579	0.01490	0.01737	0.01203	0.00849	0.00741	0.00247	0.01189	0.00595	0.00401	0.01296
25	0.02722	0.01942	0.02144	0.01871	0.02443	0.02154	0.01471	0.04928	0.47989	0.15451	0.03815	0.03457	0.02770	0.01257	0.00957	0.00314	0.00758	0.01043	0.01001	0.01515
26	0.01335	0.00964	0.01261	0.01186	0.01409	0.00890	0.00890	0.01780	0.02669	0.03782	0.60479	0.07044	0.08898	0.01928	0.01112	0.00297	0.00445	0.01705	0.01038	0.00890
27	0.01230	0.00960	0.01115	0.01076	0.01344	0.00845	0.00807	0.01576	0.02421	0.03193	0.36202	0.08012	0.33542	0.02147	0.01113	0.00307	0.00461	0.01841	0.00961	0.00845
28	0.02378	0.34060	0.12785	0.01886	0.02778	0.02726	0.04912	0.02984	0.05111	0.05824	0.01742	0.01931	0.01408	0.00843	0.00734	0.00222	0.01013	0.00633	0.00509	0.15522
29	0.01556	0.01271	0.02005	0.02421	0.14243	0.01404	0.01542	0.01940	0.01649	0.02378	0.02367	0.03414	0.02175	0.05752	0.49949	0.01254	0.02228	0.00974	0.00497	0.00980
30	0.01392	0.00964	0.01373	0.01373	0.01483	0.01074	0.01001	0.01556	0.01446	0.02038	0.02499	0.04112	0.02486	0.19201	0.42668	0.11091	0.01952	0.01061	0.00506	0.00726
31	0.01413	0.01105	0.01303	0.01285	0.01542	0.01082	0.00949	0.02118	0.11659	0.03247	0.28337	0.19811	0.18280	0.02143	0.01108	0.00324	0.00524	0.01874	0.00955	0.00942
32	0.02005	0.01949	0.03466	0.29823	0.26061	0.02098	0.10414	0.02599	0.02025	0.02744	0.01990	0.06885	0.01716	0.01024	0.00982	0.00307	0.01204	0.01006	0.00477	0.01225
33	0.01638	0.00819	0.01229	0.01229	0.01229	0.00819	0.00819	0.01229	0.01229	0.01638	0.01638	0.02867	0.01638	0.03276	0.03686	0.72563	0.00819	0.00819	0.00410	0.00410
34	0.01434	0.01058	0.01400	0.01571	0.01810	0.01024	0.01350	0.01827	0.02166	0.02764	0.05958	0.10307	0.17097	0.02559	0.01263	0.00410	0.00786	0.43494	0.00870	0.00853
35	0.02259	0.22767	0.16446	0.02348	0.03231	0.02666	0.13189	0.06215	0.10747	0.03036	0.02538	0.02709	0.05796	0.01026	0.00878	0.00276	0.01132	0.00878	0.00565	0.01297
36	0.02231	0.01990	0.02961	0.19972	0.23606	0.02228	0.02304	0.09824	0.08450	0.03246	0.02271	0.07666	0.01960	0.01183	0.01121	0.00312	0.05768	0.01013	0.00597	0.01296
37	0.01371	0.00914	0.01029	0.01029	0.01029	0.00914	0.00571	0.01371	0.01371	0.01828	0.02971	0.06171	0.03428	0.66859	0.04800	0.00914	0.00914	0.01371	0.00571	0.00571
38	0.01955	0.01676	0.01955	0.01397	0.02235	0.01257	0.01117	0.02374	0.01955	0.03073	0.01676	0.01955	0.01397	0.00698	0.00698	0.00140	0.00698	0.00559	0.00559	0.72624
39	0.02346	0.02026	0.02132	0.01919	0.02452	0.02346	0.01493	0.05011	0.59273	0.03945	0.03838	0.03518	0.02879	0.01279	0.00960	0.00320	0.00746	0.01066	0.00960	0.01493
40	0.01302	0.01018	0.01201	0.01116	0.01425	0.00884	0.00843	0.01667	0.02415	0.03257	0.36439	0.07400	0.27850	0.02002	0.01080	0.00292	0.00478	0.01720	0.00938	0.06674
41	0.02640	0.02548	0.10475	0.02978	0.11372	0.07063	0.11689	0.03159	0.02188	0.15257	0.05754	0.02702	0.02014	0.01155	0.01415	0.00317	0.14414	0.00925	0.00635	0.01301
42	0.03392	0.20611	0.03275	0.01894	0.02650	0.02451	0.04691	0.13686	0.06420	0.27591	0.02676	0.02538	0.01866	0.01045	0.00860	0.00268	0.00944	0.00821	0.00857	0.01466
43	0.01149	0.00821	0.01094	0.01313	0.01368	0.00766	0.00875	0.01313	0.01805	0.02407	0.05198	0.66244	0.06237	0.02954	0.01204	0.00383	0.00547	0.02681	0.00875	0.00766
44	0.04183	0.01681	0.02236	0.01714	0.02445	0.01499	0.01416	0.08512	0.02827	0.57533	0.03613	0.03140	0.02281	0.01165	0.00948	0.00291	0.00820	0.00941	0.01151	0.01605
45	0.03090	0.02556	0.16652	0.02186	0.06400	0.05001	0.01952	0.06633	0.02451	0.29817	0.02968	0.07426	0.02246	0.04874	0.01163	0.00331	0.01015	0.01005	0.00833	0.01401
46	0.04231	0.01605	0.02188	0.01678	0.02407	0.01386	0.01386	0.04596	0.02699	0.61630	0.03720	0.03210	0.02334	0.01167	0.00948	0.00292	0.00802	0.00948	0.01167	0.01605
47	0.02682	0.18019	0.11049	0.02051	0.02802	0.08790	0.01880	0.14318	0.21951	0.03637	0.02419	0.02422	0.01851	0.01058	0.00854	0.00275	0.01046	0.00798	0.00704	0.01395
48	0.01854	0.03394	0.35387	0.02111	0.03195	0.01738	0.02419	0.02630	0.01963	0.02971	0.01971	0.07191	0.01677	0.00992	0.00850	0.00248	0.01074	0.00808	0.00495	0.27033
49	0.02104	0.26017	0.42698	0.02325	0.03520	0.02711	0.02852	0.02931	0.01966	0.02727	0.01563	0.01829	0.01200	0.00866	0.00798	0.00266	0.01263	0.00632	0.00400	0.01332
50	0.02349	0.17674	0.19927	0.02942	0.03962	0.02565	0.26800	0.03081	0.02129	0.07049	0.01848	0.02215	0.01384	0.00851	0.00930	0.00285	0.01351	0.00855	0.00489	0.01314
51	0.01335	0.00964	0.01261	0.01186	0.01409	0.00890	0.00890	0.01780	0.02669	0.03782	0.60479	0.07044	0.08898	0.01928	0.01112	0.00297	0.00445	0.01705	0.01038	0.00890
52	0.03523	0.04494	0.02672	0.02429	0.02915	0.63073	0.01822	0.03766	0.02672	0.02308	0.01458	0.01701	0.01215	0.00972	0.00850	0.00243	0.01701	0.00607	0.00486	0.01093
53	0.03863	0.01999	0.02534	0.02174	0.07330	0.01964	0.01643	0.22077	0.03228	0.38449	0.03080	0.02826	0.02024	0.01129	0.00945	0.00288	0.00906	0.00907	0.01036	0.01595
54	0.02202	0.01310	0.01789	0.01653	0.01906	0.01388	0.01288	0.02474	0.02088	0.18503	0.09960	0.26952	0.04430	0.02083	0.01508	0.00358	0.13505	0.04661	0.00879	0.01064
55	0.01638	0.00819	0.01229	0.01229	0.01229	0.00819	0.00819	0.01229	0.01229	0.01638	0.01638	0.02867	0.01638	0.03276	0.03686	0.72563	0.00819	0.00819	0.00410	0.00410
56	0.04094	0.01824	0.02324	0.01782	0.02517	0.01712	0.01472	0.15872	0.03066	0.49834	0.03412	0.03009	0.02180	0.01160	0.00947	0.00290	0.00852	0.00927	0.01120	0.01605
57	0.73520	0.01824	0.01386	0.01240	0.01824	0.02115	0.01021	0.02772	0.01605	0.04231	0.01313	0.01532	0.01021	0.00875	0.00584	0.00292	0.00729	0.00511	0.00584	0.01021
58	0.01149	0.00821	0.01094	0.01313	0.01368	0.00766	0.00875	0.01313	0.01805	0.02407	0.05198	0.66244	0.06237	0.02954	0.01204	0.00383	0.00547	0.02681	0.00875	0.00766
59	0.73520	0.01824	0.01386	0.01240	0.01824	0.02115	0.01021	0.02772	0.01605	0.04231	0.01313	0.01532	0.01021	0.00875	0.00584	0.00292	0.00729	0.00511	0.00584	0.01021
60	0.01352	0.00991	0.01418	0.01418	0.01553	0.01126	0.01058	0.01622	0.01487	0.02117	0.02615	0.04197	0.02571	0.18997	0.51489	0.01396	0.02204	0.01082	0.00518	0.00788
61	0.01347	0.01010	0.01516	0.01516	0.01684	0.01179	0.01179	0.01684	0.01516	0.02189	0.02526	0.03705	0.02357	0.07072	0.63122	0.01516	0.02526	0.01010	0.00505	0.00842
62	0.01781	0.01676	0.02828	0.64592	0.06495	0.02095	0.02619	0.02409	0.01886	0.02409	0.01676	0.02514	0.01257	0.00943	0.00943	0.00314	0.01257	0.00838	0.00419	0.01048
63	0.01781	0.01676	0.02828	0.64592	0.06495	0.02095	0.02619	0.02409	0.01886	0.02409	0.01676	0.02514	0.01257	0.00943	0.00943	0.00314	0.01257	0.00838	0.00419	0.01048
64	0.04231	0.01605	0.02188	0.01678	0.02407	0.01386	0.01386	0.04596	0.02699	0.61630	0.03720	0.03210	0.02334	0.01167	0.00948	0.00292	0.00802	0.00948	0.01167	0.01605
65	0.01920	0.01906	0.03489	0.46981	0.10583	0.02168	0.14277	0.02578	0.01979	0.02593	0.01733	0.02506	0.01313	0.00903	0.00978	0.00312	0.01316	0.00896	0.00435	0.01131
66	0.01433	0.01034	0.01461	0.01633	0.01818	0.01062	0.01361	0.01810	0.01983	0.02632	0.04498	0.16667	0.04886	0.03598	0.14384	0.00656	0.01176	0.36267	0.00792	0.00849
67	0.01149	0.00821	0.01094	0.01313	0.01368	0.00766	0.00875	0.01313	0.01805	0.02407	0.05198	0.66244	0.06237	0.02954	0.01204	0.00383	0.00547	0.02681	0.00875	0.00766
68	0.01881	0.01820	0.02511	0.02196	0.02238	0.02450	0.01802	0.02104	0.01608	0.02409	0.06442	0.07376	0.06227	0.01812	0.02681	0.00396	0.51440	0.01099	0.00523	0.00986
69	0.03021	0.11236	0.11354	0.02959	0.15349	0.02210	0.08104	0.07441	0.02455	0.23002	0.02410	0.02492	0.01701	0.00970	0.00909	0.00280	0.01079	0.00842	0.00722	0.01464
70	0.68534	0.01808	0.01444	0.01272	0.01866	0.02063	0.01048	0.02903	0.01684	0.08361	0.01486	0.01653	0.01116	0.00896	0.00610	0.00292	0.00735	0.00542	0.00626	0.01063
71	0.04231	0.01605	0.02188	0.01678	0.02407	0.01386	0.01386	0.04596	0.02699	0.61630	0.03720	0.03210	0.02334	0.01167	0.00948	0.00292	0.00802	0.00948	0.01167	0.01605
72	0.02237	0.02213	0.03985	0.13841	0.43560	0.02245	0.12281	0.02847	0.02124	0.02975	0.01783	0.02396	0.01449	0.00847	0.00966	0.00291	0.01221	0.00887	0.00462	0.01392
73	0.01508	0.01191	0.01726	0.05742	0.06648	0.01352	0.01280	0.01770	0.01541	0.02170	0.02464	0.04167	0.02473	0.24109	0.32457	0.01085	0.05885	0.01084	0.00511	0.00837
74	0.01272	0.00961	0.01174	0.01121	0.01370	0.00863	0.00841	0.01659	0.02522	0.03431	0.46028	0.07621	0.23568	0.02059	0.01113	0.00303	0.00454	0.01786	0.00992	0.00863
75	0.01391	0.01001	0.01340	0.01355	0.01576	0.00950	0.01083	0.01833	0.02517	0.03488	0.43481	0.08145	0.07835	0.02135	0.01171	0.00339	0.00575	0.17919	0.00986	0.00883
76	0.02240	0.07650	0.41995	0.02733	0.07618	0.06726	0.02958	0.07608	0.05946	0.03205	0.01846	0.02089	0.01359	0.00937	0.00888	0.00288	0.01306	0.00726	0.00490	0.01393
77	0.02465	0.12688	0.06984	0.02993	0.15340	0.12871	0.02147	0.03156	0.09712	0.02715	0.01782	0.02169	0.01504	0.01134	0.01441	0.00303	0.18066	0.00767	0.00508	0.01255
78	0.01517	0.01027	0.01316	0.01295	0.01421	0.01152	0.00953	0.01788	0.01625	0.02504	0.02818	0.07396	0.02727	0.17909	0.24358	0.00865	0.06552	0.01127	0.20847	0.00804
79	0.18982	0.06331	0.02482	0.02074	0.02588	0.33682	0.01626	0.07862	0.06113	0.03133	0.01622	0.01842	0.01312	0.01023	0.00950	0.00272	0.05748	0.00645	0.00567	0.01145

[dist]
# distance from previous block
# <min> <max>
0	5

[block]
# block no. 2 follows, 17 sequences, length 61
# corresponding to MSA columns:
# 484-544
name=unknown_C
#
# <colnr> <probs for GDERKNQSTAVLIFYWHMCP>
#	G	D	E	R	K	N	Q	S	T	A	V	L	I	F	Y	W	H	M	C	P
0	0.65783	0.01732	0.01373	0.01234	0.01779	0.01984	0.01007	0.02666	0.01719	0.04183	0.07654	0.02123	0.01865	0.00988	0.00640	0.00292	0.00699	0.00639	0.00632	0.01007
1	0.02248	0.10064	0.36445	0.02651	0.06119	0.05432	0.08648	0.03070	0.02100	0.07003	0.01904	0.02191	0.01397	0.00911	0.00878	0.00282	0.01276	0.00754	0.05296	0.01331
2	0.01296	0.00921	0.01198	0.01348	0.01495	0.00866	0.01015	0.01489	0.01914	0.02467	0.05641	0.32560	0.16523	0.02778	0.01479	0.08120	0.00651	0.16653	0.00824	0.00762
3	0.01955	0.01676	0.01955	0.01397	0.02235	0.01257	0.01117	0.02374	0.01955	0.03073	0.01676	0.01955	0.01397	0.00698	0.00698	0.00140	0.00698	0.00559	0.00559	0.72624
4	0.07723	0.02781	0.06838	0.05687	0.03113	0.10086	0.04310	0.26477	0.12541	0.04324	0.02219	0.02349	0.01653	0.01105	0.01028	0.00296	0.04495	0.00831	0.00750	0.01393
5	0.02540	0.20264	0.03104	0.02164	0.06747	0.06979	0.01666	0.06955	0.32492	0.03398	0.02743	0.02687	0.02135	0.01088	0.00852	0.00277	0.00927	0.00852	0.00737	0.01393
6	0.01693	0.01264	0.01789	0.02110	0.13509	0.01180	0.01298	0.02120	0.02474	0.07317	0.35792	0.06191	0.16076	0.01738	0.01065	0.00297	0.00611	0.01530	0.00902	0.01044
7	0.02346	0.15557	0.32650	0.02920	0.11906	0.02410	0.06592	0.03118	0.02092	0.09146	0.01866	0.02121	0.01379	0.00893	0.00868	0.00279	0.01233	0.00738	0.00497	0.01388
8	0.02243	0.08409	0.29603	0.10397	0.07372	0.02332	0.07585	0.06219	0.07702	0.06215	0.02030	0.02314	0.01487	0.00947	0.00912	0.00294	0.01235	0.00802	0.00537	0.01364
9	0.01201	0.00820	0.01109	0.01304	0.01353	0.00772	0.00869	0.01304	0.01744	0.02325	0.04816	0.59451	0.05744	0.02989	0.01470	0.08119	0.00576	0.02481	0.00825	0.00728
10	0.01785	0.01666	0.02932	0.07055	0.22742	0.01639	0.11794	0.02225	0.02002	0.02748	0.03228	0.29196	0.03459	0.01725	0.01079	0.00332	0.00972	0.01661	0.00637	0.01122
11	0.02485	0.06620	0.06676	0.07827	0.14967	0.02312	0.08024	0.03658	0.18876	0.10392	0.02553	0.02731	0.01924	0.01070	0.01089	0.00305	0.05498	0.00917	0.00683	0.01392
12	0.01167	0.00924	0.01051	0.01089	0.01324	0.00808	0.00790	0.01430	0.02171	0.02763	0.18797	0.22621	0.36860	0.02433	0.01136	0.00330	0.00488	0.02101	0.00908	0.00808
13	0.01950	0.01925	0.06620	0.01497	0.02378	0.01330	0.01301	0.02422	0.01958	0.03066	0.01677	0.01958	0.01381	0.00714	0.00714	0.00152	0.00752	0.00569	0.00546	0.67088
14	0.73520	0.01824	0.01386	0.01240	0.01824	0.02115	0.01021	0.02772	0.01605	0.04231	0.01313	0.01532	0.01021	0.00875	0.00584	0.00292	0.00729	0.00511	0.00584	0.01021
15	0.01185	0.00958	0.01053	0.01029	0.01317	0.00826	0.00772	0.01490	0.02316	0.02943	0.25890	0.08424	0.44010	0.02241	0.01114	0.00311	0.00467	0.01899	0.00928	0.00826
16	0.73520	0.01824	0.01386	0.01240	0.01824	0.02115	0.01021	0.02772	0.01605	0.04231	0.01313	0.01532	0.01021	0.00875	0.00584	0.00292	0.00729	0.00511	0.00584	0.01021
17	0.01977	0.06836	0.10375	0.16430	0.08033	0.01825	0.01946	0.02535	0.01956	0.02849	0.01660	0.02086	0.01332	0.00799	0.00792	0.00216	0.00973	0.00659	0.00487	0.36234
18	0.01347	0.01010	0.01516	0.01516	0.01684	0.01179	0.01179	0.01684	0.01516	0.02189	0.02526	0.03705	0.02357	0.07072	0.63122	0.01516	0.02526	0.01010	0.00505	0.00842
19	0.02346	0.02026	0.02132	0.01919	0.02452	0.02346	0.01493	0.05011	0.59273	0.03945	0.03838	0.03518	0.02879	0.01279	0.00960	0.00320	0.00746	0.01066	0.00960	0.01493
20	0.04231	0.01605	0.02188	0.01678	0.02407	0.01386	0.01386	0.04596	0.02699	0.61630	0.03720	0.03210	0.02334	0.01167	0.00948	0.00292	0.00802	0.00948	0.01167	0.01605
21	0.55720	0.02032	0.01754	0.01477	0.02104	0.02321	0.01218	0.16786	0.02325	0.04667	0.01555	0.01718	0.01170	0.00941	0.00675	0.00290	0.00808	0.00597	0.00675	0.01170
22	0.04231	0.01605	0.02188	0.01678	0.02407	0.01386	0.01386	0.04596	0.02699	0.61630	0.03720	0.03210	0.02334	0.01167	0.00948	0.00292	0.00802	0.00948	0.01167	0.01605
23	0.01146	0.00957	0.01000	0.00989	0.01293	0.00810	0.00742	0.01415	0.02225	0.02726	0.16940	0.08781	0.53095	0.02321	0.01114	0.00315	0.00473	0.01949	0.00899	0.00810
24	0.03342	0.01368	0.01827	0.01518	0.02057	0.01206	0.01205	0.03674	0.02441	0.43414	0.03950	0.16001	0.03133	0.01522	0.00969	0.00303	0.00712	0.01292	0.08710	0.01357
25	0.03585	0.02641	0.02830	0.02170	0.02924	0.02924	0.01792	0.57832	0.04434	0.05943	0.02264	0.02264	0.01604	0.01132	0.00943	0.00283	0.01038	0.00849	0.00943	0.01604
26	0.01175	0.00958	0.01039	0.01019	0.01311	0.00822	0.00764	0.01471	0.02293	0.02887	0.23583	0.08516	0.46352	0.02261	0.01114	0.00312	0.00469	0.01912	0.00920	0.00822
27	0.03966	0.01527	0.02048	0.01592	0.02267	0.01332	0.01308	0.04339	0.02622	0.55401	0.03651	0.03242	0.02343	0.01160	0.00917	0.00284	0.00764	0.00941	0.08769	0.01527
28	0.01371	0.00914	0.01029	0.01029	0.01029	0.00914	0.00571	0.01371	0.01371	0.01828	0.02971	0.06171	0.03428	0.66859	0.04800	0.00914	0.00914	0.01371	0.00571	0.00571
29	0.25126	0.06774	0.02701	0.02182	0.02765	0.34457	0.07535	0.03327	0.02252	0.02978	0.01453	0.01729	0.01177	0.00914	0.00782	0.00264	0.01350	0.00626	0.00511	0.01096
30	0.02009	0.02282	0.06862	0.02695	0.10353	0.10662	0.14674	0.02543	0.02397	0.03110	0.21059	0.04471	0.10082	0.01361	0.01036	0.00294	0.01053	0.01255	0.00691	0.01111
31	0.02175	0.06915	0.02366	0.11005	0.05911	0.05890	0.01491	0.02611	0.02082	0.06016	0.05097	0.02459	0.01888	0.00889	0.00784	0.00207	0.00871	0.00720	0.05392	0.35231
32	0.02141	0.03334	0.36518	0.02137	0.03121	0.01725	0.02473	0.02948	0.02282	0.13001	0.16994	0.03481	0.03346	0.01204	0.00960	0.00297	0.01053	0.00996	0.00690	0.01301
33	0.02118	0.01671	0.01972	0.01417	0.02247	0.01266	0.01137	0.02533	0.02009	0.07256	0.01822	0.02045	0.01464	0.00732	0.00716	0.00151	0.00706	0.00587	0.00602	0.67550
34	0.01820	0.01016	0.01358	0.01355	0.01589	0.00923	0.00982	0.02096	0.02206	0.14744	0.18969	0.38418	0.06124	0.02331	0.01129	0.00343	0.00573	0.02082	0.00976	0.00967
35	0.01335	0.00964	0.01261	0.01186	0.01409	0.00890	0.00890	0.01780	0.02669	0.03782	0.60479	0.07044	0.08898	0.01928	0.01112	0.00297	0.00445	0.01705	0.01038	0.00890
36	0.02521	0.67426	0.04942	0.01614	0.02420	0.03731	0.01614	0.02824	0.01916	0.02219	0.01311	0.01513	0.01210	0.00807	0.00605	0.00202	0.01008	0.00504	0.00403	0.01210
37	0.73520	0.01824	0.01386	0.01240	0.01824	0.02115	0.01021	0.02772	0.01605	0.04231	0.01313	0.01532	0.01021	0.00875	0.00584	0.00292	0.00729	0.00511	0.00584	0.01021
38	0.03523	0.04494	0.02672	0.02429	0.02915	0.63073	0.01822	0.03766	0.02672	0.02308	0.01458	0.01701	0.01215	0.00972	0.00850	0.00243	0.01701	0.00607	0.00486	0.01093
39	0.01335	0.00964	0.01261	0.01186	0.01409	0.00890	0.00890	0.01780	0.02669	0.03782	0.60479	0.07044	0.08898	0.01928	0.01112	0.00297	0.00445	0.01705	0.01038	0.00890
40	0.01331	0.00953	0.01009	0.01037	0.01317	0.00855	0.00806	0.01646	0.02108	0.02830	0.07312	0.07863	0.38623	0.02088	0.01023	0.00308	0.00519	0.08543	0.19001	0.00827
41	0.01781	0.01676	0.02828	0.64592	0.06495	0.02095	0.02619	0.02409	0.01886	0.02409	0.01676	0.02514	0.01257	0.00943	0.00943	0.00314	0.01257	0.00838	0.00419	0.01048
42	0.01322	0.00963	0.01243	0.01173	0.01401	0.00884	0.00880	0.01754	0.02639	0.03709	0.57475	0.07164	0.11947	0.01955	0.01112	0.00298	0.00447	0.01722	0.01028	0.00884
43	0.01241	0.00897	0.01184	0.01326	0.01455	0.00840	0.00961	0.01510	0.02068	0.02779	0.17710	0.42187	0.09585	0.02647	0.01193	0.00368	0.00566	0.09765	0.00911	0.00810
44	0.03857	0.02204	0.02559	0.01962	0.02706	0.02276	0.01621	0.35381	0.03702	0.29427	0.02878	0.02663	0.01912	0.01147	0.00945	0.00287	0.00938	0.00891	0.01038	0.01604
45	0.01781	0.01676	0.02828	0.64592	0.06495	0.02095	0.02619	0.02409	0.01886	0.02409	0.01676	0.02514	0.01257	0.00943	0.00943	0.00314	0.01257	0.00838	0.00419	0.01048
46	0.01204	0.00860	0.01157	0.01376	0.01454	0.00813	0.00970	0.01408	0.01859	0.02468	0.05167	0.58043	0.06118	0.02903	0.01218	0.00391	0.00594	0.10342	0.00874	0.00781
47	0.01857	0.01766	0.02973	0.55324	0.06067	0.02136	0.06517	0.02656	0.06370	0.02573	0.01861	0.02594	0.01396	0.00958	0.00956	0.00315	0.01242	0.00876	0.00465	0.01098
48	0.21730	0.01691	0.01980	0.01584	0.02262	0.01641	0.01301	0.04162	0.06525	0.42835	0.03116	0.02805	0.02040	0.01101	0.00856	0.00294	0.00780	0.00845	0.01004	0.01448
49	0.01236	0.00960	0.01123	0.01083	0.01348	0.00848	0.00812	0.01588	0.02436	0.03227	0.37613	0.07956	0.32110	0.02135	0.01113	0.00306	0.00460	0.01833	0.00965	0.00848
50	0.32737	0.01634	0.01750	0.01488	0.02044	0.01736	0.01213	0.06189	0.02096	0.22387	0.02386	0.02552	0.01747	0.02238	0.13379	0.00539	0.01134	0.00771	0.00775	0.01205
51	0.10959	0.02415	0.03261	0.02485	0.03234	0.10967	0.18826	0.07373	0.02547	0.24785	0.02467	0.02536	0.01698	0.00989	0.00945	0.00292	0.01186	0.00895	0.00775	0.01363
52	0.02426	0.37764	0.03674	0.01784	0.02358	0.11901	0.01576	0.02868	0.06148	0.02397	0.02324	0.06066	0.05871	0.01194	0.01005	0.00258	0.07899	0.00828	0.00518	0.01139
53	0.01842	0.01608	0.02113	0.02198	0.13894	0.01349	0.01394	0.02265	0.02099	0.03073	0.09159	0.03627	0.10943	0.01108	0.00852	0.00211	0.00724	0.00950	0.00638	0.39955
54	0.02465	0.02441	0.03360	0.04642	0.42849	0.08843	0.02494	0.03417	0.13767	0.03172	0.02157	0.02505	0.01744	0.00943	0.00930	0.00284	0.01107	0.00861	0.00569	0.01450
55	0.03038	0.02694	0.03194	0.02564	0.03072	0.18508	0.13057	0.03414	0.02250	0.17540	0.02064	0.02355	0.01550	0.01173	0.01547	0.00317	0.18925	0.00856	0.00637	0.01243
56	0.02448	0.02040	0.03108	0.07651	0.34660	0.02019	0.02297	0.08723	0.02387	0.07270	0.02171	0.02943	0.01819	0.01007	0.00928	0.00274	0.01018	0.04709	0.00605	0.11922
57	0.06978	0.02165	0.10135	0.02114	0.05708	0.01746	0.06587	0.06627	0.02304	0.07504	0.12711	0.03060	0.02811	0.01100	0.01018	0.00260	0.04677	0.00913	0.00678	0.20903
58	0.01218	0.00850	0.01074	0.01225	0.01263	0.00812	0.00781	0.01331	0.01671	0.02228	0.04508	0.47646	0.05368	0.22738	0.02317	0.00547	0.00661	0.02275	0.00781	0.00706
59	0.01676	0.01546	0.01919	0.02442	0.16676	0.05440	0.01438	0.02123	0.05288	0.02774	0.08279	0.21146	0.21652	0.01959	0.01065	0.00319	0.00755	0.01716	0.00758	0.01029
60	0.02693	0.37349	0.04309	0.02667	0.12987	0.10221	0.05877	0.08607	0.02326	0.02820	0.01550	0.01830	0.01317	0.00864	0.00762	0.00237	0.01153	0.00654	0.00485	0.01291

[dist]
# distance from previous block
# <min> <max>
12	34

[block]
# block no. 3 follows, 17 sequences, length 20
# corresponding to MSA columns:
# 579-598
name=unknown_D
#
# <colnr> <probs for GDERKNQSTAVLIFYWHMCP>
#	G	D	E	R	K	N	Q	S	T	A	V	L	I	F	Y	W	H	M	C	P
0	0.10876	0.25192	0.03324	0.02003	0.05678	0.09287	0.01630	0.13440	0.02594	0.14709	0.01996	0.02048	0.01496	0.00964	0.00776	0.00253	0.01024	0.00684	0.00683	0.01342
1	0.02310	0.02108	0.06923	0.27780	0.04379	0.02164	0.05190	0.12773	0.02381	0.06960	0.01949	0.02474	0.01473	0.01401	0.04991	0.00376	0.06196	0.00840	0.00581	0.06749
2	0.01955	0.01676	0.01955	0.01397	0.02235	0.01257	0.01117	0.02374	0.01955	0.03073	0.01676	0.01955	0.01397	0.00698	0.00698	0.00140	0.00698	0.00559	0.00559	0.72624
3	0.57569	0.02010	0.01715	0.01452	0.02075	0.02300	0.01197	0.15330	0.02250	0.04621	0.01530	0.01699	0.01154	0.00934	0.00666	0.00290	0.00800	0.00588	0.00666	0.01154
4	0.02848	0.39486	0.11428	0.01877	0.02720	0.07292	0.01856	0.09240	0.02358	0.10340	0.01784	0.01887	0.01396	0.00912	0.00741	0.00237	0.01083	0.00631	0.00566	0.01319
5	0.01290	0.00923	0.01180	0.01222	0.01324	0.00928	0.00833	0.01479	0.01727	0.02347	0.11153	0.20276	0.08542	0.25216	0.16518	0.00805	0.01104	0.01687	0.00709	0.00736
6	0.03254	0.03931	0.02549	0.02313	0.02810	0.49222	0.01747	0.04050	0.15582	0.02681	0.02001	0.02115	0.01594	0.01042	0.00875	0.00260	0.01483	0.00712	0.00594	0.01184
7	0.02226	0.02544	0.05564	0.03975	0.04928	0.02385	0.57552	0.03021	0.02226	0.03021	0.01908	0.02544	0.01431	0.00795	0.01113	0.00318	0.01590	0.01113	0.00477	0.01272
8	0.20035	0.01655	0.02005	0.01578	0.02274	0.01552	0.01303	0.04180	0.02449	0.48538	0.03171	0.02827	0.02035	0.01101	0.00865	0.00292	0.00786	0.00848	0.01034	0.01472
9	0.01137	0.00867	0.01046	0.01189	0.01335	0.00776	0.00820	0.01327	0.01925	0.02456	0.06708	0.46423	0.25083	0.02758	0.01173	0.00361	0.00523	0.02441	0.00875	0.00776
10	0.01520	0.01085	0.01520	0.01737	0.01954	0.01085	0.01520	0.01954	0.02171	0.02822	0.04993	0.10637	0.05427	0.02605	0.01303	0.00434	0.00868	0.54629	0.00868	0.00868
11	0.01891	0.04878	0.61973	0.02688	0.04081	0.02190	0.03484	0.02986	0.01991	0.02986	0.01692	0.01991	0.01195	0.00896	0.00896	0.00299	0.01394	0.00697	0.00398	0.01394
12	0.01176	0.00840	0.01126	0.01345	0.01411	0.00790	0.00923	0.01361	0.01833	0.02438	0.05182	0.62110	0.06177	0.02928	0.01211	0.00387	0.00571	0.06542	0.00875	0.00774
13	0.73520	0.01824	0.01386	0.01240	0.01824	0.02115	0.01021	0.02772	0.01605	0.04231	0.01313	0.01532	0.01021	0.00875	0.00584	0.00292	0.00729	0.00511	0.00584	0.01021
14	0.04231	0.01605	0.02188	0.01678	0.02407	0.01386	0.01386	0.04596	0.02699	0.61630	0.03720	0.03210	0.02334	0.01167	0.00948	0.00292	0.00802	0.00948	0.01167	0.01605
15	0.02031	0.01731	0.02037	0.11087	0.02816	0.01976	0.01523	0.03886	0.37815	0.03679	0.16435	0.04173	0.04010	0.01377	0.00992	0.00314	0.00754	0.01178	0.00897	0.01289
16	0.01332	0.00966	0.01323	0.01375	0.01552	0.00956	0.01056	0.01697	0.02178	0.03018	0.27938	0.19070	0.06451	0.03269	0.13359	0.00578	0.00950	0.11210	0.00870	0.00851
17	0.01758	0.00879	0.00879	0.00879	0.01099	0.00879	0.00659	0.02197	0.01978	0.03516	0.03076	0.03516	0.02417	0.01099	0.00659	0.00220	0.00439	0.00879	0.72094	0.00879
18	0.07384	0.02109	0.02301	0.01903	0.02542	0.02311	0.01530	0.20117	0.28748	0.15886	0.03205	0.02974	0.02289	0.01190	0.00930	0.00302	0.00841	0.00946	0.00973	0.01518
19	0.01523	0.01263	0.01452	0.01197	0.01714	0.01014	0.00927	0.01887	0.02189	0.03060	0.18163	0.05574	0.23315	0.01562	0.00937	0.00237	0.00564	0.01315	0.00779	0.31326

[dist]
# distance from previous block
# <min> <max>
0	14

[block]
# block no. 4 follows, 17 sequences, length 6
# corresponding to MSA columns:
# 622-627
name=unknown_E
#
# <colnr> <probs for GDERKNQSTAVLIFYWHMCP>
#	G	D	E	R	K	N	Q	S	T	A	V	L	I	F	Y	W	H	M	C	P
0	0.11766	0.02420	0.04131	0.03206	0.06975	0.02452	0.31920	0.14582	0.06348	0.03853	0.02025	0.02407	0.01512	0.00910	0.00989	0.00305	0.01282	0.00962	0.00620	0.01335
1	0.26815	0.02586	0.01999	0.01763	0.02284	0.19355	0.01380	0.10132	0.08812	0.03808	0.10042	0.02665	0.02459	0.01127	0.00820	0.00281	0.01006	0.00810	0.00707	0.01149
2	0.02406	0.01785	0.02048	0.01613	0.02333	0.01644	0.01282	0.03579	0.21484	0.11571	0.02695	0.02661	0.02030	0.00961	0.00822	0.00222	0.00729	0.00785	0.00780	0.38570
3	0.26913	0.02114	0.02495	0.12973	0.03292	0.02356	0.05717	0.21647	0.02742	0.08439	0.01914	0.02147	0.01384	0.00990	0.00834	0.00295	0.00996	0.00759	0.00711	0.01284
4	0.01547	0.00875	0.00935	0.00984	0.01179	0.00844	0.00714	0.01902	0.01960	0.03157	0.04311	0.17998	0.10154	0.01660	0.00833	0.00267	0.00468	0.01408	0.47959	0.00844
5	0.02812	0.11330	0.19545	0.02102	0.02983	0.02383	0.02121	0.15795	0.10687	0.14032	0.02584	0.02823	0.01923	0.01119	0.00906	0.00291	0.01044	0.03319	0.00758	0.01444

[dist]
# distance from previous block
# <min> <max>
0	1

[block]
# block no. 5 follows, 17 sequences, length 14
# corresponding to MSA columns:
# 629-642
name=unknown_F
#
# <colnr> <probs for GDERKNQSTAVLIFYWHMCP>
#	G	D	E	R	K	N	Q	S	T	A	V	L	I	F	Y	W	H	M	C	P
0	0.14515	0.05679	0.06788	0.01968	0.02691	0.07682	0.01702	0.25416	0.09926	0.11118	0.02313	0.02303	0.01666	0.01067	0.00861	0.00284	0.01007	0.00785	0.00810	0.01420
1	0.01945	0.17214	0.01876	0.01059	0.01423	0.01579	0.00893	0.02351	0.01962	0.03197	0.02643	0.03024	0.02121	0.01027	0.00646	0.00215	0.00579	0.00787	0.54496	0.00960
2	0.01955	0.01676	0.01955	0.01397	0.02235	0.01257	0.01117	0.02374	0.01955	0.03073	0.01676	0.01955	0.01397	0.00698	0.00698	0.00140	0.00698	0.00559	0.00559	0.72624
3	0.01243	0.00893	0.01178	0.01249	0.01389	0.00829	0.00883	0.01549	0.02243	0.03103	0.33198	0.36258	0.07585	0.02434	0.01157	0.00339	0.00495	0.02187	0.00958	0.00829
4	0.02121	0.02109	0.03843	0.25648	0.30627	0.02220	0.14113	0.02753	0.02073	0.02837	0.01768	0.02439	0.01399	0.00866	0.00974	0.00300	0.01265	0.00896	0.00452	0.01294
5	0.08398	0.13258	0.10902	0.01872	0.02608	0.06663	0.01737	0.13001	0.06521	0.14297	0.09203	0.02832	0.02497	0.01125	0.00868	0.00275	0.00973	0.00862	0.00771	0.01335
6	0.01728	0.01597	0.06250	0.01742	0.02029	0.01510	0.06122	0.05618	0.01857	0.02576	0.07974	0.04321	0.05034	0.21197	0.10086	0.09244	0.08517	0.01148	0.00586	0.00866
7	0.01607	0.00921	0.01081	0.01072	0.01279	0.00954	0.00814	0.02022	0.01947	0.03222	0.09779	0.03982	0.03174	0.02664	0.16046	0.00547	0.00952	0.01010	0.46057	0.00871
8	0.01572	0.01270	0.01806	0.02004	0.08441	0.01417	0.01309	0.01761	0.01748	0.02459	0.09837	0.21537	0.04014	0.12370	0.05506	0.06411	0.13477	0.01547	0.00653	0.00862
9	0.16405	0.01898	0.02203	0.01721	0.02430	0.01893	0.01421	0.17339	0.02930	0.37744	0.02934	0.02679	0.01921	0.01107	0.00882	0.00290	0.00847	0.00846	0.01008	0.01501
10	0.01868	0.01818	0.09021	0.02033	0.06185	0.01628	0.01628	0.02866	0.15889	0.06177	0.03034	0.09611	0.02676	0.03743	0.26487	0.00810	0.01562	0.01139	0.00676	0.01147
11	0.02805	0.02085	0.09975	0.12872	0.10564	0.01748	0.04598	0.03478	0.05238	0.24417	0.02726	0.02853	0.01902	0.01035	0.00913	0.00289	0.00983	0.00891	0.09264	0.01363
12	0.01677	0.10174	0.19881	0.06504	0.02962	0.01783	0.06785	0.02242	0.01996	0.02701	0.06795	0.21203	0.08193	0.01654	0.01003	0.00315	0.00980	0.01455	0.00621	0.01077
13	0.14231	0.01780	0.02028	0.01903	0.06360	0.01891	0.01385	0.12131	0.14326	0.12818	0.14345	0.03689	0.03422	0.04271	0.01098	0.00325	0.00773	0.01049	0.00889	0.01287

[dist]
# distance from previous block
# <min> <max>
2	68

[block]
# block no. 6 follows, 17 sequences, length 10
# corresponding to MSA columns:
# 734-743
name=unknown_G
#
# <colnr> <probs for GDERKNQSTAVLIFYWHMCP>
#	G	D	E	R	K	N	Q	S	T	A	V	L	I	F	Y	W	H	M	C	P
0	0.02345	0.09478	0.08558	0.02381	0.03106	0.02468	0.13455	0.08220	0.29055	0.03570	0.02899	0.05580	0.02286	0.01153	0.00957	0.00305	0.01025	0.01035	0.00742	0.01384
1	0.02405	0.07133	0.03133	0.13039	0.10368	0.02128	0.09918	0.12234	0.02525	0.08632	0.08451	0.03066	0.02420	0.01772	0.08198	0.00432	0.01250	0.00977	0.00667	0.01252
2	0.01350	0.00923	0.01280	0.01326	0.01411	0.00985	0.00932	0.01475	0.01506	0.02081	0.03067	0.17274	0.03313	0.18982	0.29166	0.10699	0.01523	0.01416	0.00585	0.00708
3	0.01955	0.01676	0.01955	0.01397	0.02235	0.01257	0.01117	0.02374	0.01955	0.03073	0.01676	0.01955	0.01397	0.00698	0.00698	0.00140	0.00698	0.00559	0.00559	0.72624
4	0.01460	0.01163	0.01631	0.14975	0.02641	0.01249	0.01384	0.02019	0.07337	0.02749	0.10284	0.33816	0.05049	0.02214	0.01126	0.00359	0.00744	0.08078	0.00802	0.00920
5	0.03164	0.02073	0.02923	0.03308	0.24605	0.02026	0.02017	0.15145	0.02793	0.22130	0.02483	0.02559	0.01773	0.00992	0.00918	0.00271	0.00963	0.00850	0.00798	0.08208
6	0.10386	0.01821	0.02169	0.10094	0.02898	0.01819	0.01489	0.08324	0.11693	0.16003	0.02481	0.02536	0.01799	0.00985	0.00837	0.00255	0.00838	0.00784	0.00773	0.22019
7	0.02429	0.01963	0.02813	0.15899	0.20170	0.01949	0.02054	0.10167	0.02389	0.08006	0.01947	0.02322	0.01499	0.00886	0.00870	0.00248	0.00990	0.00768	0.00604	0.22028
8	0.02553	0.02186	0.03640	0.12723	0.35556	0.02235	0.08966	0.08952	0.02419	0.08567	0.02005	0.02454	0.01542	0.00910	0.00958	0.00290	0.01156	0.00882	0.00576	0.01430
9	0.02415	0.02279	0.02828	0.03613	0.28984	0.10147	0.02038	0.09246	0.06920	0.03158	0.02387	0.07942	0.02218	0.09973	0.01467	0.00372	0.01085	0.01046	0.00611	0.01271

[dist]
# distance from previous block
# <min> <max>
0	2

[block]
# block no. 7 follows, 17 sequences, length 14
# corresponding to MSA columns:
# 746-759
name=unknown_H
#
# <colnr> <probs for GDERKNQSTAVLIFYWHMCP>
#	G	D	E	R	K	N	Q	S	T	A	V	L	I	F	Y	W	H	M	C	P
0	0.03261	0.10196	0.12786	0.01954	0.02720	0.11114	0.01820	0.06406	0.02503	0.28525	0.02792	0.07281	0.02098	0.01183	0.00904	0.00282	0.01055	0.00928	0.00811	0.01383
1	0.02145	0.01651	0.02156	0.02267	0.13499	0.01535	0.01465	0.09815	0.02559	0.07519	0.15628	0.04313	0.12020	0.01333	0.00945	0.00257	0.00746	0.01139	0.00784	0.18225
2	0.01986	0.01816	0.02691	0.36097	0.11787	0.02048	0.02220	0.02986	0.13440	0.02891	0.02122	0.02617	0.01631	0.00964	0.00911	0.00287	0.01061	0.00846	0.00553	0.11047
3	0.02888	0.11197	0.09712	0.02143	0.02811	0.24022	0.01866	0.13908	0.10631	0.03412	0.06597	0.02490	0.02120	0.01091	0.00879	0.00267	0.01224	0.00801	0.00662	0.01279
4	0.01923	0.03916	0.44080	0.02614	0.03763	0.02023	0.11391	0.02873	0.02025	0.03071	0.01934	0.02306	0.01415	0.00911	0.00894	0.00290	0.01280	0.00788	0.11207	0.01297
