[name]
unknown

[dist]
# distance from previous block
# <min> <max>
1	511

[block]
# block no. 0 follows, 19 sequences, length 13
# corresponding to MSA columns:
# 511-523
name=unknown_A
#
# <colnr> <probs for GDERKNQSTAVLIFYWHMCP>
#	G	D	E	R	K	N	Q	S	T	A	V	L	I	F	Y	W	H	M	C	P
0	0.21969	0.15223	0.12246	0.01620	0.02326	0.02172	0.01566	0.07278	0.05891	0.10947	0.08649	0.02475	0.02174	0.01010	0.00753	0.00263	0.00846	0.00748	0.00658	0.01186
1	0.02794	0.28525	0.18340	0.01839	0.02716	0.02475	0.01917	0.07562	0.02233	0.20443	0.02066	0.02069	0.01483	0.00909	0.00761	0.00245	0.00992	0.00671	0.00631	0.01328
2	0.02299	0.01823	0.09243	0.11730	0.02899	0.01481	0.01652	0.02966	0.07212	0.18591	0.07341	0.06201	0.02711	0.01224	0.00905	0.00274	0.00843	0.06005	0.00747	0.13851
3	0.18226	0.06408	0.26249	0.02221	0.07390	0.02102	0.02172	0.02899	0.05596	0.06691	0.01723	0.01958	0.01300	0.00919	0.00927	0.00276	0.06036	0.00660	0.00510	0.05738
4	0.01237	0.00922	0.01155	0.01121	0.01351	0.00840	0.00857	0.01617	0.02392	0.03270	0.46719	0.07358	0.19510	0.01972	0.01070	0.00296	0.00461	0.06089	0.00940	0.00824
5	0.01942	0.03479	0.34223	0.03056	0.04099	0.02207	0.27286	0.02795	0.01944	0.02795	0.01660	0.02118	0.01232	0.00864	0.01097	0.00299	0.06407	0.00839	0.00411	0.01247
6	0.01090	0.00779	0.01038	0.01246	0.01298	0.00727	0.00830	0.01246	0.01713	0.02284	0.04931	0.67975	0.05917	0.02803	0.01142	0.00363	0.00519	0.02543	0.00830	0.00727
7	0.74878	0.01730	0.01315	0.01177	0.01730	0.02007	0.00969	0.02630	0.01523	0.04014	0.01246	0.01453	0.00969	0.00830	0.00554	0.00277	0.00692	0.00484	0.00554	0.00969
8	0.01380	0.00958	0.01066	0.01048	0.01092	0.00984	0.00617	0.01598	0.06465	0.01907	0.02890	0.05638	0.03208	0.62768	0.04240	0.00819	0.00854	0.01276	0.00574	0.00617
9	0.01879	0.01271	0.01502	0.01324	0.01666	0.01263	0.01024	0.14153	0.02727	0.07497	0.32094	0.11020	0.11000	0.01703	0.00992	0.00283	0.00574	0.01460	0.05559	0.01010
10	0.08551	0.01600	0.06418	0.01387	0.01837	0.01421	0.01180	0.13544	0.02393	0.06838	0.07656	0.14531	0.15052	0.01597	0.00902	0.00285	0.00671	0.01323	0.11786	0.01028
11	0.02059	0.19061	0.11625	0.07023	0.06164	0.05097	0.01738	0.02536	0.01888	0.02616	0.01501	0.01806	0.01240	0.00754	0.00705	0.00194	0.00941	0.00574	0.00453	0.32025
12	0.01453	0.09918	0.06528	0.01652	0.07171	0.01352	0.01226	0.01771	0.01933	0.02553	0.14115	0.20380	0.16277	0.08146	0.01315	0.00348	0.00688	0.01575	0.00702	0.00896

[dist]
# distance from previous block
# <min> <max>
0	15

[block]
# block no. 1 follows, 19 sequences, length 26
# corresponding to MSA columns:
# 539-564
name=unknown_B
#
# <colnr> <probs for GDERKNQSTAVLIFYWHMCP>
#	G	D	E	R	K	N	Q	S	T	A	V	L	I	F	Y	W	H	M	C	P
0	0.01687	0.02206	0.20359	0.01623	0.02316	0.01299	0.01648	0.02231	0.02037	0.06837	0.14169	0.12011	0.09663	0.01406	0.00910	0.00262	0.00784	0.01195	0.00675	0.16679
1	0.18507	0.01729	0.10045	0.01510	0.01974	0.01411	0.01340	0.05668	0.01992	0.09338	0.06396	0.26657	0.03576	0.01735	0.00928	0.00316	0.00734	0.04395	0.00745	0.01005
2	0.01834	0.01759	0.02436	0.02117	0.02126	0.02404	0.01724	0.02010	0.01365	0.02093	0.01459	0.02560	0.01508	0.10766	0.06465	0.00511	0.54676	0.00861	0.00416	0.00911
3	0.01857	0.06200	0.02264	0.09010	0.07003	0.05583	0.08108	0.02238	0.01928	0.05473	0.02973	0.22376	0.02939	0.01484	0.00902	0.00284	0.00840	0.01332	0.16233	0.00973
4	0.07009	0.06630	0.15621	0.02011	0.02729	0.06945	0.01923	0.21588	0.02695	0.09417	0.02128	0.02632	0.01676	0.01392	0.04259	0.00342	0.04661	0.04395	0.00669	0.01276
5	0.24306	0.01686	0.01924	0.01488	0.02156	0.01599	0.04508	0.06620	0.02061	0.10130	0.06314	0.02278	0.01863	0.00884	0.00724	0.00223	0.00736	0.00688	0.00655	0.29154
6	0.02418	0.37100	0.03379	0.01528	0.02197	0.02507	0.01384	0.02722	0.01904	0.11507	0.01892	0.06129	0.01656	0.00976	0.00815	0.00215	0.04685	0.00704	0.00551	0.15732
7	0.01445	0.00833	0.01183	0.01183	0.01216	0.00866	0.00799	0.01283	0.01250	0.01699	0.01989	0.03530	0.02045	0.17334	0.16427	0.43923	0.01130	0.00922	0.00439	0.00505
8	0.14995	0.01782	0.02031	0.09653	0.02631	0.02040	0.01472	0.12450	0.18069	0.07356	0.10686	0.03039	0.02679	0.01190	0.01015	0.00294	0.05735	0.00919	0.00765	0.01197
9	0.02303	0.19709	0.13525	0.02617	0.12872	0.14827	0.04658	0.02763	0.01994	0.02500	0.01714	0.05279	0.01514	0.00983	0.00911	0.00254	0.04982	0.00753	0.04689	0.01154
10	0.01554	0.00777	0.01166	0.01166	0.01166	0.00777	0.00777	0.01166	0.01166	0.01554	0.01554	0.02720	0.01554	0.03108	0.03497	0.73970	0.00777	0.00777	0.00389	0.00389
11	0.02392	0.69097	0.04688	0.01531	0.02296	0.03540	0.01531	0.02679	0.01818	0.02105	0.01244	0.01435	0.01148	0.00765	0.00574	0.00191	0.00957	0.00478	0.00383	0.01148
12	0.74878	0.01730	0.01315	0.01177	0.01730	0.02007	0.00969	0.02630	0.01523	0.04014	0.01246	0.01453	0.00969	0.00830	0.00554	0.00277	0.00692	0.00484	0.00554	0.00969
13	0.74878	0.01730	0.01315	0.01177	0.01730	0.02007	0.00969	0.02630	0.01523	0.04014	0.01246	0.01453	0.00969	0.00830	0.00554	0.00277	0.00692	0.00484	0.00554	0.00969
14	0.02096	0.02144	0.04091	0.04526	0.36005	0.02081	0.24768	0.02688	0.02043	0.02856	0.01959	0.06880	0.01708	0.00920	0.00970	0.00286	0.01198	0.01020	0.00474	0.01287
15	0.01410	0.00942	0.01187	0.01133	0.01378	0.00848	0.00846	0.01756	0.02339	0.07698	0.40698	0.14342	0.18091	0.01979	0.01055	0.00295	0.00465	0.01730	0.00945	0.00863
16	0.74878	0.01730	0.01315	0.01177	0.01730	0.02007	0.00969	0.02630	0.01523	0.04014	0.01246	0.01453	0.00969	0.00830	0.00554	0.00277	0.00692	0.00484	0.00554	0.00969
17	0.74878	0.01730	0.01315	0.01177	0.01730	0.02007	0.00969	0.02630	0.01523	0.04014	0.01246	0.01453	0.00969	0.00830	0.00554	0.00277	0.00692	0.00484	0.00554	0.00969
18	0.01976	0.01787	0.03001	0.31272	0.15129	0.01967	0.10149	0.08356	0.02080	0.02777	0.01893	0.06278	0.01600	0.01156	0.01125	0.05814	0.01120	0.00936	0.00491	0.01093
19	0.01855	0.01590	0.01855	0.01325	0.02120	0.01193	0.01060	0.02253	0.01855	0.02915	0.01590	0.01855	0.01325	0.00663	0.00663	0.00133	0.00663	0.00530	0.00530	0.74028
20	0.02352	0.01805	0.02054	0.06179	0.02441	0.01967	0.01408	0.27191	0.12590	0.04332	0.19840	0.04016	0.07213	0.01367	0.00952	0.00282	0.00765	0.01131	0.00884	0.01231
21	0.01554	0.00777	0.01166	0.01166	0.01166	0.00777	0.00777	0.01166	0.01166	0.01554	0.01554	0.02720	0.01554	0.03108	0.03497	0.73970	0.00777	0.00777	0.00389	0.00389
22	0.01090	0.00779	0.01038	0.01246	0.01298	0.00727	0.00830	0.01246	0.01713	0.02284	0.04931	0.67975	0.05917	0.02803	0.01142	0.00363	0.00519	0.02543	0.00830	0.00727
23	0.02466	0.16174	0.06214	0.01877	0.02358	0.28862	0.01585	0.02767	0.02140	0.02346	0.04951	0.02807	0.09297	0.01168	0.01020	0.00253	0.08066	0.00805	0.03828	0.01017
24	0.01855	0.01590	0.01855	0.01325	0.02120	0.01193	0.01060	0.02253	0.01855	0.02915	0.01590	0.01855	0.01325	0.00663	0.00663	0.00133	0.00663	0.00530	0.00530	0.74028
25	0.02570	0.02460	0.03009	0.18060	0.11871	0.12632	0.08360	0.17726	0.08260	0.03422	0.01931	0.02267	0.01465	0.00947	0.00898	0.00276	0.01179	0.00811	0.00597	0.01257

[dist]
# distance from previous block
# <min> <max>
7	25

[block]
# block no. 2 follows, 19 sequences, length 19
# corresponding to MSA columns:
# 592-610
name=unknown_C
#
# <colnr> <probs for GDERKNQSTAVLIFYWHMCP>
#	G	D	E	R	K	N	Q	S	T	A	V	L	I	F	Y	W	H	M	C	P
0	0.07786	0.10916	0.15442	0.01867	0.05124	0.01819	0.05772	0.05114	0.02080	0.06401	0.08674	0.02812	0.02320	0.01008	0.00777	0.00251	0.00854	0.00825	0.19050	0.01111
1	0.01970	0.01455	0.06802	0.01193	0.01587	0.01271	0.01046	0.11877	0.02269	0.03677	0.02671	0.03006	0.02060	0.01030	0.00691	0.00225	0.00593	0.00814	0.54769	0.00993
2	0.17380	0.07655	0.09815	0.02383	0.05551	0.02296	0.15331	0.13540	0.02291	0.06710	0.01789	0.02176	0.01385	0.03671	0.01075	0.00304	0.04077	0.00780	0.00578	0.01213
3	0.02353	0.05282	0.07952	0.02419	0.12550	0.07358	0.01775	0.12965	0.11260	0.05697	0.05622	0.03221	0.08639	0.01192	0.00993	0.00276	0.04452	0.00946	0.03808	0.01240
4	0.02578	0.02251	0.02134	0.01680	0.02366	0.13752	0.01329	0.10847	0.07397	0.08661	0.01974	0.02081	0.01517	0.00855	0.00764	0.00197	0.00902	0.00651	0.00651	0.37411
5	0.01267	0.00905	0.01241	0.01448	0.01578	0.00879	0.01138	0.01552	0.01887	0.02482	0.04833	0.38824	0.05530	0.02636	0.01189	0.00388	0.00673	0.29946	0.00827	0.00776
6	0.02744	0.02077	0.02636	0.18101	0.09283	0.02302	0.01911	0.33128	0.03195	0.07484	0.06404	0.02588	0.01968	0.01060	0.00906	0.00277	0.00991	0.00866	0.00747	0.01333
7	0.01301	0.00867	0.00976	0.00976	0.00976	0.00867	0.00542	0.01301	0.01301	0.01735	0.02819	0.05855	0.03253	0.68559	0.04554	0.00867	0.00867	0.01301	0.00542	0.00542
8	0.01138	0.00840	0.01065	0.01156	0.01296	0.00767	0.00811	0.01386	0.02012	0.02700	0.23025	0.40142	0.15523	0.02424	0.01102	0.00329	0.00479	0.02161	0.00877	0.00767
9	0.01841	0.01111	0.01378	0.01366	0.01626	0.01095	0.00999	0.02461	0.11934	0.13349	0.07407	0.37860	0.04611	0.02061	0.01019	0.00323	0.00580	0.01827	0.06157	0.00995
10	0.02112	0.02413	0.05279	0.03771	0.04676	0.02262	0.59729	0.02866	0.02112	0.02866	0.01810	0.02413	0.01357	0.00754	0.01056	0.00302	0.01508	0.01056	0.00452	0.01207
11	0.01068	0.00867	0.00947	0.01012	0.01236	0.00746	0.00727	0.01272	0.01938	0.02375	0.07777	0.27081	0.44974	0.02433	0.01084	0.00321	0.00474	0.02092	0.00831	0.00746
12	0.01278	0.00959	0.01438	0.01438	0.01598	0.01118	0.01118	0.01598	0.01438	0.02077	0.02396	0.03515	0.02237	0.06710	0.65013	0.01438	0.02396	0.00959	0.00479	0.00799
13	0.02092	0.00958	0.01059	0.00971	0.01267	0.00921	0.00750	0.02496	0.02000	0.14236	0.03029	0.03283	0.02279	0.01054	0.00675	0.00221	0.00479	0.00846	0.60426	0.00958
14	0.01855	0.01590	0.01855	0.01325	0.02120	0.01193	0.01060	0.02253	0.01855	0.02915	0.01590	0.01855	0.01325	0.00663	0.00663	0.00133	0.00663	0.00530	0.00530	0.74028
15	0.01617	0.00926	0.01195	0.01231	0.01434	0.00843	0.00882	0.01854	0.01968	0.12378	0.10462	0.41912	0.10089	0.02263	0.01050	0.00325	0.00536	0.02010	0.06147	0.00876
16	0.02392	0.69097	0.04688	0.01531	0.02296	0.03540	0.01531	0.02679	0.01818	0.02105	0.01244	0.01435	0.01148	0.00765	0.00574	0.00191	0.00957	0.00478	0.00383	0.01148
17	0.02320	0.34640	0.11555	0.01741	0.02386	0.02679	0.01700	0.02773	0.04456	0.08977	0.01792	0.02252	0.01540	0.07479	0.01358	0.00310	0.09705	0.00692	0.00501	0.01143
18	0.01681	0.01859	0.09997	0.01689	0.02339	0.01367	0.06672	0.02344	0.07290	0.02932	0.09616	0.11674	0.07258	0.01270	0.00880	0.00242	0.00769	0.01121	0.00649	0.28351

[dist]
# distance from previous block
# <min> <max>
0	14

[block]
# block no. 3 follows, 19 sequences, length 15
# corresponding to MSA columns:
# 625-639
name=unknown_D
#
# <colnr> <probs for GDERKNQSTAVLIFYWHMCP>
#	G	D	E	R	K	N	Q	S	T	A	V	L	I	F	Y	W	H	M	C	P
0	0.02263	0.18113	0.23607	0.02048	0.05742	0.02146	0.02060	0.02967	0.05160	0.10274	0.01872	0.02015	0.01410	0.00841	0.00759	0.00231	0.00987	0.00647	0.00533	0.16327
1	0.02531	0.31418	0.08591	0.09889	0.03261	0.02696	0.09758	0.08418	0.02188	0.10695	0.01779	0.02000	0.01357	0.00861	0.00774	0.00245	0.01067	0.00697	0.00538	0.01236
2	0.04014	0.01523	0.02076	0.01592	0.02284	0.01315	0.01315	0.04360	0.02561	0.63597	0.03530	0.03045	0.02215	0.01107	0.00900	0.00277	0.00761	0.00900	0.01107	0.01523
3	0.01298	0.00878	0.01029	0.01029	0.01048	0.00896	0.00609	0.01335	0.01317	0.01774	0.02770	0.05584	0.03135	0.61418	0.11534	0.00933	0.01044	0.01261	0.00535	0.00572
4	0.01957	0.01957	0.02740	0.02349	0.02349	0.02740	0.01957	0.02153	0.01370	0.02153	0.01174	0.01957	0.01174	0.01566	0.02936	0.00391	0.66921	0.00783	0.00391	0.00979
5	0.01690	0.01590	0.02683	0.66408	0.06162	0.01988	0.02485	0.02286	0.01789	0.02286	0.01590	0.02385	0.01193	0.00894	0.00894	0.00298	0.01193	0.00795	0.00398	0.00994
6	0.03153	0.02236	0.02421	0.01912	0.02561	0.02457	0.01561	0.43176	0.13383	0.09694	0.02547	0.02483	0.01820	0.01098	0.00882	0.00271	0.00888	0.00848	0.05143	0.01464
7	0.01114	0.00789	0.01031	0.01215	0.01260	0.00743	0.00797	0.01252	0.01665	0.02220	0.04687	0.60803	0.05610	0.10394	0.01536	0.00422	0.00559	0.02400	0.00797	0.00705
8	0.01278	0.00959	0.01438	0.01438	0.01598	0.01118	0.01118	0.01598	0.01438	0.02077	0.02396	0.03515	0.02237	0.06710	0.65013	0.01438	0.02396	0.00959	0.00479	0.00799
9	0.01238	0.00893	0.01170	0.01145	0.01330	0.00825	0.00842	0.01617	0.02400	0.03378	0.53234	0.16553	0.08035	0.01986	0.01069	0.00295	0.00438	0.01767	0.00960	0.00825
10	0.01301	0.00867	0.00976	0.00976	0.00976	0.00867	0.00542	0.01301	0.01301	0.01735	0.02819	0.05855	0.03253	0.68559	0.04554	0.00867	0.00867	0.01301	0.00542	0.00542
11	0.02352	0.01092	0.01362	0.01177	0.01551	0.01001	0.00924	0.02746	0.02299	0.23959	0.20363	0.04205	0.04045	0.01292	0.00843	0.00253	0.00536	0.01083	0.27847	0.01072
12	0.01668	0.00834	0.00834	0.00834	0.01042	0.00834	0.00625	0.02085	0.01876	0.03335	0.02918	0.03335	0.02293	0.01042	0.00625	0.00208	0.00417	0.00834	0.73525	0.00834
13	0.02017	0.01702	0.02616	0.35617	0.04481	0.01790	0.06416	0.05768	0.02021	0.06657	0.01764	0.02269	0.01327	0.00843	0.00843	0.00249	0.01030	0.00749	0.00513	0.21326
14	0.02585	0.02071	0.02717	0.02866	0.17769	0.02226	0.04725	0.14293	0.27959	0.08918	0.02772	0.02765	0.02065	0.01051	0.00908	0.00285	0.00893	0.00912	0.00784	0.01434

[dist]
# distance from previous block
# <min> <max>
1	27

[block]
# block no. 4 follows, 19 sequences, length 26
# corresponding to MSA columns:
# 667-692
name=unknown_E
#
# <colnr> <probs for GDERKNQSTAVLIFYWHMCP>
#	G	D	E	R	K	N	Q	S	T	A	V	L	I	F	Y	W	H	M	C	P
0	0.01961	0.05982	0.01556	0.01452	0.06234	0.07693	0.01010	0.02481	0.05365	0.03127	0.02594	0.02944	0.02056	0.01002	0.00677	0.00219	0.00642	0.00791	0.51258	0.00955
1	0.02414	0.02154	0.07509	0.02244	0.05574	0.01970	0.09386	0.16903	0.02486	0.08560	0.02170	0.07774	0.01819	0.01110	0.01089	0.00265	0.07632	0.00920	0.00655	0.17365
2	0.06612	0.01727	0.02381	0.20726	0.19139	0.05349	0.01908	0.02477	0.06617	0.02807	0.08422	0.12797	0.02814	0.01278	0.00920	0.00293	0.00931	0.01131	0.00589	0.01083
3	0.02241	0.02191	0.02710	0.02201	0.02743	0.11702	0.15134	0.11541	0.10445	0.03167	0.03017	0.15987	0.05442	0.01377	0.00964	0.00287	0.01028	0.01245	0.00684	0.05895
4	0.49303	0.02267	0.07111	0.01895	0.08290	0.06379	0.01473	0.08438	0.01942	0.03841	0.01420	0.01648	0.01096	0.00859	0.00664	0.00272	0.00875	0.00569	0.00555	0.01104
5	0.09747	0.14680	0.02653	0.01755	0.02196	0.02294	0.03994	0.06008	0.06593	0.10559	0.02028	0.02289	0.01597	0.01110	0.01282	0.00282	0.17469	0.00748	0.11585	0.01131
6	0.16202	0.01250	0.01416	0.01225	0.01665	0.01188	0.00971	0.02572	0.02237	0.21203	0.21412	0.05024	0.17137	0.01519	0.00913	0.00284	0.00581	0.01247	0.00904	0.01050
7	0.01890	0.01828	0.03202	0.41987	0.23828	0.02054	0.07450	0.02479	0.01894	0.02535	0.01638	0.02334	0.01277	0.00852	0.00905	0.00288	0.01179	0.00818	0.00416	0.01145
8	0.02520	0.01266	0.01621	0.01366	0.01821	0.01161	0.01082	0.03074	0.07669	0.29476	0.26371	0.05008	0.10728	0.01507	0.00975	0.00283	0.00597	0.01281	0.01016	0.01179
9	0.01193	0.00822	0.01008	0.01114	0.01140	0.00795	0.00689	0.01273	0.01511	0.02015	0.03898	0.37601	0.04614	0.34954	0.02810	0.00610	0.00689	0.01936	0.00689	0.00636
10	0.01690	0.01590	0.02683	0.66408	0.06162	0.01988	0.02485	0.02286	0.01789	0.02286	0.01590	0.02385	0.01193	0.00894	0.00894	0.00298	0.01193	0.00795	0.00398	0.00994
11	0.01987	0.01116	0.01305	0.01204	0.01517	0.01094	0.00917	0.05207	0.06849	0.12876	0.13098	0.14013	0.06380	0.01518	0.00871	0.00269	0.00540	0.01292	0.26944	0.01003
12	0.02112	0.02413	0.05279	0.03771	0.04676	0.02262	0.59729	0.02866	0.02112	0.02866	0.01810	0.02413	0.01357	0.00754	0.01056	0.00302	0.01508	0.01056	0.00452	0.01207
13	0.01090	0.00779	0.01038	0.01246	0.01298	0.00727	0.00830	0.01246	0.01713	0.02284	0.04931	0.67975	0.05917	0.02803	0.01142	0.00363	0.00519	0.02543	0.00830	0.00727
14	0.01855	0.01590	0.01855	0.01325	0.02120	0.01193	0.01060	0.02253	0.01855	0.02915	0.01590	0.01855	0.01325	0.00663	0.00663	0.00133	0.00663	0.00530	0.00530	0.74028
15	0.02187	0.01904	0.03345	0.27574	0.27687	0.02011	0.10284	0.02754	0.02008	0.08822	0.01853	0.02389	0.01406	0.00859	0.00914	0.00284	0.01142	0.00842	0.00495	0.01241
16	0.02145	0.16938	0.20090	0.07975	0.06347	0.10894	0.10518	0.02722	0.01961	0.02494	0.01742	0.06383	0.01517	0.00989	0.00920	0.00270	0.03687	0.00819	0.00437	0.01154
17	0.03342	0.04264	0.02535	0.02305	0.02766	0.64967	0.01729	0.03572	0.02535	0.02190	0.01383	0.01613	0.01152	0.00922	0.00807	0.00230	0.01613	0.00576	0.00461	0.01037
18	0.02575	0.22507	0.05579	0.01517	0.02182	0.01928	0.01355	0.02915	0.02043	0.21486	0.02600	0.12230	0.02242	0.01170	0.00791	0.00238	0.00793	0.00944	0.00703	0.14201
19	0.01293	0.00900	0.01141	0.01141	0.01199	0.00957	0.00749	0.01407	0.01350	0.01857	0.02667	0.05016	0.02889	0.46397	0.26217	0.01072	0.01415	0.01178	0.00520	0.00634
20	0.01282	0.00942	0.01352	0.01352	0.01482	0.01071	0.01011	0.01542	0.01412	0.02013	0.02475	0.03951	0.02426	0.18250	0.53732	0.01331	0.02111	0.01022	0.00491	0.00751
21	0.02855	0.01717	0.02068	0.01538	0.02284	0.01495	0.01253	0.12469	0.02485	0.24341	0.02352	0.02315	0.01665	0.00884	0.00783	0.00205	0.00750	0.00703	0.00790	0.37048
22	0.02770	0.10026	0.05366	0.01750	0.02355	0.13753	0.01471	0.06972	0.07352	0.17842	0.02509	0.07481	0.02026	0.01419	0.04385	0.00315	0.01043	0.00871	0.00712	0.09581
23	0.02087	0.07218	0.23377	0.02700	0.12804	0.02216	0.02353	0.07832	0.11531	0.03109	0.02244	0.03002	0.01878	0.01140	0.01074	0.00299	0.06846	0.06451	0.00564	0.01278
24	0.24457	0.02953	0.27280	0.01866	0.02789	0.01948	0.02029	0.07634	0.02021	0.08207	0.01690	0.01864	0.01224	0.00860	0.00744	0.00261	0.00977	0.00622	0.00551	0.10023
25	0.19659	0.22416	0.09102	0.06225	0.06805	0.13830	0.01765	0.05996	0.02029	0.02908	0.01408	0.01671	0.01147	0.00845	0.00698	0.00244	0.01073	0.00576	0.00470	0.01132

[dist]
# distance from previous block
# <min> <max>
8	23

[block]
# block no. 5 follows, 19 sequences, length 20
# corresponding to MSA columns:
# 720-739
name=unknown_F
#
# <colnr> <probs for GDERKNQSTAVLIFYWHMCP>
#	G	D	E	R	K	N	Q	S	T	A	V	L	I	F	Y	W	H	M	C	P
0	0.01688	0.01124	0.01562	0.04673	0.06522	0.01052	0.01154	0.02051	0.02214	0.10450	0.27857	0.18935	0.07696	0.01812	0.01022	0.00297	0.00601	0.03886	0.00862	0.04543
1	0.02568	0.14312	0.03240	0.09219	0.20186	0.19899	0.02064	0.02931	0.02063	0.05405	0.01546	0.01939	0.01286	0.00939	0.01047	0.00261	0.08773	0.00683	0.00460	0.01178
2	0.01383	0.01142	0.01683	0.14513	0.02536	0.01211	0.04293	0.01880	0.07468	0.02429	0.03872	0.42191	0.04296	0.05282	0.01227	0.00365	0.00741	0.01908	0.00718	0.00863
3	0.01668	0.00834	0.00834	0.00834	0.01042	0.00834	0.00625	0.02085	0.01876	0.03335	0.02918	0.03335	0.02293	0.01042	0.00625	0.00208	0.00417	0.00834	0.73525	0.00834
4	0.03068	0.07913	0.02161	0.06267	0.02355	0.01518	0.01313	0.03533	0.04826	0.38144	0.11259	0.03376	0.02922	0.01158	0.00871	0.00267	0.00739	0.00950	0.06060	0.01301
5	0.01191	0.00865	0.01123	0.01158	0.01316	0.00797	0.00830	0.01506	0.02208	0.03051	0.38698	0.29117	0.10391	0.02207	0.01087	0.00312	0.00459	0.01969	0.00920	0.00797
6	0.01714	0.00924	0.00932	0.00916	0.01149	0.00949	0.00691	0.02306	0.06810	0.03369	0.02978	0.03336	0.02329	0.01057	0.00649	0.00216	0.00441	0.00849	0.67502	0.00882
7	0.74878	0.01730	0.01315	0.01177	0.01730	0.02007	0.00969	0.02630	0.01523	0.04014	0.01246	0.01453	0.00969	0.00830	0.00554	0.00277	0.00692	0.00484	0.00554	0.00969
8	0.01621	0.01618	0.03204	0.02521	0.03017	0.01515	0.30769	0.02098	0.01968	0.02664	0.07053	0.30702	0.03762	0.01699	0.01093	0.00327	0.01016	0.01728	0.00648	0.00978
9	0.02237	0.01927	0.02653	0.33944	0.15867	0.07512	0.02168	0.06697	0.02141	0.07491	0.01890	0.02397	0.01426	0.00920	0.00863	0.00275	0.01092	0.00788	0.06568	0.01144
10	0.31785	0.01742	0.01862	0.01494	0.02135	0.01792	0.01233	0.11487	0.02384	0.32042	0.02438	0.02293	0.01628	0.00994	0.00763	0.00276	0.00765	0.00723	0.00860	0.01305
11	0.02268	0.08324	0.02884	0.03211	0.26466	0.02111	0.01939	0.05779	0.11851	0.07707	0.02752	0.06132	0.05223	0.01195	0.01048	0.00287	0.05766	0.03138	0.00638	0.01281
12	0.22108	0.01442	0.01653	0.01893	0.12099	0.01538	0.01126	0.06056	0.01695	0.02851	0.02136	0.03734	0.02175	0.33148	0.02543	0.00556	0.00861	0.00951	0.00553	0.00882
13	0.02621	0.01802	0.02507	0.07760	0.19452	0.01863	0.01811	0.07824	0.15629	0.18343	0.08457	0.03109	0.02575	0.01095	0.00912	0.00281	0.00851	0.00950	0.00795	0.01363
14	0.01668	0.00834	0.00834	0.00834	0.01042	0.00834	0.00625	0.02085	0.01876	0.03335	0.02918	0.03335	0.02293	0.01042	0.00625	0.00208	0.00417	0.00834	0.73525	0.00834
15	0.02909	0.02085	0.02331	0.01752	0.02494	0.02070	0.01435	0.34064	0.03210	0.10244	0.02082	0.02130	0.01518	0.00931	0.00813	0.00221	0.00848	0.00716	0.00785	0.27361
16	0.09789	0.01456	0.01992	0.02069	0.11304	0.01371	0.01405	0.03162	0.02229	0.31914	0.07653	0.12668	0.03127	0.01406	0.00929	0.00296	0.00745	0.04348	0.00887	0.01250
17	0.01826	0.01397	0.02418	0.01880	0.02337	0.01343	0.21688	0.02363	0.01960	0.03168	0.02523	0.03007	0.01960	0.00940	0.00779	0.00242	0.00806	0.00913	0.47484	0.00967
18	0.07584	0.02309	0.03117	0.07658	0.16747	0.10535	0.09108	0.02604	0.01805	0.02567	0.01430	0.02020	0.01235	0.01106	0.01642	0.00316	0.25899	0.00771	0.00432	0.01114
19	0.01305	0.01057	0.01492	0.16569	0.02469	0.01103	0.01222	0.01689	0.02072	0.02777	0.26076	0.14484	0.15433	0.02184	0.05756	0.00386	0.00769	0.01554	0.00760	0.00844

[dist]
# distance from previous block
# <min> <max>
0	1

[block]
# block no. 6 follows, 19 sequences, length 14
# corresponding to MSA columns:
# 741-754
name=unknown_G
#
# <colnr> <probs for GDERKNQSTAVLIFYWHMCP>
#	G	D	E	R	K	N	Q	S	T	A	V	L	I	F	Y	W	H	M	C	P
0	0.01907	0.01699	0.02969	0.08231	0.03066	0.01819	0.20310	0.06970	0.01848	0.02528	0.01832	0.02803	0.01622	0.08124	0.07463	0.15088	0.09383	0.00936	0.00475	0.00927
1	0.01288	0.00918	0.01234	0.01234	0.01323	0.01007	0.00864	0.01467	0.01377	0.01926	0.02583	0.04548	0.02685	0.34026	0.38311	0.01186	0.01721	0.01110	0.00507	0.00685
2	0.01668	0.00834	0.00834	0.00834	0.01042	0.00834	0.00625	0.02085	0.01876	0.03335	0.02918	0.03335	0.02293	0.01042	0.00625	0.00208	0.00417	0.00834	0.73525	0.00834
3	0.28378	0.02277	0.02057	0.01700	0.02297	0.08119	0.01377	0.27536	0.07848	0.04493	0.01918	0.02004	0.01427	0.00985	0.00757	0.00268	0.00893	0.00690	0.03731	0.01245
4	0.08649	0.01934	0.02850	0.13647	0.31638	0.01967	0.02131	0.07397	0.02100	0.03147	0.01650	0.02098	0.01333	0.00813	0.00815	0.00246	0.00966	0.00718	0.00501	0.15401
5	0.02480	0.08960	0.23374	0.02365	0.07979	0.07894	0.02203	0.03291	0.08569	0.14135	0.04172	0.02391	0.01787	0.01013	0.00986	0.00277	0.05446	0.00772	0.00607	0.01297
6	0.01886	0.01838	0.02547	0.02199	0.02199	0.02536	0.01803	0.02060	0.01363	0.02107	0.01354	0.02383	0.01402	0.08889	0.03113	0.00443	0.59700	0.00840	0.00408	0.00931
7	0.02112	0.02413	0.05279	0.03771	0.04676	0.02262	0.59729	0.02866	0.02112	0.02866	0.01810	0.02413	0.01357	0.00754	0.01056	0.00302	0.01508	0.01056	0.00452	0.01207
8	0.02331	0.02021	0.03401	0.10757	0.52158	0.02038	0.02590	0.02851	0.02062	0.08437	0.01844	0.02306	0.01470	0.00835	0.00888	0.00270	0.01047	0.00806	0.00500	0.01388
9	0.01958	0.28893	0.35527	0.02041	0.03034	0.02512	0.02400	0.02629	0.01846	0.02505	0.01773	0.07785	0.01578	0.00997	0.00771	0.00256	0.01109	0.00764	0.00421	0.01201
10	0.07938	0.01647	0.02210	0.01951	0.02028	0.02197	0.01585	0.02010	0.01390	0.02258	0.01564	0.02564	0.01548	0.08481	0.14902	0.00627	0.42921	0.00838	0.00436	0.00904
11	0.01622	0.01105	0.01740	0.02233	0.16216	0.01095	0.01266	0.01566	0.01486	0.02032	0.02256	0.15556	0.02387	0.02486	0.02394	0.41437	0.00795	0.01133	0.00489	0.00706
12	0.02119	0.01937	0.02902	0.21622	0.28463	0.02140	0.02279	0.05549	0.17616	0.03072	0.02190	0.02555	0.01703	0.00946	0.00895	0.00285	0.01003	0.00853	0.00572	0.01301
13	0.02488	0.01649	0.02203	0.07279	0.02520	0.01916	0.01574	0.03192	0.12416	0.20696	0.04924	0.03075	0.04322	0.01688	0.05787	0.00396	0.21003	0.00941	0.00739	0.01193

[dist]
# distance from previous block
# <min> <max>
0	57

[block]
# block no. 7 follows, 19 sequences, length 26
# corresponding to MSA columns:
# 813-838
name=unknown_H
#
# <colnr> <probs for GDERKNQSTAVLIFYWHMCP>
#	G	D	E	R	K	N	Q	S	T	A	V	L	I	F	Y	W	H	M	C	P
0	0.40458	0.01740	0.01520	0.01344	0.01803	0.06411	0.01059	0.06053	0.01922	0.08734	0.07624	0.02685	0.02134	0.07527	0.05289	0.00404	0.00887	0.00761	0.00651	0.00993
1	0.02378	0.07056	0.02199	0.01726	0.02190	0.02040	0.01389	0.28559	0.08026	0.03964	0.03241	0.21836	0.03190	0.01686	0.00973	0.00306	0.00810	0.06410	0.00831	0.01191
2	0.02398	0.01728	0.02546	0.13292	0.20185	0.01616	0.01831	0.02856	0.02049	0.15967	0.02037	0.02303	0.01522	0.00836	0.00816	0.00229	0.00885	0.00730	0.00608	0.25564
3	0.02512	0.01764	0.01999	0.01652	0.02062	0.01926	0.01279	0.33773	0.02893	0.03887	0.02157	0.02975	0.01867	0.12812	0.07450	0.15281	0.01044	0.00892	0.00701	0.01075
4	0.01270	0.00971	0.01176	0.01167	0.01388	0.00921	0.00858	0.01779	0.07330	0.03093	0.34671	0.19732	0.18155	0.02068	0.01061	0.00305	0.00473	0.01815	0.00915	0.00851
5	0.01261	0.00871	0.01079	0.01115	0.01155	0.00894	0.00707	0.01351	0.01398	0.01897	0.03092	0.15920	0.03500	0.44959	0.16141	0.00897	0.01116	0.01443	0.00578	0.00625
6	0.01842	0.01606	0.01989	0.07720	0.02511	0.01474	0.01300	0.02433	0.07203	0.02818	0.01799	0.02158	0.01489	0.01201	0.05124	0.00269	0.05769	0.00647	0.00538	0.50109
7	0.01934	0.03559	0.42923	0.02419	0.03459	0.01841	0.09139	0.02755	0.01951	0.08293	0.02267	0.11258	0.01923	0.01135	0.00918	0.00296	0.01180	0.00989	0.00516	0.01244
8	0.02192	0.01727	0.02289	0.01896	0.02299	0.01932	0.06421	0.23378	0.02505	0.03439	0.02200	0.03018	0.01911	0.09662	0.25092	0.00770	0.06619	0.00930	0.00630	0.01091
9	0.02387	0.11183	0.34304	0.02259	0.03275	0.02094	0.06956	0.05413	0.02110	0.15273	0.02031	0.02198	0.01440	0.01161	0.03764	0.00324	0.01214	0.00739	0.00559	0.01318
10	0.01103	0.00839	0.01015	0.01117	0.01273	0.00752	0.00782	0.01318	0.01931	0.02502	0.13997	0.40083	0.25069	0.02494	0.01102	0.00332	0.00484	0.02202	0.00851	0.00752
11	0.01600	0.02295	0.20340	0.01914	0.02444	0.01655	0.04458	0.02175	0.02089	0.03043	0.29360	0.04117	0.04492	0.01437	0.01371	0.00305	0.14073	0.01141	0.00661	0.01030
12	0.01155	0.00910	0.01042	0.01009	0.01268	0.00797	0.00757	0.01473	0.02270	0.02964	0.34027	0.07710	0.37309	0.02062	0.01056	0.00292	0.00439	0.01762	0.00903	0.00797
13	0.01955	0.22730	0.41126	0.08407	0.03643	0.02486	0.02720	0.02737	0.01859	0.02573	0.01501	0.01807	0.01143	0.00830	0.00776	0.00259	0.01205	0.00622	0.00381	0.01241
14	0.01876	0.03146	0.30733	0.02363	0.03179	0.02122	0.06763	0.02536	0.01751	0.02655	0.01494	0.01942	0.01197	0.01014	0.01431	0.00289	0.20051	0.00702	0.00415	0.14342
15	0.01794	0.04628	0.63923	0.02550	0.03872	0.02078	0.03305	0.02833	0.01889	0.02833	0.01606	0.01889	0.01133	0.00850	0.00850	0.00283	0.01322	0.00661	0.00378	0.01322
16	0.01841	0.01590	0.01927	0.06933	0.02468	0.01261	0.01183	0.02256	0.01849	0.02861	0.01590	0.01901	0.01314	0.00683	0.00683	0.00147	0.00708	0.00553	0.00519	0.67735
17	0.02334	0.30454	0.08007	0.01780	0.02547	0.02434	0.06814	0.06472	0.02138	0.07914	0.06913	0.02266	0.01940	0.00894	0.00744	0.00218	0.00922	0.00709	0.00561	0.13938
18	0.02196	0.01664	0.02291	0.12178	0.02939	0.01683	0.06450	0.11723	0.07829	0.09431	0.16943	0.03464	0.03289	0.01151	0.00912	0.00261	0.00827	0.01007	0.00762	0.13000
19	0.02521	0.02525	0.11932	0.07694	0.02970	0.07455	0.01825	0.16740	0.14121	0.08319	0.02462	0.06354	0.01938	0.01105	0.00876	0.00270	0.00980	0.00889	0.00713	0.08313
20	0.01738	0.08096	0.18816	0.07161	0.12980	0.01734	0.02019	0.02324	0.02042	0.02884	0.15779	0.05913	0.05561	0.01175	0.00884	0.00262	0.00903	0.01007	0.00579	0.08144
21	0.03079	0.13430	0.10340	0.01691	0.02465	0.01865	0.01587	0.07703	0.02403	0.32577	0.05291	0.02610	0.02043	0.01004	0.00822	0.00249	0.00857	0.00788	0.00815	0.08383
22	0.02115	0.06630	0.13139	0.02273	0.02962	0.01859	0.16898	0.02862	0.06820	0.10753	0.14964	0.03642	0.03177	0.01192	0.01050	0.00293	0.03937	0.03577	0.00681	0.01175
23	0.02623	0.02833	0.02506	0.12694	0.08649	0.27345	0.01818	0.06813	0.13530	0.02845	0.01937	0.02174	0.01521	0.00946	0.00839	0.00251	0.01195	0.00723	0.00567	0.08193
24	0.02429	0.19258	0.25299	0.02297	0.07680	0.02425	0.02247	0.08379	0.08462	0.10249	0.02017	0.02119	0.01492	0.00915	0.00802	0.00260	0.01050	0.00706	0.00574	0.01339
25	0.09454	0.01938	0.06607	0.01741	0.02266	0.01922	0.01504	0.16514	0.07413	0.12714	0.02932	0.03092	0.07293	0.02130	0.11570	0.00481	0.07576	0.00917	0.00734	0.01203

[dist]
# distance from previous block
# <min> <max>
11	44

[block]
# block no. 8 follows, 19 sequences, length 23
# corresponding to MSA columns:
# 895,897-918
name=unknown_I
#
# <colnr> <probs for GDERKNQSTAVLIFYWHMCP>
#	G	D	E	R	K	N	Q	S	T	A	V	L	I	F	Y	W	H	M	C	P
0	0.11769	0.12853	0.18220	0.02447	0.12724	0.05834	0.02045	0.07904	0.02161	0.03186	0.07080	0.02258	0.01872	0.00928	0.00785	0.00252	0.01007	0.00720	0.00529	0.05427
1	0.06131	0.26901	0.05310	0.01552	0.02257	0.06069	0.01405	0.06154	0.02145	0.13458	0.02486	0.02507	0.06955	0.00980	0.00731	0.00222	0.00873	0.00721	0.00617	0.12527
2	0.05316	0.10152	0.13347	0.01827	0.05723	0.06258	0.01608	0.02543	0.02230	0.09041	0.25006	0.03759	0.04054	0.01233	0.00878	0.00259	0.00829	0.01017	0.00707	0.04213
3	0.10071	0.30123	0.08501	0.01474	0.02042	0.02399	0.01363	0.07494	0.01860	0.02595	0.01812	0.02815	0.01766	0.20306	0.01771	0.00411	0.00938	0.00762	0.00493	0.01004
4	0.09114	0.03015	0.29207	0.02199	0.06397	0.01988	0.02210	0.05542	0.16542	0.03250	0.02952	0.03002	0.08597	0.01106	0.00863	0.00288	0.00980	0.00884	0.00603	0.01259
5	0.02387	0.32843	0.12411	0.01761	0.02550	0.02703	0.01732	0.06561	0.14253	0.06535	0.02007	0.02063	0.01571	0.00901	0.00729	0.00233	0.00928	0.00663	0.00575	0.06594
6	0.12030	0.53809	0.07101	0.01718	0.05129	0.03197	0.01600	0.02683	0.01792	0.02434	0.01282	0.01496	0.01136	0.00780	0.00599	0.00211	0.00944	0.00503	0.00408	0.01145
7	0.02496	0.14757	0.07093	0.01816	0.02422	0.02253	0.01639	0.22488	0.06180	0.07112	0.02830	0.07813	0.02582	0.01416	0.00921	0.00294	0.00912	0.12991	0.00754	0.01231
8	0.02417	0.50280	0.16249	0.01739	0.02609	0.03052	0.01865	0.02858	0.01898	0.07694	0.01518	0.01668	0.01240	0.00813	0.00658	0.00217	0.01012	0.00552	0.00446	0.01216
9	0.02202	0.01793	0.09824	0.01589	0.02144	0.01411	0.01456	0.11556	0.02460	0.15596	0.04918	0.08482	0.20002	0.01711	0.01006	0.00311	0.00782	0.10801	0.00837	0.01120
10	0.02622	0.45812	0.04049	0.02096	0.08400	0.13410	0.01698	0.08034	0.02174	0.02520	0.01392	0.01606	0.01209	0.00822	0.00672	0.00212	0.01077	0.00556	0.00448	0.01190
11	0.01131	0.00833	0.01060	0.01165	0.01295	0.00761	0.00812	0.01366	0.01973	0.02641	0.20442	0.43371	0.14917	0.02472	0.01107	0.00333	0.00484	0.02207	0.00870	0.00761
12	0.02512	0.09050	0.21490	0.02100	0.02952	0.02488	0.02104	0.22951	0.18073	0.03966	0.02286	0.02312	0.01682	0.01013	0.00856	0.00275	0.01014	0.00785	0.00694	0.01399
13	0.02112	0.02413	0.05279	0.03771	0.04676	0.02262	0.59729	0.02866	0.02112	0.02866	0.01810	0.02413	0.01357	0.00754	0.01056	0.00302	0.01508	0.01056	0.00452	0.01207
14	0.02550	0.02292	0.07557	0.17085	0.20996	0.05737	0.07495	0.09538	0.02341	0.12694	0.01998	0.02335	0.01466	0.00907	0.00899	0.00277	0.01126	0.00815	0.00588	0.01306
15	0.02139	0.39959	0.25684	0.01969	0.02864	0.02945	0.02204	0.02686	0.01803	0.02370	0.01367	0.01645	0.01145	0.00868	0.00887	0.00242	0.07075	0.00571	0.00382	0.01195
16	0.01088	0.00786	0.01030	0.01226	0.01292	0.00728	0.00822	0.01248	0.01732	0.02292	0.05170	0.64543	0.09195	0.02772	0.01137	0.00360	0.00515	0.02505	0.00830	0.00728
17	0.03359	0.10072	0.02689	0.02095	0.02645	0.43452	0.01642	0.08603	0.02616	0.12088	0.01773	0.01867	0.01351	0.00949	0.00806	0.00237	0.01360	0.00637	0.00593	0.01167
18	0.02602	0.07904	0.22595	0.02825	0.12634	0.02128	0.09549	0.09349	0.02332	0.16310	0.02093	0.02251	0.01484	0.00904	0.00876	0.00273	0.01119	0.00786	0.00612	0.01375
19	0.02252	0.01140	0.01557	0.01495	0.01840	0.01050	0.01214	0.02590	0.02211	0.23985	0.10050	0.19059	0.04604	0.01999	0.01081	0.00342	0.00700	0.20841	0.00940	0.01050
20	0.01744	0.01232	0.01451	0.01442	0.01722	0.01273	0.01057	0.02695	0.21186	0.08812	0.04676	0.36254	0.08657	0.02081	0.01037	0.00331	0.00599	0.01836	0.00884	0.01031
21	0.74878	0.01730	0.01315	0.01177	0.01730	0.02007	0.00969	0.02630	0.01523	0.04014	0.01246	0.01453	0.00969	0.00830	0.00554	0.00277	0.00692	0.00484	0.00554	0.00969
22	0.02797	0.01927	0.02228	0.01860	0.02305	0.05588	0.01503	0.10961	0.15108	0.20478	0.08556	0.03032	0.02563	0.01285	0.01351	0.00304	0.15093	0.00938	0.00834	0.01288

[dist]
# distance from previous block
# <min> <max>
1	9

[block]
# block no. 9 follows, 19 sequences, length 14
# corresponding to MSA columns:
# 928-941
name=unknown_J
#
# <colnr> <probs for GDERKNQSTAVLIFYWHMCP>
#	G	D	E	R	K	N	Q	S	T	A	V	L	I	F	Y	W	H	M	C	P
0	0.02342	0.12646	0.05978	0.01625	0.02168	0.01953	0.01401	0.13280	0.11257	0.11304	0.13784	0.12137	0.03572	0.01410	0.00906	0.00278	0.00764	0.01173	0.00819	0.01201
1	0.02091	0.02122	0.03814	0.03310	0.12952	0.02153	0.29622	0.03207	0.16910	0.03114	0.06441	0.02891	0.02195	0.00985	0.01072	0.00299	0.03935	0.01031	0.00600	0.01257
2	0.02489	0.62465	0.04468	0.01610	0.02344	0.09823	0.01551	0.02770	0.01891	0.02114	0.01258	0.01453	0.01149	0.00781	0.00598	0.00195	0.01024	0.00488	0.00391	0.01137
3	0.02312	0.07705	0.02700	0.02705	0.21515	0.01713	0.01673	0.02735	0.02006	0.11141	0.01854	0.02095	0.01460	0.00775	0.00758	0.00200	0.00829	0.00661	0.00568	0.34594
4	0.02348	0.01837	0.02366	0.01973	0.02495	0.05627	0.10696	0.03548	0.24731	0.13914	0.03796	0.12287	0.07542	0.01404	0.00969	0.00302	0.00857	0.01251	0.00827	0.01231
5	0.01998	0.01607	0.01874	0.01696	0.02089	0.01846	0.01333	0.11011	0.28976	0.03319	0.02927	0.03248	0.02363	0.03448	0.27194	0.00764	0.01438	0.00962	0.00731	0.01177
6	0.01301	0.01034	0.01576	0.01518	0.01742	0.00969	0.06953	0.01640	0.02062	0.02784	0.21006	0.30779	0.09404	0.02232	0.01119	0.00339	0.00640	0.11241	0.00834	0.00827
7	0.11219	0.01735	0.02686	0.25534	0.13976	0.01840	0.05993	0.03036	0.02041	0.20121	0.02133	0.02435	0.01506	0.00921	0.00865	0.00284	0.01010	0.00806	0.00630	0.01228
8	0.01301	0.00867	0.00976	0.00976	0.00976	0.00867	0.00542	0.01301	0.01301	0.01735	0.02819	0.05855	0.03253	0.68559	0.04554	0.00867	0.00867	0.01301	0.00542	0.00542
9	0.01162	0.00848	0.01191	0.01319	0.01413	0.00877	0.00941	0.01381	0.01607	0.02204	0.03958	0.43239	0.04505	0.04302	0.25652	0.00776	0.01239	0.01935	0.00696	0.00754
10	0.02695	0.14657	0.02804	0.01864	0.02498	0.02251	0.06074	0.04109	0.30582	0.18324	0.03010	0.02828	0.02191	0.01065	0.00855	0.00275	0.00833	0.00886	0.00822	0.01375
11	0.01632	0.01498	0.02480	0.57484	0.05502	0.01831	0.02260	0.02204	0.01891	0.02464	0.09917	0.02973	0.02183	0.01022	0.00916	0.00296	0.01087	0.00908	0.00478	0.00973
12	0.01259	0.00994	0.01151	0.01134	0.01406	0.00921	0.00878	0.01738	0.06346	0.02969	0.27846	0.07703	0.32023	0.02055	0.01067	0.00307	0.00501	0.07967	0.00892	0.00842
13	0.12774	0.01891	0.06184	0.02265	0.08775	0.01664	0.10210	0.03387	0.04376	0.28956	0.03149	0.03081	0.07116	0.01076	0.00886	0.00283	0.00899	0.00933	0.00791	0.01305

[dist]
# distance from previous block
# <min> <max>
0	7

[block]
# block no. 10 follows, 19 sequences, length 12
# corresponding to MSA columns:
# 949,952-962
name=unknown_K
#
# <colnr> <probs for GDERKNQSTAVLIFYWHMCP>
#	G	D	E	R	K	N	Q	S	T	A	V	L	I	F	Y	W	H	M	C	P
0	0.02882	0.01333	0.01781	0.01464	0.01958	0.01230	0.01177	0.06058	0.02507	0.36437	0.20269	0.04099	0.03971	0.01953	0.08269	0.00410	0.00862	0.01108	0.00990	0.01245
1	0.02581	0.02651	0.02825	0.12864	0.23755	0.22687	0.02087	0.02996	0.02177	0.06449	0.01677	0.02054	0.01336	0.00857	0.00836	0.00244	0.01199	0.00700	0.00494	0.09531
2	0.02463	0.43679	0.03658	0.01520	0.02264	0.02745	0.01409	0.02942	0.06276	0.09404	0.01746	0.01838	0.01420	0.00818	0.00653	0.00198	0.00861	0.00575	0.00532	0.14999
3	0.02112	0.02413	0.05279	0.03771	0.04676	0.02262	0.59729	0.02866	0.02112	0.02866	0.01810	0.02413	0.01357	0.00754	0.01056	0.00302	0.01508	0.01056	0.00452	0.01207
4	0.01340	0.00894	0.01075	0.01030	0.01251	0.00832	0.00772	0.01738	0.02317	0.03393	0.41969	0.06092	0.13142	0.01688	0.00951	0.00266	0.00424	0.01459	0.18535	0.00832
5	0.01123	0.00804	0.01068	0.01223	0.01305	0.00749	0.00833	0.01329	0.01868	0.02530	0.15824	0.56378	0.06395	0.02619	0.01126	0.00348	0.00501	0.02368	0.00860	0.00749
6	0.01690	0.01590	0.02683	0.66408	0.06162	0.01988	0.02485	0.02286	0.01789	0.02286	0.01590	0.02385	0.01193	0.00894	0.00894	0.00298	0.01193	0.00795	0.00398	0.00994
7	0.01278	0.00959	0.01438	0.01438	0.01598	0.01118	0.01118	0.01598	0.01438	0.02077	0.02396	0.03515	0.02237	0.06710	0.65013	0.01438	0.02396	0.00959	0.00479	0.00799
8	0.02682	0.14652	0.06407	0.01644	0.02260	0.02147	0.01454	0.19709	0.06238	0.13180	0.02579	0.07229	0.02056	0.01137	0.00807	0.00255	0.00823	0.00894	0.12584	0.01262
9	0.02129	0.01577	0.02568	0.54145	0.05428	0.01860	0.02263	0.02678	0.01935	0.13886	0.01957	0.02510	0.01386	0.00935	0.00895	0.00294	0.01111	0.00815	0.00532	0.01094
10	0.01500	0.00803	0.01171	0.01158	0.01198	0.00790	0.00790	0.01264	0.01424	0.01939	0.13086	0.03469	0.02857	0.02866	0.03035	0.60029	0.00710	0.00936	0.00501	0.00475
11	0.16179	0.19001	0.10436	0.01844	0.02579	0.13518	0.04140	0.06360	0.04740	0.02987	0.01541	0.01747	0.01237	0.00842	0.00711	0.00233	0.01048	0.00594	0.00503	0.09760

[dist]
# distance from previous block
# <min> <max>
1	23

[block]
# block no. 11 follows, 19 sequences, length 11
# corresponding to MSA columns:
# 1019-1029
name=unknown_L
#
# <colnr> <probs for GDERKNQSTAVLIFYWHMCP>
#	G	D	E	R	K	N	Q	S	T	A	V	L	I	F	Y	W	H	M	C	P
0	0.17553	0.02097	0.08209	0.01665	0.02413	0.01827	0.01490	0.15572	0.02536	0.23986	0.02291	0.02239	0.01574	0.00952	0.00789	0.00254	0.00837	0.00717	0.00791	0.12207
1	0.01766	0.01261	0.01560	0.01253	0.01760	0.01037	0.00980	0.02171	0.02242	0.08656	0.30896	0.04270	0.04808	0.01260	0.00872	0.00217	0.00556	0.01083	0.00799	0.32553
2	0.01090	0.00779	0.01038	0.01246	0.01298	0.00727	0.00830	0.01246	0.01713	0.02284	0.04931	0.67975	0.05917	0.02803	0.01142	0.00363	0.00519	0.02543	0.00830	0.00727
3	0.01554	0.00777	0.01166	0.01166	0.01166	0.00777	0.00777	0.01166	0.01166	0.01554	0.01554	0.02720	0.01554	0.03108	0.03497	0.73970	0.00777	0.00777	0.00389	0.00389
4	0.01583	0.01072	0.01286	0.01179	0.01483	0.00993	0.00899	0.06082	0.02459	0.08372	0.33619	0.10885	0.22854	0.01906	0.01037	0.00292	0.00508	0.01640	0.00933	0.00918
5	0.02356	0.02114	0.02971	0.10850	0.03208	0.02603	0.07732	0.19011	0.02322	0.03252	0.01575	0.02115	0.01296	0.01254	0.01887	0.00335	0.32598	0.00818	0.00544	0.01161
6	0.02989	0.02629	0.09010	0.07986	0.03332	0.02595	0.06374	0.44749	0.03598	0.04846	0.02018	0.02164	0.01441	0.01011	0.00903	0.00275	0.01077	0.00809	0.00765	0.01430
7	0.11079	0.12677	0.19468	0.02670	0.10447	0.07989	0.10027	0.07741	0.04416	0.03100	0.01651	0.01935	0.01276	0.00855	0.00809	0.00264	0.01161	0.00702	0.00489	0.01245
8	0.23480	0.13538	0.12555	0.01736	0.02390	0.11259	0.01639	0.07212	0.01978	0.03072	0.01575	0.01921	0.01293	0.01769	0.10680	0.00437	0.01260	0.00625	0.00499	0.01084
9	0.01719	0.01562	0.02510	0.27702	0.12819	0.01718	0.06030	0.02395	0.06935	0.02622	0.03081	0.07954	0.06869	0.01381	0.00991	0.00318	0.00998	0.10769	0.00582	0.01045
10	0.02020	0.01528	0.01891	0.01468	0.02061	0.01345	0.01172	0.02367	0.01894	0.09665	0.04952	0.07811	0.02134	0.01063	0.01035	0.00208	0.08994	0.00826	0.00625	0.46942

[dist]
# distance from previous block
# <min> <max>
1	6

[block]
# block no. 12 follows, 19 sequences, length 35
# corresponding to MSA columns:
# 1036-1070
name=unknown_M
#
# <colnr> <probs for GDERKNQSTAVLIFYWHMCP>
#	G	D	E	R	K	N	Q	S	T	A	V	L	I	F	Y	W	H	M	C	P
0	0.02282	0.40579	0.06477	0.01586	0.02242	0.05869	0.01469	0.06188	0.06288	0.02481	0.01729	0.02261	0.01576	0.09814	0.01176	0.00297	0.00961	0.00663	0.00486	0.05577
1	0.01229	0.01000	0.01124	0.01031	0.01370	0.00841	0.00782	0.01540	0.02171	0.02853	0.24950	0.07105	0.37377	0.01915	0.01004	0.00273	0.00471	0.01623	0.00840	0.10501
2	0.01855	0.01590	0.01855	0.01325	0.02120	0.01193	0.01060	0.02253	0.01855	0.02915	0.01590	0.01855	0.01325	0.00663	0.00663	0.00133	0.00663	0.00530	0.00530	0.74028
3	0.02428	0.01641	0.02031	0.04909	0.05984	0.01498	0.01319	0.11459	0.02379	0.13765	0.05043	0.02535	0.01945	0.00916	0.00779	0.00209	0.00742	0.00748	0.08303	0.31367
4	0.01668	0.00834	0.00834	0.00834	0.01042	0.00834	0.00625	0.02085	0.01876	0.03335	0.02918	0.03335	0.02293	0.01042	0.00625	0.00208	0.00417	0.00834	0.73525	0.00834
5	0.02580	0.02969	0.25488	0.05417	0.03331	0.02037	0.06393	0.14429	0.06124	0.14974	0.02216	0.02309	0.01543	0.00950	0.00878	0.00274	0.01081	0.00784	0.00666	0.05559
