[name]
unknown

[dist]
# distance from previous block
# <min> <max>
9	70

[block]
# block no. 0 follows, 25 sequences, length 30
# corresponding to MSA columns:
# 71-100
name=unknown_A
#
# <colnr> <probs for GDERKNQSTAVLIFYWHMCP>
#	G	D	E	R	K	N	Q	S	T	A	V	L	I	F	Y	W	H	M	C	P
0	0.08995	0.15446	0.02283	0.01562	0.05310	0.01864	0.01234	0.18112	0.02236	0.22732	0.02106	0.05082	0.01635	0.05095	0.00886	0.00253	0.00743	0.00727	0.00672	0.03029
1	0.02233	0.01413	0.01656	0.01396	0.01820	0.01452	0.01101	0.18970	0.13357	0.17767	0.14404	0.13221	0.03253	0.01285	0.00830	0.00250	0.00617	0.01087	0.00816	0.03073
2	0.13300	0.01630	0.01893	0.01738	0.07676	0.01755	0.02751	0.24902	0.05382	0.05775	0.02644	0.02751	0.10883	0.01441	0.06624	0.00325	0.03198	0.00810	0.00632	0.03890
3	0.02605	0.02389	0.09029	0.04711	0.13674	0.15688	0.06765	0.15192	0.02308	0.17285	0.01835	0.01950	0.01316	0.00823	0.00767	0.00232	0.01005	0.00679	0.00584	0.01164
4	0.07645	0.00912	0.01147	0.11208	0.01684	0.00988	0.00857	0.01381	0.01312	0.01882	0.02746	0.11551	0.07627	0.33131	0.12163	0.00621	0.00911	0.01118	0.00491	0.00623
5	0.01575	0.01378	0.01774	0.17260	0.02647	0.01193	0.01204	0.01959	0.01595	0.02401	0.01378	0.01714	0.01122	0.00621	0.00621	0.00148	0.00680	0.00512	0.00433	0.59788
6	0.02649	0.10386	0.02246	0.01536	0.02067	0.02067	0.01263	0.39845	0.02831	0.12798	0.02018	0.02366	0.01583	0.11432	0.01208	0.00302	0.00809	0.00738	0.00703	0.01155
7	0.01097	0.00806	0.01158	0.01173	0.01284	0.00909	0.00875	0.01321	0.01249	0.01772	0.02316	0.09185	0.02337	0.15343	0.54243	0.01095	0.01745	0.00990	0.00449	0.00654
8	0.12401	0.01135	0.06728	0.01115	0.01384	0.00941	0.00924	0.01559	0.01820	0.02791	0.34413	0.23455	0.05217	0.01624	0.00857	0.00263	0.00490	0.01414	0.00717	0.00754
9	0.01339	0.00787	0.01036	0.01091	0.01234	0.00721	0.00763	0.01512	0.01641	0.11796	0.09446	0.50352	0.06797	0.06222	0.01122	0.00322	0.00489	0.01846	0.00752	0.00731
10	0.02391	0.02661	0.01961	0.10072	0.02507	0.41565	0.01419	0.02793	0.07428	0.06011	0.01947	0.12065	0.01779	0.01066	0.00763	0.00231	0.01105	0.00821	0.00506	0.00908
11	0.02491	0.01346	0.01630	0.01304	0.01823	0.01261	0.01050	0.08293	0.11452	0.31642	0.06830	0.03036	0.07321	0.01027	0.00757	0.00223	0.00603	0.00841	0.04711	0.12356
12	0.01600	0.01764	0.11449	0.01304	0.02060	0.01146	0.01204	0.02026	0.01612	0.02516	0.01380	0.01612	0.01124	0.00598	0.00598	0.00134	0.00658	0.00476	0.00440	0.66298
13	0.02660	0.01484	0.05111	0.01443	0.01957	0.01335	0.01204	0.07064	0.15306	0.38207	0.03100	0.12798	0.02397	0.01181	0.00810	0.00255	0.00656	0.00993	0.00846	0.01191
14	0.01929	0.01666	0.01753	0.01578	0.02016	0.01929	0.01227	0.04120	0.66513	0.03243	0.03156	0.02893	0.02367	0.01052	0.00789	0.00263	0.00614	0.00877	0.00789	0.01227
15	0.01675	0.18056	0.52238	0.02084	0.03112	0.02068	0.05731	0.02430	0.01634	0.02328	0.01336	0.01580	0.00995	0.00717	0.00697	0.00230	0.01089	0.00558	0.00332	0.01110
16	0.01199	0.00891	0.01273	0.01120	0.01358	0.00829	0.06112	0.01578	0.02055	0.02964	0.48865	0.05155	0.09621	0.01429	0.00860	0.00237	0.00446	0.01276	0.11979	0.00752
17	0.02164	0.01782	0.01886	0.01625	0.02106	0.02038	0.01284	0.18244	0.52006	0.03623	0.02857	0.02655	0.02125	0.01024	0.00786	0.00256	0.00669	0.00835	0.00786	0.01248
18	0.01914	0.01742	0.02277	0.02090	0.07872	0.01926	0.10517	0.03738	0.51739	0.03074	0.02784	0.02695	0.02099	0.00964	0.00805	0.00260	0.00739	0.00866	0.00698	0.01201
19	0.00971	0.00686	0.00892	0.01046	0.01084	0.00647	0.00684	0.01087	0.01433	0.01911	0.04010	0.62578	0.04796	0.12550	0.01415	0.00378	0.00493	0.02049	0.00684	0.00607
20	0.02165	0.06753	0.02003	0.07178	0.02265	0.01496	0.01185	0.13295	0.02054	0.13493	0.01712	0.01831	0.01282	0.00722	0.00654	0.00171	0.00694	0.00569	0.00576	0.39905
21	0.02920	0.03000	0.02256	0.01900	0.02400	0.38957	0.01487	0.31495	0.02858	0.03262	0.01501	0.01610	0.01145	0.00859	0.00734	0.00215	0.01150	0.00590	0.00571	0.01090
22	0.78228	0.01499	0.01140	0.01020	0.01499	0.01739	0.00840	0.02279	0.01320	0.03479	0.01080	0.01260	0.00840	0.00720	0.00480	0.00240	0.00600	0.00420	0.00480	0.00840
23	0.00966	0.00691	0.00918	0.01065	0.01129	0.00644	0.00721	0.01132	0.01582	0.02134	0.12946	0.63131	0.05428	0.02313	0.00979	0.00305	0.00438	0.02094	0.00738	0.00644
24	0.01464	0.01378	0.02326	0.70887	0.05340	0.01723	0.02153	0.01981	0.01550	0.01981	0.01378	0.02067	0.01034	0.00775	0.00775	0.00258	0.01034	0.00689	0.00345	0.00861
25	0.01097	0.00793	0.01036	0.00975	0.01158	0.00732	0.00732	0.01463	0.02195	0.03109	0.67505	0.05792	0.07316	0.01585	0.00914	0.00244	0.00366	0.01402	0.00854	0.00732
26	0.06858	0.01290	0.01716	0.01345	0.01907	0.01138	0.01101	0.03551	0.02134	0.61514	0.03036	0.06628	0.02055	0.01034	0.00778	0.00244	0.00645	0.00846	0.00923	0.01257
27	0.02798	0.02098	0.02243	0.01754	0.02348	0.02335	0.01438	0.56355	0.12863	0.04646	0.02051	0.02013	0.01472	0.00949	0.00778	0.00237	0.00818	0.00724	0.00778	0.01305
28	0.01593	0.03747	0.59934	0.02355	0.03451	0.01823	0.11400	0.02459	0.01663	0.02459	0.01416	0.01699	0.01009	0.00725	0.00761	0.00248	0.01168	0.00620	0.00336	0.01132
29	0.36509	0.01525	0.01564	0.11491	0.02267	0.01765	0.01210	0.07910	0.16654	0.03226	0.01924	0.02438	0.01567	0.00942	0.00669	0.00257	0.00698	0.05845	0.00576	0.00962

[dist]
# distance from previous block
# <min> <max>
3	5

[block]
# block no. 1 follows, 25 sequences, length 88
# corresponding to MSA columns:
# 107-194
name=unknown_B
#
# <colnr> <probs for GDERKNQSTAVLIFYWHMCP>
#	G	D	E	R	K	N	Q	S	T	A	V	L	I	F	Y	W	H	M	C	P
0	0.01797	0.03555	0.51144	0.02400	0.07436	0.06630	0.07603	0.02568	0.01731	0.05865	0.01483	0.01727	0.01064	0.00743	0.00752	0.00242	0.01137	0.00613	0.00374	0.01135
1	0.01929	0.01666	0.01753	0.01578	0.02016	0.01929	0.01227	0.04120	0.66513	0.03243	0.03156	0.02893	0.02367	0.01052	0.00789	0.00263	0.00614	0.00877	0.00789	0.01227
2	0.03114	0.01370	0.01756	0.01369	0.01918	0.01270	0.01123	0.12438	0.02386	0.50690	0.07092	0.02750	0.02192	0.00993	0.00773	0.00235	0.00649	0.00805	0.05836	0.01242
3	0.02195	0.01798	0.01903	0.01632	0.02118	0.02053	0.01292	0.20151	0.50048	0.03674	0.02817	0.02623	0.02092	0.01020	0.00785	0.00255	0.00676	0.00830	0.00785	0.01251
4	0.01081	0.00785	0.01018	0.00975	0.01152	0.00722	0.00725	0.01425	0.02132	0.02997	0.61092	0.10228	0.09448	0.01655	0.00920	0.00249	0.00372	0.01464	0.00840	0.00722
5	0.78228	0.01499	0.01140	0.01020	0.01499	0.01739	0.00840	0.02279	0.01320	0.03479	0.01080	0.01260	0.00840	0.00720	0.00480	0.00240	0.00600	0.00420	0.00480	0.00840
6	0.01083	0.00792	0.01016	0.00960	0.01150	0.00725	0.00720	0.01435	0.02161	0.03028	0.62753	0.05925	0.12118	0.01615	0.00915	0.00245	0.00368	0.01421	0.00843	0.00725
7	0.01301	0.00690	0.00976	0.00976	0.00976	0.00690	0.00631	0.01035	0.01035	0.01380	0.01577	0.02927	0.01656	0.17388	0.03222	0.61356	0.00690	0.00769	0.00365	0.00365
8	0.00916	0.00785	0.00785	0.00785	0.01047	0.00655	0.00589	0.01113	0.01767	0.02095	0.07855	0.07462	0.67599	0.01964	0.00916	0.00262	0.00393	0.01636	0.00720	0.00655
9	0.33662	0.43469	0.02850	0.01199	0.01787	0.02517	0.01125	0.02304	0.01469	0.02511	0.01079	0.01250	0.00931	0.00687	0.00490	0.00197	0.00734	0.00417	0.00393	0.00931
10	0.03221	0.01422	0.01825	0.01433	0.02011	0.01332	0.01173	0.07610	0.11644	0.55076	0.02999	0.02628	0.01947	0.00971	0.00781	0.00243	0.00665	0.00789	0.00924	0.01306
11	0.78228	0.01499	0.01140	0.01020	0.01499	0.01739	0.00840	0.02279	0.01320	0.03479	0.01080	0.01260	0.00840	0.00720	0.00480	0.00240	0.00600	0.00420	0.00480	0.00840
12	0.02947	0.02172	0.02327	0.01784	0.02404	0.02404	0.01474	0.65329	0.03646	0.04887	0.01862	0.01862	0.01319	0.00931	0.00776	0.00233	0.00853	0.00698	0.00776	0.01319
13	0.01464	0.01378	0.02326	0.70887	0.05340	0.01723	0.02153	0.01981	0.01550	0.01981	0.01378	0.02067	0.01034	0.00775	0.00775	0.00258	0.01034	0.00689	0.00345	0.00861
14	0.01108	0.00828	0.01231	0.01231	0.01364	0.00961	0.00950	0.01375	0.01242	0.01789	0.02091	0.03123	0.01972	0.08342	0.67197	0.01227	0.02027	0.00842	0.00417	0.00684
15	0.01555	0.04011	0.68733	0.02210	0.03356	0.01801	0.02865	0.02455	0.01637	0.02455	0.01391	0.01637	0.00982	0.00737	0.00737	0.00246	0.01146	0.00573	0.00327	0.01146
16	0.02300	0.01913	0.01924	0.01727	0.02181	0.06341	0.01321	0.04093	0.55814	0.07605	0.03180	0.03044	0.02416	0.01169	0.00874	0.00297	0.00743	0.00907	0.00838	0.01312
17	0.02343	0.09233	0.18378	0.02060	0.11838	0.01651	0.01737	0.06664	0.03881	0.24545	0.02391	0.05918	0.04020	0.00951	0.00755	0.00237	0.00822	0.00783	0.00623	0.01169
18	0.02355	0.02071	0.15603	0.05081	0.09139	0.01631	0.10907	0.06918	0.01965	0.24925	0.02116	0.05130	0.01556	0.00927	0.00924	0.00254	0.05945	0.00794	0.00605	0.01155
19	0.02754	0.03426	0.02335	0.02399	0.11912	0.59792	0.01626	0.02992	0.02135	0.01990	0.01236	0.01474	0.01032	0.00783	0.00709	0.00204	0.01329	0.00527	0.00397	0.00947
20	0.02896	0.03695	0.02197	0.01998	0.02397	0.69638	0.01498	0.03096	0.02197	0.01898	0.01199	0.01398	0.00999	0.00799	0.00699	0.00200	0.01398	0.00499	0.00400	0.00899
21	0.78228	0.01499	0.01140	0.01020	0.01499	0.01739	0.00840	0.02279	0.01320	0.03479	0.01080	0.01260	0.00840	0.00720	0.00480	0.00240	0.00600	0.00420	0.00480	0.00840
22	0.02625	0.01195	0.01572	0.01267	0.01725	0.01083	0.01021	0.07033	0.02305	0.41812	0.25129	0.03671	0.03734	0.01173	0.00826	0.00241	0.00571	0.00988	0.00911	0.01117
23	0.03479	0.01320	0.01799	0.01380	0.01979	0.01140	0.01140	0.03779	0.02219	0.68451	0.03059	0.02639	0.01919	0.00960	0.00780	0.00240	0.00660	0.00780	0.00960	0.01320
24	0.01696	0.01696	0.02375	0.02036	0.02036	0.02375	0.01696	0.01866	0.01187	0.01866	0.01018	0.01696	0.01018	0.01357	0.02545	0.00339	0.71332	0.00679	0.00339	0.00848
25	0.01125	0.00763	0.00904	0.00904	0.00924	0.00783	0.00542	0.01165	0.01145	0.01546	0.02390	0.04779	0.02691	0.63030	0.13492	0.00824	0.00944	0.01084	0.00462	0.00502
26	0.00967	0.00692	0.00920	0.01064	0.01130	0.00645	0.00721	0.01135	0.01588	0.02143	0.13456	0.62594	0.05446	0.02307	0.00979	0.00305	0.00438	0.02088	0.00739	0.00645
27	0.01555	0.04011	0.68733	0.02210	0.03356	0.01801	0.02865	0.02455	0.01637	0.02455	0.01391	0.01637	0.00982	0.00737	0.00737	0.00246	0.01146	0.00573	0.00327	0.01146
28	0.01696	0.01696	0.02375	0.02036	0.02036	0.02375	0.01696	0.01866	0.01187	0.01866	0.01018	0.01696	0.01018	0.01357	0.02545	0.00339	0.71332	0.00679	0.00339	0.00848
29	0.01131	0.00817	0.01106	0.01261	0.01406	0.00792	0.01025	0.01413	0.01718	0.02247	0.07708	0.27018	0.08960	0.02185	0.01029	0.00333	0.00598	0.37846	0.00723	0.00686
30	0.03380	0.01478	0.01897	0.01455	0.02058	0.01374	0.01202	0.15205	0.02484	0.56651	0.02837	0.02495	0.01808	0.00954	0.00779	0.00239	0.00696	0.00765	0.00926	0.01319
31	0.01128	0.00752	0.00846	0.00846	0.00846	0.00752	0.00470	0.01128	0.01128	0.01503	0.02443	0.05074	0.02819	0.72751	0.03946	0.00752	0.00752	0.01128	0.00470	0.00470
32	0.01919	0.01842	0.03147	0.04759	0.67914	0.01842	0.02380	0.02380	0.01765	0.02533	0.01458	0.01919	0.01228	0.00691	0.00768	0.00230	0.00921	0.00691	0.00384	0.01228
33	0.78228	0.01499	0.01140	0.01020	0.01499	0.01739	0.00840	0.02279	0.01320	0.03479	0.01080	0.01260	0.00840	0.00720	0.00480	0.00240	0.00600	0.00420	0.00480	0.00840
34	0.01929	0.01666	0.01753	0.01578	0.02016	0.01929	0.01227	0.04120	0.66513	0.03243	0.03156	0.02893	0.02367	0.01052	0.00789	0.00263	0.00614	0.00877	0.00789	0.01227
35	0.02592	0.02061	0.09603	0.05583	0.02819	0.01867	0.13511	0.26855	0.02578	0.19126	0.02038	0.02110	0.01406	0.00856	0.00791	0.00241	0.00917	0.00745	0.03094	0.01206
36	0.01846	0.01834	0.02914	0.23324	0.43462	0.05978	0.04855	0.02315	0.01734	0.02335	0.01424	0.01936	0.01157	0.00720	0.00772	0.00238	0.00998	0.00688	0.00374	0.01096
37	0.01464	0.01378	0.02326	0.70887	0.05340	0.01723	0.02153	0.01981	0.01550	0.01981	0.01378	0.02067	0.01034	0.00775	0.00775	0.00258	0.01034	0.00689	0.00345	0.00861
38	0.02272	0.01889	0.01905	0.01640	0.02121	0.06364	0.01293	0.16956	0.46344	0.06295	0.02752	0.02568	0.02038	0.01006	0.00780	0.00252	0.00717	0.00810	0.00768	0.01229
39	0.01753	0.01942	0.04103	0.17451	0.04322	0.01911	0.51896	0.02378	0.01771	0.02378	0.01529	0.02086	0.01147	0.00679	0.00886	0.00261	0.01250	0.00868	0.00382	0.01007
40	0.01582	0.01605	0.03044	0.06978	0.07036	0.01556	0.32540	0.02179	0.05169	0.02491	0.10742	0.03086	0.07381	0.01315	0.06308	0.00329	0.01064	0.00980	0.00500	0.04115
41	0.02019	0.15502	0.04176	0.02724	0.03450	0.06634	0.44816	0.06629	0.01926	0.02480	0.01472	0.01872	0.01140	0.00683	0.00814	0.00238	0.01194	0.00780	0.00407	0.01045
42	0.00938	0.00703	0.00871	0.01005	0.01105	0.00636	0.00687	0.01088	0.01556	0.02008	0.05178	0.55883	0.20906	0.02312	0.00971	0.00301	0.00435	0.02061	0.00720	0.00636
43	0.01555	0.04011	0.68733	0.02210	0.03356	0.01801	0.02865	0.02455	0.01637	0.02455	0.01391	0.01637	0.00982	0.00737	0.00737	0.00246	0.01146	0.00573	0.00327	0.01146
44	0.01331	0.01246	0.05678	0.01965	0.15399	0.01095	0.01308	0.01794	0.05213	0.02597	0.23360	0.19227	0.04503	0.01580	0.00905	0.00274	0.00612	0.10379	0.00670	0.00863
45	0.01613	0.09406	0.59640	0.02205	0.03290	0.01911	0.06566	0.02447	0.01644	0.02407	0.01377	0.01634	0.00995	0.00726	0.00729	0.00240	0.01131	0.00581	0.00332	0.01128
46	0.00940	0.00786	0.00818	0.00810	0.01062	0.00665	0.00608	0.01158	0.01823	0.02227	0.15628	0.07244	0.59743	0.01914	0.00916	0.00259	0.00389	0.01606	0.00737	0.00665
47	0.01555	0.04011	0.68733	0.02210	0.03356	0.01801	0.02865	0.02455	0.01637	0.02455	0.01391	0.01637	0.00982	0.00737	0.00737	0.00246	0.01146	0.00573	0.00327	0.01146
48	0.02746	0.16382	0.02538	0.01875	0.02323	0.57490	0.01467	0.02955	0.02084	0.01884	0.01177	0.01370	0.00998	0.00774	0.00662	0.00194	0.01294	0.00484	0.00387	0.00916
49	0.01223	0.00884	0.01212	0.01377	0.01562	0.00874	0.01197	0.01567	0.01784	0.02302	0.04404	0.08644	0.09492	0.02128	0.01059	0.00349	0.00688	0.57831	0.00714	0.00709
50	0.78228	0.01499	0.01140	0.01020	0.01499	0.01739	0.00840	0.02279	0.01320	0.03479	0.01080	0.01260	0.00840	0.00720	0.00480	0.00240	0.00600	0.00420	0.00480	0.00840
51	0.53732	0.01441	0.01356	0.01138	0.01657	0.01543	0.00938	0.02771	0.01614	0.24771	0.01728	0.01712	0.01194	0.00798	0.00578	0.00240	0.00619	0.00538	0.00637	0.00997
52	0.01696	0.01696	0.02375	0.02036	0.02036	0.02375	0.01696	0.01866	0.01187	0.01866	0.01018	0.01696	0.01018	0.01357	0.02545	0.00339	0.71332	0.00679	0.00339	0.00848
53	0.00945	0.00675	0.00900	0.01080	0.01125	0.00630	0.00720	0.01080	0.01484	0.01979	0.04274	0.72245	0.05128	0.02429	0.00990	0.00315	0.00450	0.02204	0.00720	0.00630
54	0.02896	0.03695	0.02197	0.01998	0.02397	0.69638	0.01498	0.03096	0.02197	0.01898	0.01199	0.01398	0.00999	0.00799	0.00699	0.00200	0.01398	0.00499	0.00400	0.00899
55	0.03479	0.01320	0.01799	0.01380	0.01979	0.01140	0.01140	0.03779	0.02219	0.68451	0.03059	0.02639	0.01919	0.00960	0.00780	0.00240	0.00660	0.00780	0.00960	0.01320
56	0.01108	0.00831	0.01246	0.01246	0.01385	0.00969	0.00969	0.01385	0.01246	0.01800	0.02077	0.03046	0.01938	0.05815	0.69678	0.01246	0.02077	0.00831	0.00415	0.00692
57	0.01929	0.01666	0.01753	0.01578	0.02016	0.01929	0.01227	0.04120	0.66513	0.03243	0.03156	0.02893	0.02367	0.01052	0.00789	0.00263	0.00614	0.00877	0.00789	0.01227
58	0.02947	0.02172	0.02327	0.01784	0.02404	0.02404	0.01474	0.65329	0.03646	0.04887	0.01862	0.01862	0.01319	0.00931	0.00776	0.00233	0.00853	0.00698	0.00776	0.01319
59	0.01464	0.01378	0.02326	0.70887	0.05340	0.01723	0.02153	0.01981	0.01550	0.01981	0.01378	0.02067	0.01034	0.00775	0.00775	0.00258	0.01034	0.00689	0.00345	0.00861
60	0.01555	0.04011	0.68733	0.02210	0.03356	0.01801	0.02865	0.02455	0.01637	0.02455	0.01391	0.01637	0.00982	0.00737	0.00737	0.00246	0.01146	0.00573	0.00327	0.01146
61	0.01830	0.02092	0.04575	0.03268	0.04052	0.01961	0.65098	0.02484	0.01830	0.02484	0.01569	0.02092	0.01176	0.00654	0.00915	0.00261	0.01307	0.00915	0.00392	0.01046
62	0.01929	0.01666	0.01753	0.01578	0.02016	0.01929	0.01227	0.04120	0.66513	0.03243	0.03156	0.02893	0.02367	0.01052	0.00789	0.00263	0.00614	0.00877	0.00789	0.01227
63	0.01244	0.00825	0.01083	0.01000	0.01209	0.00757	0.00757	0.01605	0.02196	0.07124	0.63545	0.05598	0.06984	0.01547	0.00906	0.00244	0.00384	0.01364	0.00860	0.00768
64	0.01108	0.00831	0.01246	0.01246	0.01385	0.00969	0.00969	0.01385	0.01246	0.01800	0.02077	0.03046	0.01938	0.05815	0.69678	0.01246	0.02077	0.00831	0.00415	0.00692
65	0.01112	0.00814	0.01160	0.01160	0.01269	0.00923	0.00862	0.01329	0.01221	0.01736	0.02155	0.03481	0.02127	0.20185	0.55567	0.01140	0.01792	0.00894	0.00427	0.00645
66	0.03367	0.01498	0.01910	0.01464	0.02068	0.01405	0.01210	0.16689	0.02518	0.55119	0.02808	0.02476	0.01793	0.00954	0.00779	0.00238	0.00700	0.00763	0.00921	0.01319
67	0.01824	0.01745	0.02975	0.18629	0.54789	0.01817	0.02332	0.02296	0.01720	0.02417	0.01442	0.01950	0.01187	0.00709	0.00769	0.00236	0.00945	0.00690	0.00376	0.01151
68	0.01160	0.00770	0.00962	0.00929	0.01103	0.00723	0.00691	0.01510	0.02029	0.02989	0.49716	0.09556	0.06054	0.01498	0.00841	0.00235	0.00370	0.01312	0.16828	0.00723
69	0.01128	0.00752	0.00846	0.00846	0.00846	0.00752	0.00470	0.01128	0.01128	0.01503	0.02443	0.05074	0.02819	0.72751	0.03946	0.00752	0.00752	0.01128	0.00470	0.00470
70	0.02029	0.02157	0.05199	0.06894	0.49190	0.11687	0.02185	0.02582	0.05992	0.02460	0.01524	0.01903	0.01251	0.00735	0.00758	0.00230	0.00983	0.00671	0.00409	0.01162
71	0.05184	0.05125	0.10885	0.03953	0.48157	0.04631	0.06145	0.02417	0.01745	0.02506	0.01415	0.01819	0.01160	0.00698	0.00747	0.00231	0.00973	0.00660	0.00380	0.01168
72	0.02073	0.73217	0.04063	0.01327	0.01990	0.03068	0.01327	0.02322	0.01575	0.01824	0.01078	0.01244	0.00995	0.00663	0.00498	0.00166	0.00829	0.00415	0.00332	0.00995
73	0.01040	0.00780	0.00963	0.00939	0.01128	0.00704	0.00696	0.01343	0.02026	0.02760	0.47250	0.12347	0.21668	0.01755	0.00922	0.00255	0.00380	0.01533	0.00809	0.00704
74	0.29896	0.01554	0.04371	0.01292	0.04448	0.01360	0.01032	0.02112	0.01509	0.02875	0.01272	0.01493	0.01031	0.00640	0.00554	0.00171	0.00622	0.00459	0.00458	0.42851
75	0.01777	0.01781	0.07228	0.30493	0.11806	0.01747	0.17943	0.02431	0.05690	0.06684	0.01691	0.02140	0.01258	0.00765	0.00801	0.00252	0.01026	0.00757	0.02711	0.01019
76	0.12017	0.01334	0.01668	0.01326	0.01872	0.01246	0.01084	0.03477	0.07233	0.51308	0.07059	0.02703	0.02181	0.00980	0.00754	0.00242	0.00630	0.00786	0.00883	0.01217
77	0.01138	0.00825	0.01110	0.01253	0.01410	0.00798	0.01027	0.01430	0.01749	0.02287	0.09669	0.22796	0.10600	0.02145	0.01026	0.00330	0.00596	0.38394	0.00727	0.00691
78	0.01938	0.55143	0.20953	0.01557	0.02347	0.02737	0.01728	0.02357	0.01592	0.01989	0.01160	0.01346	0.00992	0.00682	0.00560	0.00187	0.00912	0.00456	0.00331	0.01034
79	0.00916	0.00785	0.00785	0.00785	0.01047	0.00655	0.00589	0.01113	0.01767	0.02095	0.07855	0.07462	0.67599	0.01964	0.00916	0.00262	0.00393	0.01636	0.00720	0.00655
80	0.00943	0.00682	0.00893	0.01062	0.01120	0.00631	0.00712	0.01082	0.01502	0.01986	0.04494	0.68265	0.08966	0.02401	0.00985	0.00312	0.00446	0.02169	0.00720	0.00631
81	0.12810	0.02001	0.02121	0.01645	0.02245	0.02194	0.01358	0.51104	0.03203	0.10908	0.01877	0.01859	0.01315	0.00906	0.00737	0.00234	0.00801	0.00670	0.00755	0.01256
82	0.02073	0.73217	0.04063	0.01327	0.01990	0.03068	0.01327	0.02322	0.01575	0.01824	0.01078	0.01244	0.00995	0.00663	0.00498	0.00166	0.00829	0.00415	0.00332	0.00995
83	0.00916	0.00785	0.00785	0.00785	0.01047	0.00655	0.00589	0.01113	0.01767	0.02095	0.07855	0.07462	0.67599	0.01964	0.00916	0.00262	0.00393	0.01636	0.00720	0.00655
84	0.00945	0.00675	0.00900	0.01080	0.01125	0.00630	0.00720	0.01080	0.01484	0.01979	0.04274	0.72245	0.05128	0.02429	0.00990	0.00315	0.00450	0.02204	0.00720	0.00630
85	0.01424	0.01428	0.02842	0.02243	0.02682	0.01340	0.34444	0.01842	0.01681	0.02261	0.02849	0.32213	0.03025	0.01485	0.00955	0.00289	0.00912	0.04685	0.00548	0.00852
86	0.02441	0.02942	0.02259	0.06932	0.02501	0.45015	0.01603	0.02655	0.01854	0.01894	0.01158	0.01534	0.01007	0.00961	0.01247	0.00245	0.21926	0.00566	0.00378	0.00881
87	0.02947	0.02172	0.02327	0.01784	0.02404	0.02404	0.01474	0.65329	0.03646	0.04887	0.01862	0.01862	0.01319	0.00931	0.00776	0.00233	0.00853	0.00698	0.00776	0.01319

[dist]
# distance from previous block
# <min> <max>
0	10

[block]
# block no. 2 follows, 25 sequences, length 103
# corresponding to MSA columns:
# 205-307
name=unknown_C
#
# <colnr> <probs for GDERKNQSTAVLIFYWHMCP>
#	G	D	E	R	K	N	Q	S	T	A	V	L	I	F	Y	W	H	M	C	P
0	0.01670	0.01574	0.02692	0.15502	0.41701	0.01618	0.05505	0.02105	0.01716	0.02391	0.05021	0.11181	0.01989	0.00970	0.00813	0.00248	0.00874	0.00932	0.00443	0.01053
1	0.00986	0.00705	0.00907	0.01032	0.01088	0.00676	0.00685	0.01110	0.01422	0.01890	0.04013	0.51945	0.08171	0.15046	0.06112	0.00451	0.00609	0.01889	0.00655	0.00607
2	0.02046	0.69578	0.07463	0.01373	0.02062	0.03001	0.01408	0.02329	0.01579	0.01857	0.01094	0.01264	0.00994	0.00667	0.00510	0.00170	0.00846	0.00423	0.00331	0.01003
3	0.01746	0.06352	0.37002	0.01845	0.02770	0.01594	0.05498	0.02391	0.01676	0.07059	0.01498	0.01704	0.01109	0.00695	0.00688	0.00203	0.00932	0.00564	0.00415	0.24259
4	0.16259	0.01694	0.05410	0.04780	0.02132	0.05044	0.01251	0.11441	0.02168	0.31778	0.05995	0.02496	0.04289	0.00956	0.00732	0.00239	0.00733	0.00741	0.00740	0.01122
5	0.03479	0.01320	0.01799	0.01380	0.01979	0.01140	0.01140	0.03779	0.02219	0.68451	0.03059	0.02639	0.01919	0.00960	0.00780	0.00240	0.00660	0.00780	0.00960	0.01320
6	0.00981	0.00788	0.00875	0.00853	0.01087	0.00682	0.00640	0.01238	0.01920	0.02458	0.29191	0.06865	0.46037	0.01828	0.00916	0.00255	0.00383	0.01553	0.00768	0.00682
7	0.01970	0.18869	0.33099	0.01898	0.02672	0.13900	0.02073	0.02512	0.01724	0.04679	0.01462	0.01895	0.01195	0.00844	0.00801	0.00231	0.05197	0.03557	0.00384	0.01038
8	0.01750	0.01638	0.02317	0.57424	0.04767	0.06474	0.02022	0.10061	0.01860	0.02342	0.01427	0.01995	0.01067	0.00796	0.00770	0.00251	0.01036	0.00677	0.00403	0.00922
9	0.01555	0.04011	0.68733	0.02210	0.03356	0.01801	0.02865	0.02455	0.01637	0.02455	0.01391	0.01637	0.00982	0.00737	0.00737	0.00246	0.01146	0.00573	0.00327	0.01146
10	0.01464	0.01378	0.02326	0.70887	0.05340	0.01723	0.02153	0.01981	0.01550	0.01981	0.01378	0.02067	0.01034	0.00775	0.00775	0.00258	0.01034	0.00689	0.00345	0.00861
11	0.06169	0.55273	0.03566	0.10261	0.02395	0.02776	0.01430	0.02245	0.01532	0.01938	0.01112	0.01380	0.00993	0.00727	0.00669	0.00193	0.05568	0.00468	0.00342	0.00960
12	0.01259	0.00963	0.01176	0.01093	0.01326	0.00965	0.00828	0.01981	0.14739	0.03135	0.54955	0.05226	0.06351	0.01481	0.00890	0.00248	0.00414	0.01300	0.00841	0.00828
13	0.00916	0.00785	0.00785	0.00785	0.01047	0.00655	0.00589	0.01113	0.01767	0.02095	0.07855	0.07462	0.67599	0.01964	0.00916	0.00262	0.00393	0.01636	0.00720	0.00655
14	0.00945	0.00675	0.00900	0.01080	0.01125	0.00630	0.00720	0.01080	0.01484	0.01979	0.04274	0.72245	0.05128	0.02429	0.00990	0.00315	0.00450	0.02204	0.00720	0.00630
15	0.01363	0.01241	0.02047	0.57272	0.04518	0.01510	0.01874	0.01805	0.01538	0.01981	0.01943	0.15754	0.01832	0.01098	0.00817	0.00269	0.00920	0.00985	0.00418	0.00816
16	0.01555	0.04011	0.68733	0.02210	0.03356	0.01801	0.02865	0.02455	0.01637	0.02455	0.01391	0.01637	0.00982	0.00737	0.00737	0.00246	0.01146	0.00573	0.00327	0.01146
17	0.01535	0.00947	0.01320	0.01422	0.01654	0.00924	0.01235	0.01884	0.01841	0.10785	0.03971	0.07964	0.04137	0.01991	0.01034	0.00342	0.00707	0.54770	0.00745	0.00791
18	0.01860	0.07666	0.47414	0.02365	0.10063	0.06545	0.02493	0.05652	0.01808	0.05028	0.01454	0.01677	0.01063	0.00750	0.00727	0.00235	0.01087	0.00585	0.00385	0.01144
19	0.01656	0.17508	0.56120	0.02038	0.03089	0.02048	0.02565	0.02429	0.01625	0.02332	0.01330	0.01560	0.00985	0.00722	0.00690	0.00230	0.01084	0.00542	0.00328	0.01116
20	0.01088	0.00792	0.01024	0.00966	0.01153	0.00728	0.00725	0.01446	0.02174	0.03059	0.64547	0.05875	0.10306	0.01604	0.00915	0.00245	0.00367	0.01414	0.00847	0.00728
21	0.02551	0.03121	0.01934	0.01773	0.02094	0.56203	0.01298	0.02712	0.01989	0.01821	0.01441	0.02115	0.01354	0.14832	0.01332	0.00307	0.01272	0.00622	0.00413	0.00815
22	0.01908	0.01862	0.03237	0.04355	0.55322	0.01863	0.10331	0.02510	0.06114	0.02574	0.01586	0.02006	0.01298	0.00710	0.00788	0.00236	0.00950	0.00732	0.00412	0.01205
23	0.02090	0.02472	0.03865	0.02886	0.03532	0.18900	0.45866	0.02604	0.01888	0.02305	0.01447	0.01897	0.01124	0.00727	0.00947	0.00250	0.05012	0.00799	0.00391	0.00999
24	0.01877	0.02021	0.03633	0.03276	0.19120	0.05497	0.34131	0.02375	0.01732	0.02381	0.01435	0.01931	0.01156	0.00764	0.01075	0.00253	0.10903	0.00781	0.00387	0.05270
25	0.01468	0.03390	0.55571	0.02022	0.02971	0.01639	0.02495	0.02247	0.01561	0.02328	0.01525	0.01912	0.01169	0.01727	0.14183	0.00441	0.01327	0.00623	0.00345	0.01057
26	0.01555	0.04011	0.68733	0.02210	0.03356	0.01801	0.02865	0.02455	0.01637	0.02455	0.01391	0.01637	0.00982	0.00737	0.00737	0.00246	0.01146	0.00573	0.00327	0.01146
27	0.01048	0.00755	0.00993	0.01009	0.01148	0.00699	0.00728	0.01340	0.01967	0.02747	0.47253	0.27076	0.06615	0.01855	0.00939	0.00267	0.00393	0.01659	0.00811	0.00699
28	0.01083	0.00850	0.00987	0.00942	0.01174	0.00784	0.00710	0.01508	0.06445	0.02720	0.39657	0.06249	0.30653	0.01697	0.00907	0.00252	0.00393	0.01458	0.00797	0.00735
29	0.01245	0.00862	0.01012	0.01080	0.01119	0.00815	0.00668	0.01250	0.01403	0.01891	0.03377	0.33941	0.03930	0.40572	0.02660	0.00583	0.00681	0.01630	0.00639	0.00644
30	0.02073	0.73217	0.04063	0.01327	0.01990	0.03068	0.01327	0.02322	0.01575	0.01824	0.01078	0.01244	0.00995	0.00663	0.00498	0.00166	0.00829	0.00415	0.00332	0.00995
31	0.01451	0.01381	0.01900	0.27729	0.03031	0.05543	0.01563	0.01750	0.01465	0.01938	0.02078	0.20573	0.02156	0.01605	0.04618	0.00338	0.18555	0.01084	0.00449	0.00791
32	0.00945	0.00675	0.00900	0.01080	0.01125	0.00630	0.00720	0.01080	0.01484	0.01979	0.04274	0.72245	0.05128	0.02429	0.00990	0.00315	0.00450	0.02204	0.00720	0.00630
33	0.01696	0.01696	0.02375	0.02036	0.02036	0.02375	0.01696	0.01866	0.01187	0.01866	0.01018	0.01696	0.01018	0.01357	0.02545	0.00339	0.71332	0.00679	0.00339	0.00848
34	0.02137	0.03203	0.47514	0.01969	0.02942	0.01660	0.02335	0.06257	0.01900	0.19914	0.01855	0.01912	0.01247	0.00806	0.00750	0.00243	0.01002	0.00634	0.00518	0.01201
35	0.01931	0.01530	0.01665	0.01487	0.01904	0.01721	0.01158	0.03758	0.53830	0.07783	0.11344	0.03244	0.02966	0.01113	0.00804	0.00259	0.00585	0.00937	0.00809	0.01171
36	0.03360	0.01285	0.01736	0.01341	0.01916	0.01115	0.01105	0.03663	0.02184	0.64606	0.03028	0.02654	0.01923	0.00956	0.00766	0.00236	0.00642	0.00776	0.05423	0.01285
37	0.01121	0.00780	0.00987	0.00987	0.01036	0.00828	0.00646	0.01218	0.01169	0.01608	0.02314	0.04359	0.02509	0.49162	0.27111	0.00926	0.01219	0.01023	0.00451	0.00548
38	0.06801	0.01649	0.06671	0.07063	0.02977	0.01502	0.28508	0.02074	0.01731	0.02435	0.02478	0.07906	0.02408	0.01249	0.00919	0.00293	0.00992	0.20936	0.00513	0.00895
39	0.73752	0.01520	0.01257	0.01239	0.05395	0.01745	0.00930	0.02285	0.01346	0.03423	0.01102	0.01298	0.00862	0.00718	0.00497	0.00239	0.00619	0.00436	0.00474	0.00862
40	0.07552	0.02133	0.01695	0.01495	0.01873	0.25046	0.03095	0.09452	0.10873	0.02838	0.01951	0.02125	0.01519	0.00870	0.00662	0.00211	0.00854	0.00649	0.24172	0.00935
41	0.74092	0.01536	0.01205	0.01062	0.01549	0.01776	0.00875	0.05743	0.01447	0.03556	0.01123	0.01293	0.00866	0.00731	0.00496	0.00240	0.00614	0.00435	0.00496	0.00866
42	0.00945	0.00675	0.00900	0.01080	0.01125	0.00630	0.00720	0.01080	0.01484	0.01979	0.04274	0.72245	0.05128	0.02429	0.00990	0.00315	0.00450	0.02204	0.00720	0.00630
43	0.78228	0.01499	0.01140	0.01020	0.01499	0.01739	0.00840	0.02279	0.01320	0.03479	0.01080	0.01260	0.00840	0.00720	0.00480	0.00240	0.00600	0.00420	0.00480	0.00840
44	0.01374	0.01251	0.02071	0.57283	0.04535	0.01532	0.01890	0.01826	0.01522	0.01969	0.01796	0.11116	0.01618	0.01325	0.05421	0.00332	0.01029	0.00893	0.00397	0.00820
45	0.01929	0.01666	0.01753	0.01578	0.02016	0.01929	0.01227	0.04120	0.66513	0.03243	0.03156	0.02893	0.02367	0.01052	0.00789	0.00263	0.00614	0.00877	0.00789	0.01227
46	0.00916	0.00785	0.00785	0.00785	0.01047	0.00655	0.00589	0.01113	0.01767	0.02095	0.07855	0.07462	0.67599	0.01964	0.00916	0.00262	0.00393	0.01636	0.00720	0.00655
47	0.00945	0.00675	0.00900	0.01080	0.01125	0.00630	0.00720	0.01080	0.01484	0.01979	0.04274	0.72245	0.05128	0.02429	0.00990	0.00315	0.00450	0.02204	0.00720	0.00630
48	0.78228	0.01499	0.01140	0.01020	0.01499	0.01739	0.00840	0.02279	0.01320	0.03479	0.01080	0.01260	0.00840	0.00720	0.00480	0.00240	0.00600	0.00420	0.00480	0.00840
49	0.01859	0.01527	0.01743	0.01268	0.01944	0.01291	0.01023	0.13836	0.01990	0.02969	0.01469	0.01655	0.01180	0.00641	0.00612	0.00137	0.00627	0.00504	0.00519	0.63208
50	0.01584	0.03071	0.46476	0.01911	0.02813	0.01569	0.04624	0.02385	0.05279	0.06306	0.02754	0.02829	0.13088	0.00984	0.00781	0.00250	0.00959	0.00806	0.00463	0.01069
51	0.02007	0.03024	0.37015	0.06935	0.07105	0.05516	0.09096	0.06939	0.01900	0.10701	0.01641	0.01857	0.01161	0.00772	0.00766	0.00243	0.01076	0.00655	0.00452	0.01141
52	0.02896	0.03695	0.02197	0.01998	0.02397	0.69638	0.01498	0.03096	0.02197	0.01898	0.01199	0.01398	0.00999	0.00799	0.00699	0.00200	0.01398	0.00499	0.00400	0.00899
53	0.00954	0.00787	0.00838	0.00825	0.01070	0.00671	0.00619	0.01186	0.01856	0.02306	0.20290	0.07114	0.55032	0.01885	0.00916	0.00258	0.00387	0.01588	0.00748	0.00671
54	0.01583	0.01499	0.02539	0.53677	0.21626	0.01754	0.02212	0.02085	0.01606	0.02125	0.01399	0.02029	0.01084	0.00753	0.00773	0.00251	0.01004	0.00690	0.00355	0.00957
55	0.02621	0.02281	0.02232	0.10642	0.02730	0.14335	0.01534	0.38389	0.10976	0.03772	0.01842	0.01934	0.01356	0.00902	0.00764	0.00234	0.00944	0.00684	0.00655	0.01173
56	0.00937	0.00704	0.00869	0.01002	0.01104	0.00636	0.00685	0.01088	0.01559	0.02010	0.05222	0.55083	0.21677	0.02306	0.00970	0.00301	0.00435	0.02054	0.00720	0.00636
57	0.02246	0.01928	0.02611	0.02471	0.14262	0.02100	0.10209	0.24150	0.21695	0.03501	0.02094	0.02203	0.01581	0.00907	0.00883	0.00250	0.04279	0.00779	0.00636	0.01215
58	0.01686	0.01605	0.02727	0.38572	0.35919	0.01781	0.02264	0.02176	0.01656	0.02251	0.01417	0.01995	0.01129	0.00734	0.00771	0.00245	0.00979	0.00690	0.00364	0.01041
59	0.14390	0.15119	0.05831	0.05645	0.05721	0.06577	0.07581	0.12026	0.04498	0.13035	0.01686	0.01807	0.01245	0.00792	0.00685	0.00226	0.00878	0.00622	0.00549	0.01088
60	0.02114	0.61646	0.04011	0.01550	0.02224	0.02849	0.08561	0.02411	0.01636	0.05136	0.01230	0.01408	0.01061	0.00677	0.00559	0.00180	0.00875	0.00489	0.00369	0.01017
61	0.00945	0.00675	0.00900	0.01080	0.01125	0.00630	0.00720	0.01080	0.01484	0.01979	0.04274	0.72245	0.05128	0.02429	0.00990	0.00315	0.00450	0.02204	0.00720	0.00630
62	0.01488	0.06469	0.04621	0.12058	0.05927	0.01532	0.17665	0.01939	0.01830	0.02515	0.23874	0.06906	0.03411	0.01125	0.00952	0.00254	0.04955	0.01044	0.00548	0.00888
63	0.02133	0.47927	0.14438	0.01538	0.02247	0.07232	0.01577	0.02598	0.05254	0.06668	0.01392	0.01508	0.01133	0.00727	0.00587	0.00192	0.00897	0.00498	0.00405	0.01049
64	0.01108	0.00831	0.01246	0.01246	0.01385	0.00969	0.00969	0.01385	0.01246	0.01800	0.02077	0.03046	0.01938	0.05815	0.69678	0.01246	0.02077	0.00831	0.00415	0.00692
65	0.00962	0.00787	0.00848	0.00833	0.01075	0.00674	0.00625	0.01201	0.01875	0.02349	0.22836	0.07042	0.52459	0.01869	0.00916	0.00257	0.00386	0.01578	0.00754	0.00674
66	0.02446	0.09329	0.02885	0.10164	0.02969	0.01738	0.19377	0.03081	0.09264	0.27338	0.02236	0.02295	0.01556	0.00830	0.00788	0.00243	0.00900	0.00779	0.00639	0.01142
67	0.01920	0.01703	0.02001	0.01726	0.02195	0.01931	0.06833	0.03976	0.60836	0.03177	0.03017	0.02823	0.02262	0.01017	0.00800	0.00263	0.00675	0.00880	0.00754	0.01211
68	0.01704	0.01718	0.02496	0.02103	0.02146	0.02352	0.05179	0.01900	0.01223	0.01900	0.01048	0.01718	0.01027	0.01318	0.02455	0.00335	0.67485	0.00692	0.00342	0.00859
69	0.01108	0.00831	0.01246	0.01246	0.01385	0.00969	0.00969	0.01385	0.01246	0.01800	0.02077	0.03046	0.01938	0.05815	0.69678	0.01246	0.02077	0.00831	0.00415	0.00692
70	0.01755	0.01500	0.01596	0.01471	0.01855	0.01703	0.01130	0.03591	0.55169	0.03030	0.03591	0.10670	0.07037	0.01261	0.00819	0.00268	0.00581	0.01071	0.00777	0.01125
71	0.03479	0.01320	0.01799	0.01380	0.01979	0.01140	0.01140	0.03779	0.02219	0.68451	0.03059	0.02639	0.01919	0.00960	0.00780	0.00240	0.00660	0.00780	0.00960	0.01320
72	0.01625	0.04102	0.01701	0.01155	0.01843	0.01111	0.00934	0.01966	0.01607	0.02500	0.01367	0.01594	0.01143	0.00578	0.00571	0.00117	0.00584	0.00458	0.00455	0.74590
73	0.01504	0.01455	0.02568	0.63603	0.05201	0.01748	0.08934	0.02035	0.01581	0.02035	0.01399	0.02070	0.01049	0.00762	0.00790	0.00259	0.01063	0.00713	0.00350	0.00881
74	0.01220	0.00873	0.01208	0.01340	0.01519	0.00861	0.01148	0.01578	0.01865	0.02474	0.16470	0.08170	0.05019	0.02033	0.01040	0.00335	0.00646	0.50741	0.00741	0.00717
75	0.01097	0.00793	0.01036	0.00975	0.01158	0.00732	0.00732	0.01463	0.02195	0.03109	0.67505	0.05792	0.07316	0.01585	0.00914	0.00244	0.00366	0.01402	0.00854	0.00732
76	0.00995	0.00789	0.00895	0.00868	0.01096	0.00688	0.00651	0.01265	0.01953	0.02537	0.33835	0.06735	0.41343	0.01799	0.00916	0.00254	0.00381	0.01534	0.00778	0.00688
77	0.03310	0.01335	0.01784	0.01378	0.01955	0.01185	0.01134	0.07024	0.02296	0.61126	0.06773	0.02781	0.02203	0.00995	0.00787	0.00240	0.00653	0.00812	0.00943	0.01285
78	0.69298	0.01478	0.01218	0.01063	0.01557	0.01668	0.00876	0.02458	0.01427	0.11241	0.01316	0.01424	0.00969	0.00748	0.00516	0.00240	0.00607	0.00463	0.00537	0.00897
79	0.03479	0.01320	0.01799	0.01380	0.01979	0.01140	0.01140	0.03779	0.02219	0.68451	0.03059	0.02639	0.01919	0.00960	0.00780	0.00240	0.00660	0.00780	0.00960	0.01320
80	0.78228	0.01499	0.01140	0.01020	0.01499	0.01739	0.00840	0.02279	0.01320	0.03479	0.01080	0.01260	0.00840	0.00720	0.00480	0.00240	0.00600	0.00420	0.00480	0.00840
81	0.03370	0.01595	0.01895	0.01474	0.02063	0.06088	0.01207	0.11610	0.02400	0.55664	0.02776	0.02453	0.01778	0.00945	0.00774	0.00236	0.00736	0.00750	0.00897	0.01290
82	0.01002	0.00767	0.00919	0.00927	0.01111	0.00684	0.00678	0.01261	0.01901	0.02520	0.33502	0.19393	0.28755	0.01887	0.00930	0.00264	0.00392	0.01644	0.00779	0.00684
83	0.02142	0.44987	0.14051	0.01680	0.02390	0.11288	0.04767	0.06674	0.01816	0.02172	0.01220	0.01410	0.01024	0.00710	0.00601	0.00192	0.00978	0.00495	0.00372	0.01031
84	0.01696	0.01696	0.02375	0.02036	0.02036	0.02375	0.01696	0.01866	0.01187	0.01866	0.01018	0.01696	0.01018	0.01357	0.02545	0.00339	0.71332	0.00679	0.00339	0.00848
85	0.11294	0.09585	0.08735	0.02100	0.06216	0.02084	0.14436	0.18724	0.08973	0.07756	0.01780	0.01916	0.01315	0.00805	0.00737	0.00237	0.00905	0.00692	0.00568	0.01142
86	0.01832	0.02413	0.20132	0.05912	0.03400	0.01932	0.29406	0.02422	0.01669	0.06941	0.01511	0.01936	0.01141	0.00839	0.01171	0.00271	0.14865	0.00762	0.00403	0.01043
87	0.00955	0.00683	0.00909	0.01072	0.01127	0.00637	0.00721	0.01106	0.01534	0.02058	0.08692	0.67601	0.05281	0.02370	0.00984	0.00310	0.00444	0.02148	0.00729	0.00637
88	0.01185	0.00775	0.00958	0.00912	0.01094	0.00729	0.00684	0.01549	0.02052	0.03055	0.51234	0.05065	0.05982	0.01414	0.00821	0.00228	0.00365	0.01232	0.19936	0.00729
89	0.04871	0.35926	0.27034	0.01769	0.02603	0.02357	0.06248	0.02477	0.01648	0.06625	0.01357	0.01537	0.01059	0.00711	0.00630	0.00209	0.00956	0.00531	0.00382	0.01068
90	0.01022	0.00730	0.00988	0.01168	0.01247	0.00696	0.00854	0.01213	0.01561	0.02066	0.04231	0.56136	0.04959	0.02356	0.01010	0.00326	0.00517	0.17550	0.00718	0.00651
91	0.03479	0.01320	0.01799	0.01380	0.01979	0.01140	0.01140	0.03779	0.02219	0.68451	0.03059	0.02639	0.01919	0.00960	0.00780	0.00240	0.00660	0.00780	0.00960	0.01320
92	0.02078	0.31140	0.10251	0.02144	0.02888	0.02464	0.23152	0.12322	0.01994	0.02592	0.01399	0.01667	0.01106	0.00709	0.00706	0.00217	0.01026	0.00645	0.00422	0.01078
93	0.01891	0.02113	0.07517	0.11811	0.26761	0.09334	0.11063	0.04048	0.01748	0.02335	0.01429	0.01922	0.01173	0.01071	0.04768	0.00304	0.08580	0.00700	0.00386	0.01047
94	0.02078	0.01534	0.01840	0.01566	0.01892	0.01795	0.01267	0.17610	0.14664	0.08680	0.02139	0.02386	0.01676	0.01783	0.11526	0.00409	0.16292	0.00758	0.09067	0.01038
95	0.01143	0.00746	0.00857	0.00857	0.00857	0.00746	0.00484	0.01119	0.01119	0.01492	0.02366	0.04884	0.02716	0.67856	0.03882	0.06110	0.00746	0.01096	0.00461	0.00461
96	0.78228	0.01499	0.01140	0.01020	0.01499	0.01739	0.00840	0.02279	0.01320	0.03479	0.01080	0.01260	0.00840	0.00720	0.00480	0.00240	0.00600	0.00420	0.00480	0.00840
97	0.10621	0.15320	0.04972	0.01732	0.02165	0.26178	0.01461	0.06071	0.01854	0.06884	0.01303	0.01535	0.01066	0.00891	0.01010	0.00232	0.14758	0.00544	0.00441	0.00962
98	0.00989	0.00730	0.01006	0.05952	0.01421	0.00711	0.00821	0.01162	0.01524	0.02035	0.07207	0.64045	0.04951	0.02272	0.00971	0.00307	0.00486	0.02059	0.00700	0.00651
99	0.01616	0.01403	0.01728	0.05184	0.05505	0.01114	0.01064	0.01976	0.01613	0.02497	0.01382	0.01650	0.01146	0.00591	0.00595	0.00129	0.00618	0.00484	0.00449	0.69256
100	0.02001	0.01688	0.01998	0.18536	0.02899	0.01965	0.01498	0.14786	0.39163	0.03236	0.02485	0.02503	0.01850	0.00962	0.00783	0.00256	0.00760	0.00798	0.00678	0.01155
101	0.01846	0.06476	0.20212	0.02142	0.08488	0.01816	0.09212	0.07150	0.17527	0.05316	0.05634	0.02646	0.06201	0.00941	0.00784	0.00245	0.00869	0.00817	0.00560	0.01118
102	0.01873	0.01445	0.01673	0.01269	0.01871	0.01246	0.01010	0.13559	0.01998	0.06102	0.01860	0.09313	0.01646	0.00858	0.00666	0.00164	0.00616	0.00707	0.00570	0.51555

[dist]
# distance from previous block
# <min> <max>
2	9

[block]
# block no. 3 follows, 25 sequences, length 57
# corresponding to MSA columns:
# 317-373
name=unknown_D
#
# <colnr> <probs for GDERKNQSTAVLIFYWHMCP>
#	G	D	E	R	K	N	Q	S	T	A	V	L	I	F	Y	W	H	M	C	P
0	0.01439	0.01049	0.01263	0.01071	0.01453	0.00906	0.00826	0.01868	0.05679	0.07501	0.28914	0.07285	0.12648	0.01297	0.00800	0.00212	0.00470	0.01114	0.00717	0.23490
1	0.06420	0.06731	0.03866	0.01458	0.04646	0.01556	0.01153	0.05478	0.19196	0.09247	0.02126	0.02167	0.01616	0.00815	0.00659	0.00199	0.00635	0.00648	0.08690	0.22696
2	0.01239	0.00945	0.01182	0.01145	0.01405	0.00828	0.00864	0.01467	0.01537	0.02149	0.03104	0.26572	0.03451	0.12378	0.01330	0.00331	0.00593	0.15538	0.00604	0.23339
3	0.03922	0.25294	0.28235	0.01678	0.03793	0.01927	0.01786	0.02077	0.01574	0.02172	0.01971	0.18366	0.01978	0.01116	0.00713	0.00236	0.00856	0.00910	0.00428	0.00967
4	0.02168	0.01632	0.01856	0.01598	0.06101	0.04385	0.01187	0.08458	0.16100	0.13275	0.02072	0.02084	0.01550	0.00788	0.00689	0.00188	0.00679	0.00639	0.00631	0.33919
5	0.10402	0.01375	0.01897	0.02054	0.17513	0.01288	0.01310	0.02698	0.01953	0.27852	0.13793	0.02784	0.02528	0.00945	0.00749	0.00226	0.00655	0.00801	0.00704	0.08473
6	0.01445	0.01467	0.05198	0.27732	0.11164	0.01454	0.11148	0.01929	0.01789	0.02412	0.17199	0.03364	0.08350	0.01036	0.00838	0.00252	0.00856	0.00965	0.00506	0.00897
7	0.01128	0.00752	0.00846	0.00846	0.00846	0.00752	0.00470	0.01128	0.01128	0.01503	0.02443	0.05074	0.02819	0.72751	0.03946	0.00752	0.00752	0.01128	0.00470	0.00470
8	0.01555	0.01251	0.01410	0.01284	0.01602	0.01348	0.00986	0.06229	0.30627	0.03180	0.30254	0.07095	0.07240	0.01363	0.00854	0.00255	0.00507	0.01173	0.00809	0.00976
9	0.54695	0.01651	0.01457	0.01211	0.01740	0.01847	0.00997	0.17311	0.01896	0.03746	0.01288	0.01429	0.00976	0.00760	0.00557	0.00229	0.00658	0.00489	0.00549	0.06513
10	0.02944	0.02022	0.02216	0.01716	0.02320	0.02203	0.01412	0.52753	0.08016	0.13170	0.02114	0.02039	0.01474	0.00943	0.00777	0.00236	0.00810	0.00722	0.00801	0.01312
11	0.01762	0.50893	0.07981	0.01288	0.01871	0.02398	0.01274	0.02040	0.01600	0.01924	0.02399	0.08551	0.11311	0.01021	0.00621	0.00199	0.00753	0.00769	0.00424	0.00922
12	0.01355	0.01152	0.01637	0.02028	0.18885	0.01148	0.01215	0.01864	0.07627	0.02601	0.24156	0.04477	0.16308	0.01926	0.09818	0.00376	0.00763	0.01138	0.00641	0.00887
13	0.01455	0.01307	0.02000	0.48170	0.04101	0.01569	0.01762	0.02175	0.11305	0.02270	0.07811	0.08669	0.02153	0.01034	0.00808	0.00263	0.00860	0.00914	0.00489	0.00884
14	0.01137	0.00940	0.01385	0.06257	0.01724	0.00893	0.06596	0.01467	0.01883	0.02515	0.29179	0.15606	0.19427	0.01695	0.00928	0.00270	0.00543	0.06104	0.00715	0.00735
15	0.01572	0.01470	0.02238	0.13193	0.26212	0.01572	0.01704	0.01923	0.01604	0.02242	0.02480	0.06687	0.11289	0.01088	0.01073	0.00249	0.12332	0.00889	0.00448	0.09734
16	0.01982	0.45116	0.03019	0.01306	0.01784	0.09064	0.01150	0.05783	0.01652	0.01934	0.01457	0.02199	0.01444	0.17697	0.01347	0.00311	0.00869	0.00608	0.00397	0.00880
17	0.02425	0.36965	0.09827	0.01730	0.06297	0.11109	0.01530	0.02758	0.01815	0.16513	0.01582	0.01651	0.01211	0.00755	0.00627	0.00199	0.00904	0.00539	0.00481	0.01083
