[name]
unknown

[dist]
# distance from previous block
# <min> <max>
0	503

[block]
# block no. 0 follows, 24 sequences, length 6
# corresponding to MSA columns:
# 503-508
name=unknown_A
#
# <colnr> <probs for GDERKNQSTAVLIFYWHMCP>
#	G	D	E	R	K	N	Q	S	T	A	V	L	I	F	Y	W	H	M	C	P
0	0.16133	0.01460	0.01687	0.09026	0.02263	0.01605	0.01307	0.13375	0.11196	0.09197	0.05177	0.03989	0.02498	0.01257	0.00822	0.00280	0.00735	0.16287	0.00695	0.01011
1	0.12457	0.06403	0.02421	0.09396	0.19410	0.02027	0.01660	0.15817	0.12455	0.07522	0.01880	0.02039	0.01420	0.00847	0.00734	0.00242	0.00821	0.00689	0.00588	0.01174
2	0.01507	0.01162	0.01370	0.01257	0.01515	0.01255	0.00948	0.07329	0.18720	0.02899	0.24381	0.04222	0.04040	0.12206	0.13148	0.00505	0.00842	0.01092	0.00715	0.00886
3	0.01119	0.00884	0.01028	0.01102	0.01284	0.00857	0.00800	0.01590	0.10768	0.02267	0.05373	0.37522	0.24580	0.02113	0.00964	0.00300	0.00481	0.05475	0.00746	0.00744
4	0.01729	0.01549	0.02395	0.30157	0.21661	0.01756	0.01948	0.06516	0.08548	0.02496	0.01760	0.02289	0.01409	0.01543	0.10495	0.00399	0.01119	0.00747	0.00452	0.01033
5	0.01131	0.00775	0.00943	0.00981	0.01015	0.00784	0.00622	0.01204	0.01260	0.01692	0.02832	0.14963	0.03228	0.50311	0.10740	0.00736	0.00874	0.04837	0.00527	0.00545

[dist]
# distance from previous block
# <min> <max>
0	1

[block]
# block no. 1 follows, 24 sequences, length 27
# corresponding to MSA columns:
# 510-536
name=unknown_B
#
# <colnr> <probs for GDERKNQSTAVLIFYWHMCP>
#	G	D	E	R	K	N	Q	S	T	A	V	L	I	F	Y	W	H	M	C	P
0	0.01897	0.17345	0.06166	0.11771	0.23911	0.02176	0.20825	0.02404	0.01751	0.02344	0.01428	0.01874	0.01154	0.00702	0.00770	0.00235	0.01064	0.00710	0.00376	0.01098
1	0.77733	0.01534	0.01166	0.01043	0.01534	0.01779	0.00859	0.02331	0.01350	0.03558	0.01104	0.01288	0.00859	0.00736	0.00491	0.00245	0.00613	0.00429	0.00491	0.00859
2	0.02392	0.01234	0.01437	0.01166	0.01610	0.01177	0.00937	0.12376	0.02178	0.23646	0.02529	0.02575	0.01815	0.00912	0.00672	0.00205	0.00567	0.00726	0.32993	0.08853
3	0.02363	0.01939	0.12234	0.02106	0.12924	0.04497	0.01613	0.03062	0.10767	0.24925	0.12501	0.02902	0.02583	0.01006	0.00808	0.00247	0.00777	0.00850	0.00717	0.01180
4	0.01820	0.08816	0.03183	0.02333	0.02668	0.05258	0.20862	0.02153	0.01522	0.02107	0.01445	0.06343	0.01361	0.01143	0.01697	0.00297	0.34834	0.00835	0.00391	0.00932
5	0.01106	0.00749	0.00879	0.00925	0.00937	0.00737	0.00545	0.01141	0.01246	0.01661	0.02972	0.22001	0.03481	0.54504	0.03271	0.00656	0.00691	0.01432	0.00545	0.00522
6	0.01498	0.01409	0.02378	0.70226	0.05462	0.01762	0.02202	0.02026	0.01586	0.02026	0.01409	0.02114	0.01057	0.00793	0.00793	0.00264	0.01057	0.00705	0.00352	0.00881
7	0.01775	0.01780	0.03478	0.02615	0.03213	0.01739	0.40396	0.08285	0.01936	0.02630	0.02050	0.06904	0.01801	0.01724	0.11504	0.00431	0.01321	0.04940	0.00485	0.00993
8	0.01498	0.01409	0.02378	0.70226	0.05462	0.01762	0.02202	0.02026	0.01586	0.02026	0.01409	0.02114	0.01057	0.00793	0.00793	0.00264	0.01057	0.00705	0.00352	0.00881
9	0.00969	0.00730	0.00897	0.01012	0.01130	0.00658	0.00699	0.01140	0.01649	0.02136	0.09634	0.49060	0.22832	0.02291	0.00986	0.00302	0.00438	0.02034	0.00745	0.00658
10	0.01061	0.00808	0.00975	0.00933	0.01147	0.00722	0.00700	0.01377	0.02099	0.02835	0.47235	0.06491	0.27229	0.01750	0.00936	0.00256	0.00383	0.01514	0.00828	0.00722
11	0.01347	0.00815	0.00921	0.00908	0.01096	0.00807	0.00675	0.01808	0.05700	0.02957	0.22831	0.10599	0.04071	0.01303	0.00733	0.00223	0.00395	0.01114	0.40934	0.00764
12	0.03383	0.01630	0.02014	0.01544	0.02164	0.01582	0.01276	0.23409	0.02740	0.47525	0.02734	0.02443	0.01765	0.00972	0.00796	0.00243	0.00738	0.00771	0.00921	0.01349
13	0.01664	0.01410	0.01513	0.01406	0.01768	0.01567	0.01075	0.03272	0.45736	0.03007	0.08310	0.11301	0.11831	0.01394	0.00856	0.00273	0.00561	0.01187	0.00794	0.01074
14	0.00966	0.00690	0.00920	0.01104	0.01150	0.00644	0.00736	0.01104	0.01518	0.02024	0.04371	0.71614	0.05245	0.02484	0.01012	0.00322	0.00460	0.02254	0.00736	0.00644
15	0.02796	0.02001	0.02174	0.01729	0.02313	0.02206	0.01408	0.42881	0.19752	0.10696	0.02369	0.02257	0.01688	0.00987	0.00797	0.00247	0.00789	0.00770	0.00815	0.01324
16	0.42011	0.01679	0.01735	0.18776	0.02671	0.06240	0.01376	0.02244	0.01447	0.02814	0.01180	0.01574	0.00947	0.00855	0.00903	0.00263	0.11442	0.00545	0.00428	0.00870
17	0.01634	0.01549	0.02625	0.51046	0.23575	0.01798	0.02270	0.02146	0.01650	0.02192	0.01434	0.02070	0.01115	0.00767	0.00791	0.00256	0.01023	0.00705	0.00364	0.00991
18	0.01898	0.01526	0.02043	0.17053	0.09132	0.01432	0.01436	0.07915	0.01881	0.07095	0.01579	0.01876	0.01226	0.00705	0.00686	0.00182	0.00759	0.00590	0.00500	0.40487
19	0.00967	0.00748	0.00882	0.00968	0.01120	0.00664	0.00680	0.01151	0.01701	0.02170	0.11117	0.39024	0.31551	0.02211	0.00974	0.00293	0.00428	0.01940	0.00748	0.00664
20	0.01149	0.01173	0.07681	0.10132	0.01921	0.00942	0.01112	0.01496	0.01792	0.02426	0.20420	0.23687	0.16924	0.01722	0.00907	0.00273	0.00571	0.01509	0.03401	0.00762
21	0.00942	0.00786	0.00821	0.00848	0.01083	0.00666	0.00622	0.01133	0.01764	0.02125	0.07485	0.17210	0.57638	0.02080	0.00948	0.00276	0.00410	0.01761	0.00736	0.00666
22	0.09253	0.11510	0.18012	0.16798	0.03337	0.02059	0.09442	0.05918	0.11192	0.02678	0.01660	0.01937	0.01254	0.00798	0.00736	0.00247	0.00974	0.00670	0.00456	0.01067
23	0.09950	0.17050	0.07540	0.01828	0.02338	0.41292	0.01547	0.02822	0.01944	0.02126	0.01196	0.01417	0.01004	0.00803	0.00741	0.00211	0.04345	0.00500	0.00395	0.00950
24	0.00937	0.00803	0.00803	0.00803	0.01071	0.00669	0.00602	0.01138	0.01807	0.02142	0.08033	0.07632	0.66863	0.02008	0.00937	0.00268	0.00402	0.01674	0.00736	0.00669
25	0.01498	0.01409	0.02378	0.70226	0.05462	0.01762	0.02202	0.02026	0.01586	0.02026	0.01409	0.02114	0.01057	0.00793	0.00793	0.00264	0.01057	0.00705	0.00352	0.00881
26	0.07427	0.02180	0.12323	0.01719	0.02387	0.01921	0.01584	0.28514	0.02615	0.18827	0.01976	0.01987	0.01376	0.00918	0.00873	0.00241	0.05375	0.00678	0.00696	0.06383

[dist]
# distance from previous block
# <min> <max>
0	8

[block]
# block no. 2 follows, 24 sequences, length 54
# corresponding to MSA columns:
# 545-598
name=unknown_C
#
# <colnr> <probs for GDERKNQSTAVLIFYWHMCP>
#	G	D	E	R	K	N	Q	S	T	A	V	L	I	F	Y	W	H	M	C	P
0	0.01855	0.38317	0.36125	0.01809	0.02734	0.02489	0.02144	0.02443	0.01643	0.02189	0.01263	0.01473	0.01011	0.00716	0.00631	0.00210	0.01010	0.00505	0.00337	0.01095
1	0.01941	0.34584	0.13135	0.01494	0.02129	0.02290	0.01483	0.12718	0.01990	0.02545	0.02346	0.10161	0.08023	0.01075	0.00695	0.00221	0.00814	0.00832	0.00501	0.01021
2	0.01686	0.18262	0.46458	0.02041	0.03021	0.02050	0.05794	0.02414	0.01711	0.02422	0.05853	0.01906	0.01463	0.00793	0.00724	0.00235	0.01058	0.00629	0.00376	0.01105
3	0.02566	0.03328	0.21200	0.02102	0.02802	0.30729	0.06201	0.09417	0.02215	0.09730	0.01589	0.01738	0.01167	0.00821	0.00758	0.00230	0.01208	0.00614	0.00490	0.01094
4	0.01619	0.01375	0.01619	0.01194	0.01863	0.01047	0.00963	0.01972	0.01657	0.02569	0.01601	0.02146	0.01407	0.00697	0.00622	0.00134	0.00597	0.04686	0.00488	0.71742
5	0.77733	0.01534	0.01166	0.01043	0.01534	0.01779	0.00859	0.02331	0.01350	0.03558	0.01104	0.01288	0.00859	0.00736	0.00491	0.00245	0.00613	0.00429	0.00491	0.00859
6	0.00983	0.00730	0.00922	0.01067	0.01169	0.00669	0.00747	0.01150	0.01601	0.02074	0.05123	0.53747	0.18057	0.02364	0.01002	0.00314	0.00467	0.06425	0.00736	0.00656
7	0.01945	0.01647	0.02258	0.19158	0.15280	0.01868	0.01757	0.08482	0.22430	0.05171	0.02288	0.02809	0.01831	0.01013	0.00904	0.00268	0.04207	0.04970	0.00594	0.01120
8	0.07251	0.22395	0.22581	0.01888	0.06159	0.02038	0.04924	0.02561	0.01720	0.10361	0.01530	0.01695	0.01159	0.00732	0.00663	0.00211	0.00907	0.00566	0.00448	0.10213
9	0.01293	0.01182	0.05102	0.05464	0.01647	0.01235	0.01078	0.01484	0.01252	0.01769	0.02019	0.03643	0.02104	0.33476	0.21273	0.00776	0.13171	0.00932	0.00426	0.00672
10	0.01590	0.04102	0.68023	0.02260	0.03432	0.01842	0.02930	0.02511	0.01674	0.02511	0.01423	0.01674	0.01005	0.00753	0.00753	0.00251	0.01172	0.00586	0.00335	0.01172
11	0.06629	0.01221	0.01592	0.01275	0.01779	0.01085	0.01035	0.03162	0.02191	0.47982	0.15722	0.03555	0.06913	0.01156	0.00817	0.00248	0.00597	0.00956	0.00921	0.01167
12	0.06685	0.02753	0.02287	0.02067	0.07041	0.30045	0.01528	0.27178	0.02753	0.07786	0.01635	0.01734	0.01223	0.00869	0.00745	0.00225	0.01084	0.00620	0.00602	0.01138
13	0.01117	0.00764	0.00925	0.00959	0.00984	0.00774	0.00590	0.01177	0.01234	0.01663	0.02792	0.16965	0.03200	0.51390	0.11465	0.00750	0.00879	0.01315	0.00520	0.00538
14	0.00975	0.00697	0.00928	0.01098	0.01152	0.00650	0.00737	0.01126	0.01559	0.02089	0.07868	0.67932	0.05370	0.02436	0.01008	0.00318	0.00455	0.02208	0.00744	0.00650
15	0.01588	0.01502	0.02542	0.57492	0.17487	0.01786	0.02247	0.02105	0.01628	0.02136	0.01425	0.02085	0.01096	0.00776	0.00791	0.00259	0.01035	0.00705	0.00360	0.00954
16	0.00989	0.00706	0.00946	0.01130	0.01186	0.00663	0.00775	0.01143	0.01540	0.02049	0.04358	0.67101	0.05196	0.02463	0.01018	0.00325	0.00480	0.06546	0.00736	0.00650
17	0.01031	0.00752	0.00975	0.01075	0.01192	0.00697	0.00771	0.01256	0.01766	0.02370	0.21180	0.42349	0.12211	0.02182	0.00991	0.00301	0.00454	0.06993	0.00772	0.00681
18	0.02265	0.55574	0.06990	0.01507	0.02187	0.07161	0.01466	0.10597	0.01933	0.02314	0.01232	0.01385	0.01061	0.00727	0.00571	0.00185	0.00904	0.00476	0.00403	0.01063
19	0.04302	0.01924	0.02628	0.21546	0.13265	0.07543	0.09023	0.09294	0.12752	0.02739	0.01757	0.02108	0.01356	0.00868	0.00910	0.00258	0.05416	0.00740	0.00497	0.01075
20	0.01049	0.00780	0.00991	0.01099	0.01243	0.00722	0.00824	0.01283	0.01752	0.02292	0.14210	0.34804	0.18797	0.02193	0.01002	0.00309	0.00492	0.14717	0.00755	0.00683
21	0.02175	0.01804	0.01907	0.01655	0.02139	0.02067	0.01304	0.15967	0.53669	0.03645	0.02970	0.02753	0.02212	0.01052	0.00804	0.00263	0.00675	0.00861	0.00804	0.01273
22	0.02916	0.03166	0.02259	0.01948	0.02429	0.44140	0.01507	0.22209	0.06736	0.02973	0.01562	0.01674	0.01211	0.00875	0.00745	0.00219	0.01207	0.00598	0.00553	0.01073
23	0.77733	0.01534	0.01166	0.01043	0.01534	0.01779	0.00859	0.02331	0.01350	0.03558	0.01104	0.01288	0.00859	0.00736	0.00491	0.00245	0.00613	0.00429	0.00491	0.00859
24	0.02517	0.01798	0.01910	0.01534	0.02037	0.01981	0.01245	0.42140	0.10478	0.04301	0.02226	0.02285	0.01641	0.00960	0.00736	0.00229	0.00721	0.00741	0.19333	0.01188
25	0.01744	0.02307	0.16068	0.12487	0.10238	0.02016	0.23975	0.02317	0.01647	0.02333	0.01411	0.01941	0.01115	0.00859	0.01217	0.00277	0.15879	0.00760	0.00369	0.01039
26	0.01018	0.00790	0.00935	0.00988	0.01177	0.00706	0.00739	0.01256	0.01823	0.02338	0.17908	0.22917	0.33559	0.02070	0.00973	0.00288	0.00448	0.08620	0.00762	0.00685
27	0.01694	0.17448	0.55580	0.02084	0.03160	0.02094	0.02623	0.02485	0.01662	0.02386	0.01361	0.01596	0.01007	0.00739	0.00706	0.00235	0.01109	0.00554	0.00336	0.01142
28	0.00937	0.00803	0.00803	0.00803	0.01071	0.00669	0.00602	0.01138	0.01807	0.02142	0.08033	0.07632	0.66863	0.02008	0.00937	0.00268	0.00402	0.01674	0.00736	0.00669
29	0.02962	0.03779	0.02247	0.02043	0.02451	0.68948	0.01532	0.03166	0.02247	0.01941	0.01226	0.01430	0.01021	0.00817	0.00715	0.00204	0.01430	0.00511	0.00409	0.00919
30	0.01857	0.03627	0.53963	0.02135	0.03180	0.01881	0.02595	0.09157	0.05797	0.05969	0.01665	0.01825	0.01172	0.00805	0.00763	0.00251	0.01084	0.00628	0.00443	0.01204
31	0.02068	0.01682	0.01796	0.01601	0.02060	0.01924	0.01250	0.04193	0.61909	0.07217	0.03222	0.02943	0.02393	0.01070	0.00806	0.00268	0.00630	0.00891	0.00817	0.01261
32	0.77733	0.01534	0.01166	0.01043	0.01534	0.01779	0.00859	0.02331	0.01350	0.03558	0.01104	0.01288	0.00859	0.00736	0.00491	0.00245	0.00613	0.00429	0.00491	0.00859
33	0.01972	0.01703	0.01793	0.01614	0.02062	0.01972	0.01255	0.04214	0.65752	0.03317	0.03228	0.02959	0.02421	0.01076	0.00807	0.00269	0.00628	0.00897	0.00807	0.01255
34	0.01882	0.01703	0.02815	0.18562	0.16859	0.01797	0.15131	0.07686	0.09966	0.04777	0.08774	0.02601	0.02038	0.00891	0.00839	0.00255	0.00939	0.00860	0.00539	0.01085
35	0.00966	0.00690	0.00920	0.01104	0.01150	0.00644	0.00736	0.01104	0.01518	0.02024	0.04371	0.71614	0.05245	0.02484	0.01012	0.00322	0.00460	0.02254	0.00736	0.00644
36	0.01588	0.01467	0.02445	0.29488	0.30376	0.01595	0.02013	0.02017	0.01664	0.02261	0.02021	0.15591	0.01956	0.01086	0.00832	0.00264	0.00893	0.01007	0.00444	0.00991
37	0.01125	0.00810	0.01114	0.01130	0.01218	0.00891	0.00807	0.01306	0.01257	0.01760	0.02435	0.09630	0.02548	0.26717	0.42505	0.01032	0.01550	0.01066	0.00469	0.00630
38	0.02101	0.01829	0.03048	0.05778	0.26533	0.01848	0.16946	0.07614	0.11017	0.08465	0.05192	0.02407	0.01778	0.00841	0.00834	0.00251	0.00941	0.00833	0.00557	0.01187
39	0.01644	0.01409	0.01644	0.01175	0.01879	0.01057	0.00940	0.01997	0.01644	0.02584	0.01409	0.01644	0.01175	0.00587	0.00587	0.00117	0.00587	0.00470	0.00470	0.76979
40	0.77733	0.01534	0.01166	0.01043	0.01534	0.01779	0.00859	0.02331	0.01350	0.03558	0.01104	0.01288	0.00859	0.00736	0.00491	0.00245	0.00613	0.00429	0.00491	0.00859
41	0.01089	0.00770	0.00926	0.00951	0.01026	0.00747	0.00617	0.01213	0.01466	0.01964	0.13227	0.17633	0.10852	0.36458	0.07134	0.00588	0.00705	0.01434	0.00611	0.00587
42	0.00986	0.00774	0.00892	0.00927	0.01118	0.00680	0.00671	0.01208	0.01826	0.02340	0.20064	0.24484	0.37108	0.02051	0.00957	0.00278	0.00411	0.01777	0.00767	0.00680
43	0.01718	0.01545	0.01417	0.01358	0.01622	0.14245	0.01006	0.02316	0.13400	0.06214	0.19119	0.23052	0.06611	0.01591	0.00884	0.00265	0.00668	0.01364	0.00733	0.00874
44	0.77733	0.01534	0.01166	0.01043	0.01534	0.01779	0.00859	0.02331	0.01350	0.03558	0.01104	0.01288	0.00859	0.00736	0.00491	0.00245	0.00613	0.00429	0.00491	0.00859
45	0.77733	0.01534	0.01166	0.01043	0.01534	0.01779	0.00859	0.02331	0.01350	0.03558	0.01104	0.01288	0.00859	0.00736	0.00491	0.00245	0.00613	0.00429	0.00491	0.00859
46	0.02037	0.05699	0.02464	0.22160	0.11723	0.06229	0.03962	0.14507	0.13023	0.02902	0.02204	0.02443	0.05357	0.00925	0.00788	0.00248	0.00916	0.00779	0.00548	0.01087
47	0.01098	0.01085	0.05638	0.01093	0.01362	0.00917	0.00914	0.01384	0.01712	0.02244	0.15481	0.05676	0.34284	0.05239	0.14382	0.00483	0.04309	0.01331	0.00641	0.00727
48	0.01982	0.08974	0.30142	0.02229	0.03082	0.05684	0.14273	0.07099	0.11509	0.04752	0.01777	0.01957	0.01311	0.00803	0.00778	0.00246	0.01073	0.00698	0.00475	0.01155
49	0.01622	0.01547	0.02124	0.01845	0.01845	0.02105	0.01491	0.01761	0.01203	0.01836	0.01325	0.02408	0.01400	0.15170	0.02882	0.00429	0.57060	0.00783	0.00373	0.00792
50	0.02194	0.48063	0.07034	0.01520	0.02118	0.02695	0.01466	0.02579	0.04836	0.09340	0.01444	0.01598	0.01196	0.00829	0.00844	0.00211	0.10008	0.00534	0.00435	0.01055
51	0.01478	0.00739	0.00739	0.00739	0.00924	0.00739	0.00554	0.01848	0.01663	0.02956	0.02587	0.02956	0.02033	0.00924	0.00554	0.00185	0.00370	0.00739	0.76534	0.00739
52	0.52965	0.01728	0.01444	0.01213	0.01749	0.05734	0.00987	0.09583	0.01725	0.03481	0.01251	0.01423	0.00974	0.00743	0.00554	0.00223	0.00688	0.00474	0.00518	0.12543
53	0.01947	0.02000	0.06670	0.05534	0.02356	0.09491	0.03770	0.06369	0.34725	0.03061	0.12647	0.03026	0.02779	0.01071	0.00816	0.00255	0.00782	0.00896	0.00696	0.01107

[dist]
# distance from previous block
# <min> <max>
0	16

[block]
# block no. 3 follows, 24 sequences, length 28
# corresponding to MSA columns:
# 615-642
name=unknown_D
#
# <colnr> <probs for GDERKNQSTAVLIFYWHMCP>
#	G	D	E	R	K	N	Q	S	T	A	V	L	I	F	Y	W	H	M	C	P
0	0.18848	0.02206	0.14551	0.02304	0.16537	0.01831	0.01751	0.14829	0.02074	0.07250	0.01566	0.01757	0.01174	0.00774	0.00695	0.00229	0.00843	0.00603	0.00528	0.09651
1	0.01524	0.01446	0.02384	0.62599	0.05083	0.01836	0.02150	0.02013	0.01544	0.02013	0.01368	0.02072	0.01055	0.00859	0.00995	0.00274	0.08849	0.00704	0.00352	0.00879
2	0.22139	0.01707	0.01899	0.01519	0.02039	0.01860	0.01256	0.21848	0.02363	0.24745	0.02002	0.01987	0.01389	0.00955	0.00920	0.00254	0.08554	0.00666	0.00727	0.01170
3	0.01003	0.00798	0.00899	0.00890	0.01115	0.00695	0.00661	0.01258	0.01938	0.02490	0.27897	0.11314	0.42424	0.01908	0.00942	0.00265	0.00396	0.01630	0.00783	0.00695
4	0.73164	0.01576	0.01240	0.01091	0.01590	0.01821	0.00898	0.06135	0.01495	0.03646	0.01153	0.01326	0.00889	0.00749	0.00509	0.00245	0.00629	0.00447	0.00509	0.00889
5	0.01331	0.00719	0.01079	0.01079	0.01105	0.00746	0.00746	0.01105	0.01079	0.01465	0.01518	0.02543	0.01491	0.03356	0.15516	0.62672	0.00959	0.00719	0.00360	0.00413
6	0.01130	0.00771	0.00924	0.00945	0.00969	0.00784	0.00576	0.01182	0.01210	0.01632	0.02659	0.12353	0.03030	0.55723	0.12151	0.00785	0.00911	0.01237	0.00502	0.00528
7	0.00987	0.00724	0.00927	0.01048	0.01145	0.00664	0.00721	0.01170	0.01670	0.02222	0.14692	0.52970	0.13569	0.02287	0.00990	0.00304	0.00439	0.02050	0.00758	0.00664
8	0.01612	0.09659	0.42411	0.02146	0.03045	0.01806	0.09341	0.02338	0.01719	0.02428	0.01937	0.03059	0.01699	0.01008	0.00815	0.00267	0.01077	0.12154	0.00417	0.01063
9	0.44564	0.01375	0.01321	0.01116	0.01604	0.01434	0.00906	0.02445	0.01685	0.15023	0.11676	0.02299	0.02118	0.00902	0.00625	0.00233	0.00585	0.00656	0.00637	0.08798
10	0.00968	0.00751	0.00882	0.00963	0.01119	0.00665	0.00679	0.01156	0.01712	0.02184	0.11812	0.37589	0.32295	0.02196	0.00972	0.00292	0.00427	0.01925	0.00749	0.00665
11	0.01484	0.00844	0.01131	0.01155	0.01338	0.00771	0.00840	0.01708	0.01808	0.14309	0.16040	0.43769	0.05041	0.02032	0.00962	0.00296	0.00495	0.04374	0.00807	0.00797
12	0.02166	0.01336	0.01631	0.01212	0.01845	0.01061	0.00977	0.02507	0.01844	0.21284	0.04086	0.02158	0.01652	0.00752	0.00657	0.00162	0.00593	0.00610	0.04838	0.48628
13	0.00966	0.00690	0.00920	0.01104	0.01150	0.00644	0.00736	0.01104	0.01518	0.02024	0.04371	0.71614	0.05245	0.02484	0.01012	0.00322	0.00460	0.02254	0.00736	0.00644
14	0.03242	0.01275	0.01734	0.01365	0.01917	0.01107	0.01112	0.03544	0.02224	0.59547	0.07495	0.06934	0.02527	0.01112	0.00819	0.00250	0.00642	0.00925	0.00960	0.01268
15	0.01519	0.01194	0.01425	0.01137	0.01652	0.00939	0.00877	0.01820	0.01694	0.05265	0.06464	0.15793	0.06494	0.01121	0.00721	0.00180	0.00542	0.00962	0.00584	0.49616
16	0.01153	0.00769	0.00865	0.00865	0.00865	0.00769	0.00480	0.01153	0.01153	0.01538	0.02499	0.05189	0.02883	0.72131	0.04036	0.00769	0.00769	0.01153	0.00480	0.00480
17	0.46850	0.01515	0.01482	0.01223	0.01767	0.01610	0.01009	0.07016	0.01829	0.26062	0.01864	0.01822	0.01277	0.00836	0.00618	0.00245	0.00652	0.00577	0.00682	0.01063
18	0.02222	0.01948	0.03192	0.04650	0.61187	0.01910	0.02379	0.02621	0.01929	0.06979	0.01764	0.02236	0.01460	0.00839	0.00855	0.00267	0.00972	0.00763	0.00490	0.01337
19	0.01654	0.02010	0.18171	0.05737	0.09221	0.01471	0.07570	0.02400	0.10072	0.06851	0.10556	0.15489	0.02898	0.01229	0.00856	0.00267	0.00822	0.01107	0.00593	0.01027
20	0.02044	0.01508	0.01707	0.01256	0.01931	0.04193	0.01007	0.02381	0.01783	0.14097	0.01706	0.01821	0.01307	0.00668	0.00630	0.00144	0.00641	0.00530	0.00558	0.60088
21	0.01300	0.00953	0.01157	0.01206	0.01352	0.00965	0.00848	0.09004	0.06121	0.02478	0.06005	0.51871	0.04502	0.06819	0.01171	0.00336	0.00539	0.01875	0.00735	0.00763
22	0.01776	0.02144	0.12638	0.09019	0.10937	0.06333	0.08876	0.04912	0.01809	0.02506	0.11596	0.02479	0.02103	0.01046	0.01261	0.00272	0.18026	0.00812	0.00463	0.00993
23	0.01880	0.00963	0.01233	0.01123	0.01439	0.00847	0.00855	0.02128	0.01959	0.24949	0.14515	0.22565	0.18899	0.01719	0.00908	0.00272	0.00507	0.01487	0.00842	0.00910
24	0.01892	0.01559	0.01691	0.01499	0.01908	0.01751	0.01169	0.09940	0.45103	0.03463	0.17236	0.03508	0.03435	0.01184	0.00834	0.00261	0.00597	0.00997	0.00820	0.01152
25	0.01039	0.00721	0.00899	0.01011	0.01039	0.00693	0.00636	0.01123	0.01376	0.01834	0.03640	0.45704	0.04323	0.29651	0.02192	0.00496	0.00580	0.01825	0.00636	0.00580
26	0.02008	0.12639	0.02344	0.13110	0.06051	0.02064	0.01470	0.14363	0.23193	0.02990	0.02300	0.06886	0.01920	0.04129	0.00910	0.00271	0.00791	0.00847	0.00615	0.01100
27	0.69365	0.01785	0.01287	0.01155	0.01636	0.09296	0.00934	0.02425	0.01450	0.03377	0.01118	0.01304	0.00877	0.00745	0.00516	0.00241	0.00705	0.00438	0.00482	0.00866

[dist]
# distance from previous block
# <min> <max>
7	10

[block]
# block no. 4 follows, 24 sequences, length 20
# corresponding to MSA columns:
# 657-676
name=unknown_E
#
# <colnr> <probs for GDERKNQSTAVLIFYWHMCP>
#	G	D	E	R	K	N	Q	S	T	A	V	L	I	F	Y	W	H	M	C	P
0	0.01668	0.01330	0.01517	0.06240	0.01936	0.04072	0.01035	0.06894	0.01995	0.06460	0.13202	0.06220	0.13849	0.01206	0.00788	0.00213	0.00622	0.03489	0.00644	0.26621
1	0.08404	0.02137	0.02252	0.01754	0.02365	0.02377	0.01443	0.56019	0.07644	0.04782	0.01933	0.01928	0.01383	0.00944	0.00772	0.00241	0.00838	0.00705	0.00772	0.01307
2	0.01629	0.00992	0.01248	0.01099	0.01395	0.00921	0.00851	0.06005	0.02299	0.13847	0.45569	0.05312	0.12649	0.01514	0.00903	0.00250	0.00460	0.01308	0.00871	0.00879
3	0.02120	0.72609	0.04155	0.01357	0.02035	0.03138	0.01357	0.02374	0.01611	0.01866	0.01102	0.01272	0.01018	0.00678	0.00509	0.00170	0.00848	0.00424	0.00339	0.01018
4	0.02047	0.01524	0.01612	0.01417	0.01770	0.08979	0.01113	0.13633	0.03771	0.12355	0.02942	0.03292	0.10235	0.05282	0.25634	0.00633	0.01289	0.00897	0.00627	0.00948
5	0.01082	0.00749	0.00899	0.00943	0.01023	0.00705	0.00614	0.01148	0.01445	0.01886	0.08469	0.22988	0.16659	0.26999	0.02289	0.08827	0.00576	0.01519	0.00612	0.00566
6	0.02035	0.01986	0.02899	0.17667	0.44082	0.08077	0.02238	0.06836	0.01938	0.02587	0.01480	0.01940	0.01201	0.00752	0.00781	0.00239	0.01005	0.00689	0.00414	0.01155
7	0.02749	0.01419	0.01942	0.08085	0.09363	0.01360	0.01354	0.07515	0.04825	0.38912	0.03346	0.03161	0.10220	0.01069	0.00814	0.00249	0.00716	0.00891	0.00807	0.01204
8	0.07380	0.01473	0.01650	0.01420	0.01773	0.01647	0.01131	0.16583	0.15585	0.03423	0.21542	0.03740	0.09059	0.01298	0.01026	0.00263	0.08236	0.01024	0.00744	0.01005
9	0.01987	0.01439	0.01608	0.01459	0.01857	0.01568	0.01145	0.03453	0.40904	0.11958	0.03602	0.04060	0.07110	0.06303	0.01076	0.00312	0.00640	0.07609	0.00795	0.01115
10	0.01276	0.00841	0.01072	0.01110	0.01302	0.00740	0.00784	0.01459	0.01630	0.08149	0.04301	0.51198	0.10691	0.02091	0.00938	0.00287	0.00488	0.01867	0.00730	0.09045
11	0.01588	0.01410	0.01832	0.01334	0.02000	0.01102	0.06739	0.01953	0.01683	0.02532	0.02151	0.02344	0.08348	0.00750	0.00658	0.00148	0.00636	0.00644	0.00493	0.61657
12	0.01004	0.00752	0.00939	0.01077	0.01176	0.00705	0.00737	0.01243	0.04311	0.02099	0.04914	0.58332	0.15089	0.02347	0.00991	0.00311	0.00458	0.02102	0.00739	0.00674
13	0.01060	0.00746	0.00938	0.01037	0.01129	0.00723	0.00717	0.01225	0.01492	0.02022	0.04141	0.38388	0.11747	0.13688	0.08873	0.00482	0.00688	0.04214	0.06053	0.00639
14	0.02120	0.01737	0.02966	0.10341	0.32123	0.01722	0.12876	0.05398	0.01955	0.12613	0.02239	0.02523	0.06006	0.00855	0.00825	0.00248	0.00940	0.00830	0.00523	0.01162
15	0.01921	0.01774	0.03016	0.02988	0.19869	0.01976	0.16487	0.02287	0.01600	0.07022	0.01548	0.02202	0.01332	0.05932	0.01693	0.00320	0.25785	0.00794	0.00427	0.01027
16	0.01182	0.00758	0.00887	0.00887	0.00887	0.00758	0.00508	0.01138	0.01138	0.01517	0.02353	0.04828	0.02687	0.63107	0.03914	0.10676	0.00758	0.01093	0.00463	0.00463
17	0.77733	0.01534	0.01166	0.01043	0.01534	0.01779	0.00859	0.02331	0.01350	0.03558	0.01104	0.01288	0.00859	0.00736	0.00491	0.00245	0.00613	0.00429	0.00491	0.00859
18	0.01177	0.00807	0.00979	0.00991	0.01192	0.00716	0.00721	0.01410	0.01861	0.06939	0.21697	0.27049	0.27561	0.01987	0.00951	0.00279	0.00432	0.01734	0.00789	0.00729
19	0.27701	0.18590	0.16933	0.01517	0.02216	0.02162	0.01537	0.08117	0.07138	0.05296	0.01495	0.01615	0.01141	0.00783	0.00618	0.00230	0.00818	0.00540	0.00492	0.01059

[dist]
# distance from previous block
# <min> <max>
1	12

[block]
# block no. 5 follows, 24 sequences, length 10
# corresponding to MSA columns:
# 699-708
name=unknown_F
#
# <colnr> <probs for GDERKNQSTAVLIFYWHMCP>
#	G	D	E	R	K	N	Q	S	T	A	V	L	I	F	Y	W	H	M	C	P
0	0.01451	0.00983	0.01214	0.01085	0.01413	0.00838	0.00812	0.01743	0.01797	0.07550	0.17786	0.23471	0.03996	0.01453	0.00806	0.00225	0.00484	0.01274	0.08699	0.22922
1	0.02299	0.17301	0.05102	0.17771	0.03161	0.05093	0.06623	0.16110	0.07056	0.09349	0.01768	0.01966	0.01314	0.00833	0.00739	0.00234	0.00943	0.00676	0.00548	0.01114
2	0.01218	0.00970	0.01082	0.01103	0.01302	0.00978	0.00784	0.01846	0.16541	0.02295	0.04916	0.28047	0.22179	0.11400	0.01350	0.00354	0.00524	0.01620	0.00718	0.00772
3	0.01777	0.02410	0.18087	0.10237	0.12977	0.06926	0.13604	0.02413	0.04544	0.02472	0.07993	0.02319	0.01796	0.00903	0.00998	0.00260	0.08013	0.00785	0.00439	0.01045
4	0.01645	0.00935	0.01178	0.01046	0.01352	0.00826	0.00809	0.01960	0.02142	0.17985	0.37323	0.05596	0.20950	0.01568	0.00904	0.00253	0.00451	0.01345	0.00864	0.00869
5	0.01616	0.01422	0.02249	0.09832	0.33087	0.01453	0.01734	0.05383	0.01825	0.02524	0.06042	0.23981	0.02836	0.01336	0.00866	0.00266	0.00767	0.01231	0.00545	0.01004
6	0.01646	0.01582	0.02822	0.13243	0.31475	0.01599	0.13098	0.02083	0.01718	0.02367	0.02172	0.18268	0.02148	0.01127	0.00866	0.00266	0.00917	0.01109	0.00468	0.01025
7	0.01978	0.01395	0.02253	0.54169	0.04660	0.01623	0.01960	0.02455	0.01745	0.17358	0.01811	0.02251	0.01268	0.00837	0.00794	0.00260	0.00968	0.00726	0.00499	0.00990
8	0.54532	0.01476	0.01377	0.01158	0.01687	0.01587	0.00955	0.02811	0.01637	0.23631	0.01737	0.01729	0.01204	0.00813	0.00587	0.00245	0.00633	0.00545	0.00644	0.01012
9	0.10097	0.01134	0.01387	0.01163	0.01588	0.01056	0.00928	0.02850	0.01977	0.36294	0.07746	0.08102	0.02539	0.01107	0.00737	0.00237	0.00558	0.00906	0.18534	0.01059

[dist]
# distance from previous block
# <min> <max>
0	14

[block]
# block no. 6 follows, 24 sequences, length 15
# corresponding to MSA columns:
# 723-737
name=unknown_G
#
# <colnr> <probs for GDERKNQSTAVLIFYWHMCP>
#	G	D	E	R	K	N	Q	S	T	A	V	L	I	F	Y	W	H	M	C	P
0	0.02423	0.02033	0.11292	0.01570	0.02284	0.08026	0.03551	0.02836	0.01928	0.24512	0.01980	0.02001	0.01402	0.00770	0.00707	0.00193	0.00810	0.00617	0.00615	0.30449
1	0.01877	0.01547	0.01769	0.01285	0.01978	0.01295	0.01036	0.12611	0.01998	0.02994	0.01493	0.01688	0.01204	0.00649	0.00622	0.00138	0.00636	0.00511	0.00525	0.64143
2	0.04830	0.01591	0.05116	0.04287	0.01922	0.10414	0.01171	0.04774	0.01903	0.18924	0.03120	0.32378	0.03108	0.01583	0.00866	0.00274	0.00734	0.01360	0.00709	0.00936
3	0.57485	0.01434	0.01291	0.01128	0.01605	0.01596	0.00924	0.02500	0.01498	0.14278	0.01550	0.01710	0.01159	0.01299	0.07392	0.00348	0.00775	0.00534	0.00567	0.00927
4	0.57116	0.01439	0.01335	0.12760	0.02154	0.01665	0.01061	0.02160	0.01435	0.03156	0.01849	0.02063	0.07492	0.00873	0.00587	0.00251	0.00668	0.00601	0.00492	0.00844
5	0.77733	0.01534	0.01166	0.01043	0.01534	0.01779	0.00859	0.02331	0.01350	0.03558	0.01104	0.01288	0.00859	0.00736	0.00491	0.00245	0.00613	0.00429	0.00491	0.00859
6	0.01868	0.02879	0.25262	0.08332	0.09713	0.13193	0.13723	0.02462	0.01813	0.02373	0.04244	0.04508	0.01499	0.00872	0.00878	0.00252	0.03920	0.00760	0.00404	0.01045
7	0.01083	0.00809	0.01006	0.00957	0.01161	0.00732	0.00718	0.01421	0.02153	0.02962	0.54431	0.06282	0.19954	0.01702	0.00936	0.00253	0.00380	0.01484	0.00844	0.00732
8	0.01178	0.01538	0.14576	0.01230	0.01651	0.01039	0.01178	0.01626	0.03914	0.02472	0.19146	0.07548	0.33719	0.01627	0.00967	0.00265	0.03490	0.01352	0.00671	0.00815
9	0.01079	0.00738	0.00887	0.00960	0.00978	0.00719	0.00582	0.01134	0.01298	0.01730	0.03240	0.31497	0.03818	0.44547	0.02838	0.00592	0.00647	0.01589	0.00582	0.00545
10	0.01926	0.01813	0.02017	0.23524	0.03133	0.11290	0.01578	0.09017	0.19151	0.02633	0.02044	0.02392	0.01605	0.01755	0.12245	0.00424	0.01155	0.00754	0.00540	0.01006
11	0.01608	0.00864	0.00878	0.00831	0.01054	0.00885	0.00635	0.07151	0.01838	0.03129	0.02529	0.02867	0.01975	0.00926	0.00575	0.00189	0.00412	0.00737	0.70126	0.00791
12	0.01985	0.01451	0.01891	0.01367	0.02063	0.01142	0.05437	0.02352	0.01766	0.13638	0.01715	0.01858	0.01310	0.00660	0.00647	0.00150	0.00655	0.00558	0.00552	0.58802
13	0.01372	0.01247	0.01322	0.01190	0.01538	0.05739	0.02737	0.01864	0.09511	0.02426	0.10064	0.15148	0.26857	0.01571	0.00858	0.00245	0.00567	0.01341	0.00678	0.13723
14	0.01241	0.00853	0.01042	0.00993	0.01237	0.00762	0.00765	0.01550	0.02066	0.07307	0.37574	0.06501	0.27350	0.01750	0.00938	0.00264	0.00430	0.05790	0.00823	0.00762

[dist]
# distance from previous block
# <min> <max>
0	1

[block]
# block no. 7 follows, 24 sequences, length 28
# corresponding to MSA columns:
# 739-766
name=unknown_H
#
# <colnr> <probs for GDERKNQSTAVLIFYWHMCP>
#	G	D	E	R	K	N	Q	S	T	A	V	L	I	F	Y	W	H	M	C	P
0	0.01627	0.01578	0.02736	0.49722	0.09097	0.01825	0.11623	0.02320	0.07174	0.02254	0.01601	0.02181	0.01210	0.00792	0.00815	0.00263	0.01055	0.00757	0.00402	0.00967
1	0.01771	0.02915	0.33186	0.02684	0.09152	0.01849	0.20867	0.06854	0.01938	0.02759	0.06839	0.02201	0.01638	0.00809	0.00828	0.00253	0.01114	0.00779	0.00436	0.01127
2	0.00966	0.00690	0.00920	0.01104	0.01150	0.00644	0.00736	0.01104	0.01518	0.02024	0.04371	0.71614	0.05245	0.02484	0.01012	0.00322	0.00460	0.02254	0.00736	0.00644
3	0.01973	0.08783	0.06225	0.21588	0.16262	0.06534	0.16543	0.08004	0.01939	0.02525	0.01475	0.01926	0.01148	0.00750	0.00791	0.00243	0.01094	0.00715	0.00413	0.01069
4	0.02406	0.01705	0.01945	0.01449	0.02115	0.01596	0.01181	0.25644	0.02506	0.11960	0.01818	0.01879	0.01342	0.00775	0.00692	0.00179	0.00705	0.00604	0.00657	0.38842
5	0.01252	0.00851	0.00962	0.00907	0.01180	0.00739	0.00690	0.01518	0.01959	0.08390	0.23063	0.06479	0.41615	0.01754	0.00904	0.00256	0.00417	0.01480	0.04826	0.00756
6	0.02062	0.19310	0.15429	0.01823	0.02337	0.05843	0.01759	0.04360	0.04926	0.08126	0.01499	0.01792	0.01219	0.01137	0.03354	0.00290	0.22630	0.00623	0.00443	0.01038
7	0.01054	0.00699	0.00931	0.01064	0.01097	0.00666	0.00698	0.01099	0.01398	0.01864	0.03673	0.52689	0.04350	0.10941	0.01706	0.12442	0.00533	0.01875	0.00644	0.00577
8	0.01490	0.07614	0.01566	0.01224	0.01559	0.01389	0.00964	0.02495	0.24734	0.02972	0.30409	0.04675	0.12991	0.01393	0.00851	0.00252	0.00511	0.01183	0.00783	0.00943
9	0.02079	0.44058	0.24561	0.01653	0.02485	0.02541	0.01847	0.02553	0.01691	0.08025	0.01389	0.01531	0.01099	0.00730	0.00614	0.00203	0.00937	0.00510	0.00396	0.01097
10	0.01821	0.06033	0.22766	0.01544	0.02290	0.01445	0.01593	0.05107	0.01829	0.08933	0.07564	0.02372	0.01881	0.05579	0.00928	0.00236	0.00801	0.00680	0.00521	0.26079
11	0.77733	0.01534	0.01166	0.01043	0.01534	0.01779	0.00859	0.02331	0.01350	0.03558	0.01104	0.01288	0.00859	0.00736	0.00491	0.00245	0.00613	0.00429	0.00491	0.00859
12	0.01243	0.00965	0.01364	0.06489	0.11153	0.00969	0.00999	0.01440	0.01532	0.02090	0.11800	0.22468	0.03793	0.27806	0.02073	0.00461	0.00677	0.01391	0.00582	0.00706
13	0.01010	0.00803	0.00885	0.00866	0.01088	0.00701	0.00636	0.01246	0.01884	0.02402	0.25066	0.06924	0.43976	0.07604	0.01189	0.00303	0.00423	0.01560	0.00756	0.00677
14	0.01963	0.01884	0.03219	0.04867	0.67185	0.01884	0.02434	0.02434	0.01806	0.02591	0.01492	0.01963	0.01256	0.00707	0.00785	0.00236	0.00942	0.00707	0.00393	0.01256
15	0.01498	0.01409	0.02378	0.70226	0.05462	0.01762	0.02202	0.02026	0.01586	0.02026	0.01409	0.02114	0.01057	0.00793	0.00793	0.00264	0.01057	0.00705	0.00352	0.00881
16	0.01028	0.00807	0.00930	0.00899	0.01127	0.00708	0.00674	0.01315	0.02023	0.02654	0.36995	0.06789	0.37582	0.01817	0.00936	0.00259	0.00388	0.01555	0.00804	0.00708
17	0.01498	0.01409	0.02378	0.70226	0.05462	0.01762	0.02202	0.02026	0.01586	0.02026	0.01409	0.02114	0.01057	0.00793	0.00793	0.00264	0.01057	0.00705	0.00352	0.00881
18	0.77733	0.01534	0.01166	0.01043	0.01534	0.01779	0.00859	0.02331	0.01350	0.03558	0.01104	0.01288	0.00859	0.00736	0.00491	0.00245	0.00613	0.00429	0.00491	0.00859
19	0.01545	0.01376	0.01377	0.01270	0.01553	0.08619	0.00964	0.02389	0.19060	0.03043	0.40642	0.04699	0.07479	0.01401	0.00877	0.00250	0.00559	0.01198	0.00799	0.00899
20	0.03135	0.01248	0.01683	0.01323	0.01859	0.01089	0.01080	0.03454	0.02235	0.56032	0.11371	0.03131	0.02684	0.01062	0.00803	0.00243	0.00620	0.00877	0.04830	0.01240
21	0.01102	0.00837	0.01171	0.01161	0.01328	0.00905	0.00895	0.01387	0.01506	0.02096	0.13182	0.04228	0.12473	0.04682	0.48175	0.00964	0.01593	0.01064	0.00542	0.00709
22	0.02269	0.01610	0.01701	0.01415	0.01857	0.01776	0.01133	0.30183	0.16799	0.03942	0.02426	0.02490	0.01815	0.00970	0.00716	0.00227	0.00650	0.00763	0.26134	0.01124
23	0.01851	0.01362	0.01492	0.01389	0.01751	0.01510	0.01100	0.03314	0.39321	0.06531	0.03218	0.03785	0.02612	0.01194	0.00791	0.00263	0.00588	0.09416	0.17440	0.01073
24	0.01644	0.01589	0.02783	0.48428	0.20490	0.01813	0.07611	0.02170	0.01664	0.02209	0.01446	0.02079	0.01118	0.00761	0.00803	0.00257	0.01053	0.00725	0.00366	0.00989
25	0.01229	0.00926	0.01097	0.01029	0.01266	0.00872	0.00776	0.07061	0.02197	0.02961	0.39503	0.11688	0.22937	0.01741	0.00930	0.00260	0.00434	0.01505	0.00817	0.00772
26	0.02504	0.01750	0.01944	0.01529	0.02067	0.01833	0.01244	0.39779	0.03065	0.09981	0.12419	0.03066	0.07976	0.01123	0.00814	0.00235	0.00719	0.00898	0.00796	0.06258
27	0.01972	0.01603	0.01820	0.01330	0.02018	0.01392	0.01075	0.16942	0.02142	0.03161	0.01528	0.01706	0.01216	0.00674	0.00636	0.00146	0.00655	0.00528	0.00547	0.58907

[dist]
# distance from previous block
# <min> <max>
0	1

[block]
# block no. 8 follows, 24 sequences, length 30
# corresponding to MSA columns:
# 809-838
name=unknown_I
#
# <colnr> <probs for GDERKNQSTAVLIFYWHMCP>
#	G	D	E	R	K	N	Q	S	T	A	V	L	I	F	Y	W	H	M	C	P
0	0.02216	0.01820	0.03087	0.02314	0.02925	0.01793	0.29170	0.18804	0.02394	0.10663	0.06641	0.10011	0.02203	0.01044	0.00891	0.00262	0.00976	0.01040	0.00640	0.01107
1	0.01660	0.01344	0.01538	0.01444	0.01730	0.01510	0.01118	0.07564	0.28647	0.02783	0.03330	0.11898	0.05720	0.09301	0.05067	0.00398	0.04546	0.08733	0.00704	0.00967
2	0.07485	0.01607	0.01956	0.01508	0.02121	0.01567	0.01246	0.21014	0.02633	0.46384	0.02669	0.02396	0.01728	0.00960	0.00779	0.00243	0.00728	0.00753	0.00901	0.01322
3	0.03061	0.07871	0.02271	0.01829	0.02310	0.46559	0.01423	0.03296	0.02209	0.19276	0.01719	0.01754	0.01269	0.00851	0.00723	0.00213	0.01191	0.00580	0.00555	0.01039
4	0.01498	0.01409	0.02378	0.70226	0.05462	0.01762	0.02202	0.02026	0.01586	0.02026	0.01409	0.02114	0.01057	0.00793	0.00793	0.00264	0.01057	0.00705	0.00352	0.00881
5	0.01220	0.00831	0.00948	0.00901	0.01151	0.00735	0.00682	0.01508	0.01974	0.06474	0.28010	0.06196	0.34466	0.01685	0.00884	0.00250	0.00404	0.01429	0.09505	0.00746
6	0.01839	0.00975	0.01254	0.01090	0.01423	0.00863	0.00851	0.02161	0.02174	0.22855	0.36718	0.05236	0.16370	0.01493	0.00893	0.00251	0.00472	0.01281	0.00882	0.00919
7	0.01939	0.22594	0.17295	0.01613	0.02209	0.02031	0.01611	0.02545	0.08467	0.09713	0.01839	0.02199	0.01504	0.05498	0.09797	0.00397	0.06561	0.00671	0.00482	0.01034
8	0.02856	0.01748	0.01990	0.01596	0.02158	0.01849	0.01296	0.26405	0.19958	0.24815	0.02682	0.02483	0.01861	0.00994	0.00790	0.00247	0.00725	0.00791	0.03453	0.01303
9	0.07053	0.01636	0.01860	0.01462	0.02010	0.01684	0.01198	0.29370	0.02747	0.27237	0.02410	0.02323	0.01651	0.00946	0.00741	0.00233	0.00708	0.00732	0.12774	0.01226
10	0.01620	0.01535	0.02600	0.52999	0.21730	0.01794	0.02263	0.02134	0.01644	0.02175	0.01431	0.02074	0.01110	0.00770	0.00791	0.00257	0.01027	0.00705	0.00363	0.00980
11	0.77733	0.01534	0.01166	0.01043	0.01534	0.01779	0.00859	0.02331	0.01350	0.03558	0.01104	0.01288	0.00859	0.00736	0.00491	0.00245	0.00613	0.00429	0.00491	0.00859
12	0.01078	0.00817	0.01022	0.01047	0.01232	0.00720	0.00745	0.01306	0.01747	0.02384	0.19613	0.39202	0.13487	0.01995	0.00935	0.00274	0.00446	0.01774	0.00739	0.09440
13	0.01116	0.00760	0.00912	0.00973	0.00999	0.00749	0.00608	0.01180	0.01299	0.01727	0.03107	0.22300	0.03614	0.48970	0.03038	0.00624	0.00688	0.06233	0.00565	0.00542
14	0.02639	0.03241	0.02295	0.02053	0.02354	0.51416	0.01586	0.02835	0.01975	0.01932	0.01177	0.01510	0.01027	0.00968	0.01212	0.00242	0.19682	0.00559	0.00392	0.00906
15	0.01748	0.01665	0.02832	0.34985	0.38742	0.01828	0.02327	0.02246	0.01704	0.02330	0.01454	0.02032	0.01164	0.00746	0.00789	0.00249	0.00995	0.00706	0.00374	0.01083
16	0.01010	0.00713	0.00920	0.01054	0.01102	0.00674	0.00691	0.01140	0.01504	0.02018	0.08379	0.55200	0.04979	0.14841	0.01546	0.00397	0.00509	0.02001	0.00700	0.00622
17	0.00960	0.00713	0.00896	0.01042	0.01134	0.00649	0.00709	0.01111	0.01578	0.02049	0.05127	0.58406	0.17965	0.02386	0.00997	0.00311	0.00448	0.02134	0.00736	0.00649
18	0.01864	0.01403	0.01667	0.01202	0.01896	0.01070	0.00966	0.02211	0.01716	0.10067	0.01607	0.01765	0.01265	0.00633	0.00611	0.00132	0.00597	0.00507	0.00529	0.68293
19	0.02120	0.72609	0.04155	0.01357	0.02035	0.03138	0.01357	0.02374	0.01611	0.01866	0.01102	0.01272	0.01018	0.00678	0.00509	0.00170	0.00848	0.00424	0.00339	0.01018
20	0.01122	0.00811	0.01060	0.00998	0.01185	0.00748	0.00748	0.01496	0.02245	0.03180	0.66766	0.05923	0.07482	0.01621	0.00935	0.00249	0.00374	0.01434	0.00873	0.00748
21	0.01357	0.01022	0.01533	0.09264	0.01882	0.01243	0.01170	0.01456	0.01225	0.01732	0.01619	0.02537	0.01522	0.03560	0.29050	0.24268	0.13782	0.00756	0.00378	0.00644
22	0.00974	0.00805	0.00854	0.00842	0.01094	0.00685	0.00631	0.01209	0.01894	0.02347	0.19618	0.07295	0.55150	0.01932	0.00937	0.00264	0.00396	0.01626	0.00763	0.00685
23	0.01441	0.01240	0.01660	0.01520	0.01622	0.01562	0.01188	0.01861	0.08638	0.01980	0.01943	0.02989	0.01868	0.15610	0.26611	0.00748	0.25428	0.00855	0.00452	0.00785
24	0.06477	0.01893	0.02069	0.01882	0.06653	0.02131	0.01406	0.25761	0.35461	0.03887	0.02515	0.02418	0.01869	0.00987	0.00783	0.00254	0.00737	0.00792	0.00756	0.01267
25	0.02120	0.72609	0.04155	0.01357	0.02035	0.03138	0.01357	0.02374	0.01611	0.01866	0.01102	0.01272	0.01018	0.00678	0.00509	0.00170	0.00848	0.00424	0.00339	0.01018
26	0.02063	0.01509	0.02090	0.01767	0.01935	0.01889	0.01457	0.02297	0.01610	0.17219	0.11294	0.02579	0.02211	0.01329	0.01940	0.00309	0.44144	0.00828	0.00571	0.00960
27	0.01597	0.01177	0.01682	0.01526	0.01673	0.01447	0.01224	0.01841	0.01366	0.09420	0.01918	0.02708	0.01719	0.06045	0.38701	0.00855	0.23006	0.00805	0.00467	0.00824
28	0.02256	0.01712	0.02331	0.09480	0.21869	0.01835	0.01708	0.08179	0.25205	0.13341	0.02406	0.02452	0.01778	0.00912	0.00796	0.00252	0.00792	0.00790	0.00664	0.01240
29	0.49019	0.01586	0.01700	0.01676	0.09276	0.01733	0.05477	0.07142	0.01679	0.03327	0.02043	0.02202	0.08548	0.00891	0.00631	0.00248	0.00698	0.00662	0.00525	0.00936

[dist]
# distance from previous block
# <min> <max>
0	8

[block]
# block no. 9 follows, 24 sequences, length 29
# corresponding to MSA columns:
# 847-875
name=unknown_J
#
# <colnr> <probs for GDERKNQSTAVLIFYWHMCP>
#	G	D	E	R	K	N	Q	S	T	A	V	L	I	F	Y	W	H	M	C	P
0	0.07860	0.01875	0.09178	0.11308	0.02575	0.05471	0.01605	0.02588	0.08388	0.13190	0.04181	0.07033	0.01832	0.01138	0.01225	0.00279	0.17885	0.00825	0.00559	0.01006
1	0.07722	0.13141	0.30204	0.10462	0.11055	0.01982	0.02198	0.02573	0.04286	0.07030	0.01550	0.01797	0.01157	0.00769	0.00711	0.00239	0.00982	0.00607	0.00421	0.01116
2	0.10643	0.01469	0.01523	0.01256	0.01685	0.01582	0.01014	0.27626	0.02509	0.07771	0.02177	0.02327	0.01620	0.00918	0.00660	0.00217	0.00620	0.00698	0.32648	0.01038
3	0.70103	0.01457	0.01136	0.01025	0.01467	0.01678	0.00821	0.02214	0.01330	0.03357	0.01243	0.01677	0.01060	0.07849	0.00844	0.00298	0.00629	0.00502	0.00490	0.00821
4	0.01622	0.01654	0.05175	0.09313	0.06701	0.01515	0.15365	0.02048	0.01639	0.02373	0.01787	0.10499	0.01657	0.00959	0.00966	0.00228	0.08094	0.00861	0.00452	0.27092
5	0.03008	0.02409	0.02364	0.01851	0.02458	0.10473	0.01510	0.57143	0.03550	0.04629	0.01822	0.01847	0.01309	0.00936	0.00784	0.00234	0.00940	0.00689	0.00747	0.01297
6	0.01644	0.01409	0.01644	0.01175	0.01879	0.01057	0.00940	0.01997	0.01644	0.02584	0.01409	0.01644	0.01175	0.00587	0.00587	0.00117	0.00587	0.00470	0.00470	0.76979
7	0.72051	0.01519	0.01217	0.01071	0.01571	0.01732	0.00882	0.02448	0.01420	0.08474	0.01259	0.01396	0.00943	0.00755	0.00514	0.00245	0.00618	0.00458	0.00528	0.00896
8	0.01121	0.00780	0.00973	0.00984	0.01048	0.00784	0.00644	0.01255	0.01432	0.01968	0.15342	0.13259	0.03944	0.39399	0.13049	0.00689	0.00861	0.01298	0.00581	0.00589
9	0.31009	0.01541	0.01628	0.01362	0.01881	0.01625	0.01133	0.15200	0.02164	0.23181	0.02252	0.02763	0.01739	0.01029	0.00717	0.00258	0.00698	0.08001	0.00729	0.01091
10	0.01091	0.00760	0.00970	0.01062	0.01189	0.00713	0.00776	0.01341	0.01769	0.02449	0.19631	0.36340	0.10107	0.02047	0.00952	0.00292	0.00458	0.09042	0.08321	0.00691
11	0.01981	0.01488	0.01623	0.01394	0.01792	0.01609	0.01097	0.23750	0.17592	0.03645	0.13817	0.08712	0.08043	0.01289	0.00824	0.00251	0.00613	0.01072	0.08347	0.01059
