[name]
unknown

[dist]
# distance from previous block
# <min> <max>
0	63

[block]
# block no. 0 follows, 18 sequences, length 22
# corresponding to MSA columns:
# 68-82,84-90
name=unknown_A
#
# <colnr> <probs for GDERKNQSTAVLIFYWHMCP>
#	G	D	E	R	K	N	Q	S	T	A	V	L	I	F	Y	W	H	M	C	P
0	0.05735	0.06254	0.15451	0.02269	0.08136	0.11230	0.01955	0.05400	0.02300	0.12870	0.06128	0.03056	0.02215	0.01102	0.00877	0.00269	0.01056	0.04983	0.00652	0.08062
1	0.08513	0.12816	0.05686	0.05505	0.03003	0.19751	0.07082	0.08321	0.06982	0.10893	0.01991	0.02128	0.01493	0.00956	0.00831	0.00263	0.01189	0.00731	0.00623	0.01243
2	0.01806	0.08453	0.32587	0.02235	0.03188	0.01907	0.08729	0.02577	0.02111	0.03040	0.15664	0.03112	0.02963	0.01075	0.00908	0.00273	0.01079	0.00929	0.00555	0.06811
3	0.02279	0.08222	0.09198	0.02103	0.09061	0.01829	0.01654	0.08914	0.07894	0.11366	0.22905	0.03961	0.04140	0.01300	0.00940	0.00278	0.00800	0.01099	0.00818	0.01239
4	0.01369	0.00892	0.01014	0.01014	0.01043	0.00901	0.00597	0.01426	0.01397	0.01951	0.02879	0.05639	0.03191	0.58271	0.07558	0.00860	0.00934	0.01272	0.07196	0.00598
5	0.03299	0.07626	0.02853	0.02048	0.02767	0.02857	0.01705	0.49604	0.09276	0.05326	0.02273	0.02260	0.01646	0.01091	0.00894	0.00273	0.00982	0.00820	0.00879	0.01522
6	0.02192	0.01641	0.01940	0.01419	0.02207	0.01293	0.01138	0.02705	0.04971	0.10262	0.01980	0.02130	0.01544	0.00764	0.00722	0.00163	0.00695	0.00615	0.00636	0.60983
7	0.01922	0.13064	0.55363	0.02480	0.03762	0.02329	0.03154	0.02887	0.01929	0.02810	0.01599	0.01878	0.01165	0.00861	0.00835	0.00278	0.01308	0.00654	0.00388	0.01334
8	0.01119	0.00799	0.01065	0.01278	0.01332	0.00746	0.00852	0.01278	0.01758	0.02344	0.05061	0.67132	0.06073	0.02877	0.01172	0.00373	0.00533	0.02610	0.00852	0.00746
9	0.01119	0.00799	0.01065	0.01278	0.01332	0.00746	0.00852	0.01278	0.01758	0.02344	0.05061	0.67132	0.06073	0.02877	0.01172	0.00373	0.00533	0.02610	0.00852	0.00746
10	0.09903	0.01936	0.02896	0.18103	0.11660	0.02167	0.07358	0.08006	0.02167	0.13288	0.01954	0.02352	0.01455	0.01049	0.01234	0.00308	0.11494	0.00826	0.00606	0.01237
11	0.01272	0.00918	0.01186	0.01293	0.01441	0.00871	0.00968	0.01547	0.02015	0.02685	0.17331	0.26971	0.11520	0.09858	0.01565	0.00420	0.00626	0.15883	0.00851	0.00779
12	0.01314	0.00973	0.01422	0.01422	0.01567	0.01119	0.01081	0.01605	0.01460	0.02092	0.02508	0.03879	0.02413	0.13770	0.57370	0.01409	0.02282	0.01024	0.00499	0.00790
13	0.01312	0.00984	0.01476	0.01476	0.01640	0.01148	0.01148	0.01640	0.01476	0.02131	0.02459	0.03607	0.02295	0.06886	0.64092	0.01476	0.02459	0.00984	0.00492	0.00820
14	0.14601	0.26163	0.03116	0.01694	0.02385	0.09595	0.01477	0.11250	0.02420	0.16450	0.01947	0.01968	0.01447	0.00938	0.00734	0.00246	0.00974	0.00647	0.00670	0.01276
15	0.01820	0.01720	0.02910	0.55912	0.15261	0.02063	0.02593	0.02422	0.01877	0.02451	0.01647	0.02420	0.01261	0.00902	0.00917	0.00301	0.01203	0.00816	0.00415	0.01090
16	0.01333	0.11631	0.01667	0.01325	0.01496	0.01209	0.00968	0.01515	0.01775	0.02314	0.04453	0.56593	0.05287	0.02541	0.01078	0.00345	0.00605	0.02270	0.00779	0.00815
17	0.01681	0.01160	0.01283	0.01180	0.01298	0.01204	0.00747	0.10582	0.01814	0.02423	0.02783	0.05398	0.03053	0.57037	0.04071	0.00792	0.00909	0.01254	0.00614	0.00718
18	0.01963	0.01720	0.02197	0.02046	0.11779	0.01378	0.01366	0.02393	0.01934	0.02993	0.01647	0.01963	0.01375	0.00702	0.00717	0.00158	0.00746	0.00588	0.00530	0.61805
19	0.01283	0.00946	0.01366	0.01400	0.01532	0.01060	0.01046	0.01554	0.01508	0.02133	0.02917	0.14024	0.02998	0.11836	0.48532	0.01245	0.02006	0.01277	0.00556	0.00784
20	0.02635	0.05682	0.22265	0.02616	0.03554	0.02284	0.16107	0.13817	0.02529	0.12987	0.02085	0.02296	0.01476	0.00968	0.01038	0.00293	0.04518	0.00844	0.00629	0.01375
21	0.01981	0.02014	0.07731	0.02332	0.02958	0.01740	0.18710	0.11315	0.02341	0.03216	0.02964	0.21701	0.02969	0.01531	0.01030	0.00307	0.01015	0.04179	0.00673	0.09293

[dist]
# distance from previous block
# <min> <max>
0	38

[block]
# block no. 1 follows, 18 sequences, length 8
# corresponding to MSA columns:
# 129-136
name=unknown_B
#
# <colnr> <probs for GDERKNQSTAVLIFYWHMCP>
#	G	D	E	R	K	N	Q	S	T	A	V	L	I	F	Y	W	H	M	C	P
0	0.01360	0.00956	0.01268	0.01429	0.01553	0.00944	0.01111	0.01620	0.01844	0.02421	0.04437	0.22657	0.05004	0.18228	0.02061	0.00523	0.00783	0.30272	0.00778	0.00753
1	0.01730	0.01252	0.01557	0.01434	0.01680	0.01381	0.01102	0.02469	0.12341	0.05875	0.21658	0.04593	0.04403	0.07359	0.11510	0.00529	0.07472	0.01201	0.09469	0.00984
2	0.02670	0.06335	0.03365	0.07465	0.20136	0.20540	0.08587	0.08010	0.05638	0.02938	0.01751	0.02130	0.01411	0.00940	0.00988	0.00273	0.04266	0.00777	0.00520	0.01261
3	0.01567	0.00860	0.01264	0.01315	0.01365	0.00860	0.00961	0.01365	0.01416	0.01871	0.02377	0.04603	0.02478	0.03033	0.03033	0.55838	0.00809	0.13974	0.00506	0.00506
4	0.01119	0.00799	0.01065	0.01278	0.01332	0.00746	0.00852	0.01278	0.01758	0.02344	0.05061	0.67132	0.06073	0.02877	0.01172	0.00373	0.00533	0.02610	0.00852	0.00746
5	0.24096	0.02691	0.02259	0.01871	0.02493	0.17151	0.01502	0.24936	0.02968	0.09060	0.01862	0.01940	0.01363	0.00995	0.00795	0.00269	0.01059	0.00682	0.00728	0.01278
6	0.01413	0.01139	0.01782	0.16813	0.02761	0.01361	0.01484	0.01809	0.01562	0.02183	0.02261	0.03330	0.02039	0.05457	0.48965	0.01196	0.02164	0.00944	0.00472	0.00868
7	0.15523	0.26698	0.03032	0.01592	0.02154	0.02406	0.05847	0.06144	0.01907	0.06021	0.01899	0.02781	0.01763	0.16867	0.01643	0.00398	0.00947	0.00788	0.00545	0.01046

[dist]
# distance from previous block
# <min> <max>
2	20

[block]
# block no. 2 follows, 18 sequences, length 15
# corresponding to MSA columns:
# 157-171
name=unknown_C
#
# <colnr> <probs for GDERKNQSTAVLIFYWHMCP>
#	G	D	E	R	K	N	Q	S	T	A	V	L	I	F	Y	W	H	M	C	P
0	0.09561	0.02575	0.12185	0.10087	0.07390	0.08007	0.01969	0.06720	0.14542	0.09968	0.02289	0.02416	0.01685	0.00989	0.00855	0.00278	0.01024	0.00783	0.00662	0.06015
1	0.02312	0.14368	0.22405	0.02301	0.07146	0.02454	0.02191	0.11581	0.15148	0.03451	0.02217	0.02343	0.01682	0.00982	0.00832	0.00271	0.01024	0.00768	0.05170	0.01353
2	0.01462	0.01129	0.01356	0.01357	0.01560	0.01192	0.00977	0.02197	0.14641	0.02709	0.10805	0.21075	0.08533	0.13695	0.12448	0.00619	0.00947	0.01619	0.00778	0.00899
3	0.01221	0.00851	0.01027	0.01125	0.01167	0.00817	0.00701	0.01308	0.01574	0.02080	0.04262	0.34295	0.07979	0.34096	0.02854	0.00619	0.00701	0.01957	0.00710	0.00656
4	0.03072	0.01823	0.02191	0.04705	0.02501	0.01827	0.01412	0.22610	0.02891	0.23014	0.02656	0.02977	0.01988	0.08987	0.04128	0.00387	0.00957	0.00889	0.00859	0.10127
5	0.01855	0.01669	0.02715	0.41564	0.16410	0.01972	0.02331	0.02405	0.01869	0.02600	0.01792	0.02506	0.01408	0.00962	0.01019	0.00294	0.05332	0.00821	0.09393	0.01084
6	0.01734	0.01632	0.02754	0.65524	0.06324	0.02040	0.02550	0.02346	0.01836	0.02346	0.01632	0.02448	0.01224	0.00918	0.00918	0.00306	0.01224	0.00816	0.00408	0.01020
7	0.01842	0.04749	0.62974	0.02617	0.03974	0.02132	0.03392	0.02908	0.01939	0.02908	0.01648	0.01939	0.01163	0.00872	0.00872	0.00291	0.01357	0.00678	0.00388	0.01357
8	0.01289	0.00871	0.01015	0.01061	0.01072	0.00859	0.00619	0.01323	0.01425	0.01901	0.03355	0.19047	0.03922	0.53897	0.03927	0.00780	0.00814	0.01607	0.00619	0.00597
9	0.03490	0.02572	0.02756	0.02113	0.02847	0.02847	0.01745	0.58942	0.04317	0.05787	0.02204	0.02204	0.01561	0.01102	0.00919	0.00276	0.01010	0.00827	0.00919	0.01561
10	0.01329	0.00912	0.01121	0.01167	0.01217	0.00926	0.00766	0.01434	0.01488	0.01994	0.03295	0.12257	0.03723	0.46422	0.10762	0.00850	0.01030	0.08054	0.00613	0.00640
11	0.02284	0.01972	0.02076	0.01869	0.02388	0.02284	0.01453	0.04879	0.60345	0.03841	0.03737	0.03426	0.02803	0.01246	0.00934	0.00311	0.00727	0.01038	0.00934	0.01453
12	0.01105	0.00853	0.01010	0.01136	0.01294	0.00758	0.00789	0.01295	0.01895	0.02400	0.06801	0.43212	0.28870	0.02650	0.01136	0.00347	0.00505	0.02334	0.00852	0.00758
13	0.02262	0.04391	0.49523	0.02489	0.03673	0.09729	0.02991	0.03156	0.02088	0.08685	0.01813	0.02020	0.01274	0.00907	0.00872	0.00283	0.01338	0.00692	0.00472	0.01341
14	0.02724	0.20785	0.03004	0.01864	0.02519	0.25492	0.01532	0.05755	0.06448	0.02679	0.01633	0.01817	0.01357	0.00868	0.00740	0.00209	0.01145	0.00596	0.00522	0.18310

[dist]
# distance from previous block
# <min> <max>
0	4

[block]
# block no. 3 follows, 18 sequences, length 34
# corresponding to MSA columns:
# 176-209
name=unknown_D
#
# <colnr> <probs for GDERKNQSTAVLIFYWHMCP>
#	G	D	E	R	K	N	Q	S	T	A	V	L	I	F	Y	W	H	M	C	P
0	0.09402	0.40798	0.23563	0.01878	0.02830	0.02984	0.02112	0.02796	0.01859	0.02601	0.01399	0.01628	0.01155	0.00821	0.00680	0.00236	0.01078	0.00553	0.00409	0.01219
1	0.01572	0.01395	0.02013	0.01686	0.02109	0.01358	0.10741	0.02418	0.13450	0.03229	0.24779	0.06045	0.22059	0.01702	0.01055	0.00303	0.00688	0.01526	0.00856	0.01015
2	0.01312	0.00984	0.01476	0.01476	0.01640	0.01148	0.01148	0.01640	0.01476	0.02131	0.02459	0.03607	0.02295	0.06886	0.64092	0.01476	0.02459	0.00984	0.00492	0.00820
3	0.01089	0.00915	0.00946	0.00971	0.01251	0.00772	0.00716	0.01313	0.02053	0.02464	0.08799	0.15744	0.55048	0.02391	0.01095	0.00317	0.00473	0.02018	0.00853	0.00772
4	0.01734	0.01632	0.02754	0.65524	0.06324	0.02040	0.02550	0.02346	0.01836	0.02346	0.01632	0.02448	0.01224	0.00918	0.00918	0.00306	0.01224	0.00816	0.00408	0.01020
5	0.01312	0.00984	0.01476	0.01476	0.01640	0.01148	0.01148	0.01640	0.01476	0.02131	0.02459	0.03607	0.02295	0.06886	0.64092	0.01476	0.02459	0.00984	0.00492	0.00820
6	0.02214	0.02346	0.04670	0.04651	0.30094	0.02260	0.33972	0.02887	0.02133	0.02967	0.01800	0.02386	0.01420	0.00794	0.01006	0.00293	0.01346	0.00966	0.00460	0.01334
7	0.03336	0.01926	0.02207	0.01748	0.02380	0.01999	0.01426	0.26927	0.08984	0.24737	0.02954	0.02813	0.02040	0.01124	0.00883	0.00273	0.00822	0.00885	0.11085	0.01452
8	0.01335	0.00890	0.01001	0.01001	0.01001	0.00890	0.00556	0.01335	0.01335	0.01780	0.02893	0.06009	0.03338	0.67731	0.04673	0.00890	0.00890	0.01335	0.00556	0.00556
9	0.06876	0.01760	0.02641	0.25557	0.03948	0.02040	0.07544	0.06626	0.05825	0.07314	0.02311	0.10192	0.02010	0.01278	0.01225	0.00322	0.09760	0.01058	0.00601	0.01112
10	0.02905	0.33965	0.03622	0.01930	0.02584	0.24356	0.01655	0.09952	0.06219	0.02735	0.01597	0.01751	0.01332	0.00909	0.00734	0.00227	0.01202	0.00602	0.00519	0.01203
11	0.03070	0.08622	0.07564	0.02253	0.03027	0.01843	0.16342	0.03565	0.02321	0.32545	0.02891	0.07255	0.02126	0.01112	0.00946	0.00289	0.01024	0.01024	0.00814	0.01367
12	0.02532	0.23173	0.17497	0.02700	0.11417	0.02687	0.07864	0.11987	0.02387	0.06897	0.01779	0.02013	0.01365	0.00882	0.00822	0.00258	0.01131	0.00720	0.00539	0.01350
13	0.07135	0.04327	0.54566	0.02452	0.03710	0.02075	0.03087	0.02997	0.01957	0.06949	0.01752	0.01985	0.01225	0.00888	0.00854	0.00290	0.01273	0.00682	0.00450	0.01345
14	0.01264	0.00881	0.01125	0.01265	0.01331	0.00857	0.00875	0.01421	0.01684	0.02231	0.04280	0.35018	0.04982	0.24991	0.02389	0.00560	0.00717	0.12680	0.00750	0.00701
15	0.02357	0.02383	0.12852	0.10097	0.31611	0.01987	0.02521	0.03089	0.05762	0.11140	0.02271	0.02889	0.01801	0.01006	0.00928	0.00292	0.01068	0.03985	0.00585	0.01375
16	0.02904	0.02877	0.10332	0.02354	0.03101	0.12322	0.09767	0.17457	0.15306	0.10478	0.02450	0.02487	0.01775	0.01038	0.00925	0.00285	0.01146	0.00862	0.00745	0.01387
17	0.03253	0.02323	0.14778	0.02021	0.02838	0.01679	0.06018	0.08850	0.02551	0.36794	0.03053	0.06988	0.02167	0.01168	0.00941	0.00292	0.00960	0.00988	0.00895	0.01442
18	0.01332	0.00996	0.01274	0.01366	0.01605	0.00938	0.01132	0.01705	0.02213	0.02878	0.18392	0.09180	0.21474	0.02335	0.01178	0.00363	0.00652	0.29273	0.00883	0.00831
19	0.01932	0.01767	0.02970	0.07637	0.17809	0.01795	0.14333	0.02750	0.10072	0.03057	0.06559	0.09860	0.02861	0.01279	0.00987	0.00304	0.00977	0.04587	0.07290	0.01173
20	0.02120	0.02055	0.03588	0.21593	0.42922	0.02154	0.06775	0.02700	0.02028	0.02820	0.01711	0.02334	0.01388	0.00842	0.00924	0.00284	0.01160	0.00837	0.00443	0.01322
21	0.01792	0.01689	0.02882	0.23268	0.13542	0.01810	0.11646	0.02491	0.07307	0.02692	0.02739	0.18712	0.02650	0.01398	0.01010	0.00318	0.01039	0.01332	0.00585	0.01099
22	0.01754	0.01600	0.02889	0.14747	0.07711	0.01631	0.17437	0.02292	0.02026	0.02746	0.03088	0.11294	0.03046	0.01556	0.01074	0.00340	0.01071	0.17366	0.05312	0.01021
23	0.01904	0.01632	0.01904	0.01360	0.02176	0.01224	0.01088	0.02312	0.01904	0.02992	0.01632	0.01904	0.01360	0.00680	0.00680	0.00136	0.00680	0.00544	0.00544	0.73344
24	0.01973	0.01700	0.02242	0.06605	0.06235	0.02059	0.01607	0.08042	0.09775	0.02850	0.05578	0.03378	0.02366	0.13314	0.07767	0.00534	0.21332	0.00996	0.00598	0.01049
25	0.02273	0.02182	0.03727	0.05636	0.62003	0.02182	0.02818	0.02818	0.02091	0.03000	0.01727	0.02273	0.01454	0.00818	0.00909	0.00273	0.01091	0.00818	0.00455	0.01454
26	0.01107	0.00931	0.00960	0.00953	0.01253	0.00784	0.00714	0.01359	0.02143	0.02600	0.14503	0.08639	0.56354	0.02281	0.01085	0.00308	0.00462	0.01910	0.00868	0.00784
27	0.02455	0.68284	0.04811	0.01571	0.02357	0.03633	0.01571	0.02749	0.01866	0.02160	0.01277	0.01473	0.01178	0.00786	0.00589	0.00196	0.00982	0.00491	0.00393	0.01178
28	0.01085	0.00930	0.00930	0.00930	0.01240	0.00775	0.00698	0.01318	0.02093	0.02480	0.09302	0.08837	0.61631	0.02325	0.01085	0.00310	0.00465	0.01938	0.00853	0.00775
29	0.74217	0.01776	0.01350	0.01207	0.01776	0.02060	0.00994	0.02699	0.01563	0.04120	0.01278	0.01492	0.00994	0.00852	0.00568	0.00284	0.00710	0.00497	0.00568	0.00994
30	0.04120	0.01563	0.02131	0.01634	0.02344	0.01350	0.01350	0.04475	0.02628	0.62639	0.03622	0.03125	0.02273	0.01136	0.00923	0.00284	0.00781	0.00923	0.01136	0.01563
31	0.01284	0.00938	0.01205	0.01138	0.01362	0.00860	0.00854	0.01702	0.02562	0.03593	0.57649	0.07005	0.12589	0.01910	0.01083	0.00290	0.00436	0.01681	0.00999	0.00860
32	0.01335	0.00890	0.01001	0.01001	0.01001	0.00890	0.00556	0.01335	0.01335	0.01780	0.02893	0.06009	0.03338	0.67731	0.04673	0.00890	0.00890	0.01335	0.00556	0.00556
33	0.03185	0.02762	0.02561	0.02100	0.02734	0.14110	0.01679	0.35457	0.17665	0.04653	0.02432	0.02400	0.01794	0.01108	0.00905	0.00277	0.01061	0.00834	0.00839	0.01443

[dist]
# distance from previous block
# <min> <max>
0	2

[block]
# block no. 4 follows, 18 sequences, length 9
# corresponding to MSA columns:
# 212-220
name=unknown_E
#
# <colnr> <probs for GDERKNQSTAVLIFYWHMCP>
#	G	D	E	R	K	N	Q	S	T	A	V	L	I	F	Y	W	H	M	C	P
0	0.01722	0.01314	0.01801	0.01653	0.01808	0.01541	0.01300	0.02002	0.01894	0.07654	0.16875	0.15776	0.06711	0.02592	0.10007	0.00497	0.21771	0.01422	0.00722	0.00937
1	0.02952	0.02049	0.02325	0.01742	0.02506	0.01980	0.01425	0.28371	0.03108	0.13059	0.02186	0.02221	0.01586	0.00939	0.00824	0.00221	0.00845	0.00728	0.00802	0.30130
2	0.01904	0.01632	0.01904	0.01360	0.02176	0.01224	0.01088	0.02312	0.01904	0.02992	0.01632	0.01904	0.01360	0.00680	0.00680	0.00136	0.00680	0.00544	0.00544	0.73344
3	0.02514	0.01890	0.03089	0.13355	0.37094	0.01907	0.02378	0.03021	0.02165	0.15137	0.02334	0.03071	0.01872	0.01025	0.00940	0.00291	0.01029	0.04905	0.00617	0.01368
4	0.02484	0.56914	0.09928	0.01736	0.02546	0.08761	0.01755	0.02844	0.01937	0.02236	0.01323	0.01531	0.01177	0.00807	0.00636	0.00209	0.01075	0.00517	0.00399	0.01185
5	0.02275	0.02343	0.03190	0.13171	0.29993	0.10482	0.02424	0.02697	0.01937	0.02592	0.01532	0.02146	0.01318	0.01062	0.01465	0.00308	0.18629	0.00784	0.00436	0.01218
6	0.22530	0.07937	0.02290	0.02111	0.09921	0.07021	0.01478	0.02769	0.01920	0.11781	0.02334	0.13126	0.02165	0.01311	0.01030	0.00297	0.07211	0.01001	0.00646	0.01120
7	0.02706	0.01939	0.02568	0.02829	0.18983	0.02010	0.01793	0.15431	0.13732	0.13924	0.11348	0.03296	0.02933	0.01170	0.00944	0.00285	0.00856	0.01003	0.00842	0.01409
8	0.01242	0.00910	0.01187	0.01190	0.01374	0.00855	0.00872	0.01589	0.02277	0.03156	0.39725	0.20204	0.12011	0.02546	0.06244	0.00406	0.00623	0.01840	0.00920	0.00828

[dist]
# distance from previous block
# <min> <max>
1	9

[block]
# block no. 5 follows, 18 sequences, length 24
# corresponding to MSA columns:
# 230-253
name=unknown_F
#
# <colnr> <probs for GDERKNQSTAVLIFYWHMCP>
#	G	D	E	R	K	N	Q	S	T	A	V	L	I	F	Y	W	H	M	C	P
0	0.06505	0.08551	0.07218	0.03522	0.26734	0.06326	0.06555	0.03300	0.05739	0.13619	0.02107	0.02332	0.01591	0.00909	0.00871	0.00272	0.01073	0.00799	0.00604	0.01374
1	0.01277	0.00865	0.01019	0.01077	0.01091	0.00851	0.00637	0.01320	0.01450	0.01933	0.03481	0.22583	0.04080	0.50145	0.03724	0.00750	0.00793	0.01681	0.00637	0.00608
2	0.01844	0.01745	0.02850	0.14351	0.15804	0.01802	0.11887	0.02668	0.10357	0.03002	0.11258	0.04130	0.11799	0.01263	0.00996	0.00299	0.00960	0.01181	0.00652	0.01153
3	0.02098	0.01673	0.01942	0.01445	0.02215	0.01372	0.01153	0.02792	0.09685	0.06978	0.02040	0.02185	0.01610	0.00785	0.00729	0.00169	0.00693	0.00634	0.00634	0.59169
4	0.01700	0.03149	0.34297	0.02284	0.03196	0.01726	0.09846	0.02511	0.02194	0.03176	0.22096	0.03688	0.03752	0.01202	0.00972	0.00293	0.01067	0.01067	0.00610	0.01174
5	0.01874	0.03822	0.42454	0.02855	0.03994	0.02077	0.18293	0.02791	0.01987	0.02873	0.01970	0.07140	0.01607	0.01001	0.00953	0.00302	0.01345	0.00939	0.00445	0.01277
6	0.01734	0.01632	0.02754	0.65524	0.06324	0.02040	0.02550	0.02346	0.01836	0.02346	0.01632	0.02448	0.01224	0.00918	0.00918	0.00306	0.01224	0.00816	0.00408	0.01020
7	0.01842	0.04749	0.62974	0.02617	0.03974	0.02132	0.03392	0.02908	0.01939	0.02908	0.01648	0.01939	0.01163	0.00872	0.00872	0.00291	0.01357	0.00678	0.00388	0.01357
8	0.01119	0.00799	0.01065	0.01278	0.01332	0.00746	0.00852	0.01278	0.01758	0.02344	0.05061	0.67132	0.06073	0.02877	0.01172	0.00373	0.00533	0.02610	0.00852	0.00746
9	0.01271	0.00937	0.01188	0.01125	0.01354	0.00854	0.00844	0.01677	0.02531	0.03521	0.54542	0.07123	0.15741	0.01937	0.01083	0.00292	0.00437	0.01698	0.00990	0.00854
10	0.01335	0.00890	0.01001	0.01001	0.01001	0.00890	0.00556	0.01335	0.01335	0.01780	0.02893	0.06009	0.03338	0.67731	0.04673	0.00890	0.00890	0.01335	0.00556	0.00556
11	0.02455	0.68284	0.04811	0.01571	0.02357	0.03633	0.01571	0.02749	0.01866	0.02160	0.01277	0.01473	0.01178	0.00786	0.00589	0.00196	0.00982	0.00491	0.00393	0.01178
12	0.01160	0.00933	0.01034	0.01009	0.01286	0.00807	0.00756	0.01463	0.02269	0.02900	0.27522	0.08146	0.43149	0.02169	0.01084	0.00303	0.00454	0.01841	0.00908	0.00807
13	0.02455	0.68284	0.04811	0.01571	0.02357	0.03633	0.01571	0.02749	0.01866	0.02160	0.01277	0.01473	0.01178	0.00786	0.00589	0.00196	0.00982	0.00491	0.00393	0.01178
14	0.01167	0.00834	0.01121	0.01334	0.01408	0.00787	0.00936	0.01362	0.01805	0.02398	0.05034	0.59546	0.05968	0.02831	0.01185	0.00380	0.00574	0.09720	0.00851	0.00759
15	0.02365	0.02013	0.02122	0.01885	0.02418	0.02322	0.01473	0.08505	0.56587	0.03971	0.03634	0.03344	0.02720	0.01236	0.00933	0.00309	0.00746	0.01024	0.00933	0.01461
16	0.02455	0.68284	0.04811	0.01571	0.02357	0.03633	0.01571	0.02749	0.01866	0.02160	0.01277	0.01473	0.01178	0.00786	0.00589	0.00196	0.00982	0.00491	0.00393	0.01178
17	0.01312	0.00984	0.01476	0.01476	0.01640	0.01148	0.01148	0.01640	0.01476	0.02131	0.02459	0.03607	0.02295	0.06886	0.64092	0.01476	0.02459	0.00984	0.00492	0.00820
18	0.02455	0.68284	0.04811	0.01571	0.02357	0.03633	0.01571	0.02749	0.01866	0.02160	0.01277	0.01473	0.01178	0.00786	0.00589	0.00196	0.00982	0.00491	0.00393	0.01178
19	0.13094	0.58424	0.04298	0.01517	0.02271	0.03400	0.01486	0.02742	0.01821	0.02451	0.01277	0.01476	0.01151	0.00795	0.00586	0.00209	0.00942	0.00492	0.00419	0.01151
20	0.01380	0.01101	0.01256	0.01188	0.01487	0.01060	0.00899	0.02086	0.11635	0.03275	0.33508	0.07022	0.26785	0.01938	0.01060	0.00300	0.00492	0.01661	0.00942	0.00927
21	0.01734	0.01632	0.02754	0.65524	0.06324	0.02040	0.02550	0.02346	0.01836	0.02346	0.01632	0.02448	0.01224	0.00918	0.00918	0.00306	0.01224	0.00816	0.00408	0.01020
22	0.02708	0.02373	0.02456	0.02446	0.10312	0.10462	0.01707	0.11647	0.34051	0.07385	0.02955	0.02859	0.02214	0.01124	0.00914	0.00290	0.00939	0.00915	0.00821	0.01423
23	0.01712	0.00856	0.00856	0.00856	0.01070	0.00856	0.00642	0.02139	0.01926	0.03423	0.02995	0.03423	0.02353	0.01070	0.00642	0.00214	0.00428	0.00856	0.72828	0.00856

[dist]
# distance from previous block
# <min> <max>
0	1

[block]
# block no. 6 follows, 18 sequences, length 78
# corresponding to MSA columns:
# 255-332
name=unknown_G
#
# <colnr> <probs for GDERKNQSTAVLIFYWHMCP>
#	G	D	E	R	K	N	Q	S	T	A	V	L	I	F	Y	W	H	M	C	P
0	0.01712	0.00856	0.00856	0.00856	0.01070	0.00856	0.00642	0.02139	0.01926	0.03423	0.02995	0.03423	0.02353	0.01070	0.00642	0.00214	0.00428	0.00856	0.72828	0.00856
1	0.02381	0.02532	0.09602	0.06770	0.06442	0.02365	0.23009	0.13487	0.16700	0.03638	0.02338	0.02595	0.01737	0.00969	0.00978	0.00300	0.01191	0.00958	0.00650	0.01357
2	0.45908	0.10489	0.08492	0.01549	0.02235	0.06838	0.01429	0.05547	0.01896	0.06405	0.01480	0.01658	0.01135	0.00878	0.00655	0.00270	0.00899	0.00558	0.00563	0.01114
3	0.04120	0.01563	0.02131	0.01634	0.02344	0.01350	0.01350	0.04475	0.02628	0.62639	0.03622	0.03125	0.02273	0.01136	0.00923	0.00284	0.00781	0.00923	0.01136	0.01563
4	0.02704	0.02139	0.03200	0.09207	0.31150	0.04849	0.05770	0.06722	0.06979	0.14661	0.02269	0.02525	0.01691	0.00942	0.00922	0.00282	0.01062	0.00863	0.00650	0.01414
5	0.01175	0.00994	0.01024	0.01005	0.01320	0.00874	0.00757	0.01567	0.05677	0.02659	0.13125	0.08350	0.53830	0.02224	0.01076	0.00308	0.00478	0.01861	0.00870	0.00824
6	0.01712	0.00856	0.00856	0.00856	0.01070	0.00856	0.00642	0.02139	0.01926	0.03423	0.02995	0.03423	0.02353	0.01070	0.00642	0.00214	0.00428	0.00856	0.72828	0.00856
7	0.06609	0.02195	0.02416	0.15730	0.05931	0.11959	0.01746	0.06285	0.02181	0.10228	0.01821	0.02153	0.01395	0.00959	0.01023	0.00255	0.07138	0.00708	0.00583	0.18684
8	0.01919	0.01768	0.02855	0.28127	0.26865	0.01939	0.02324	0.02625	0.06364	0.02907	0.10671	0.03104	0.02529	0.01045	0.00940	0.00291	0.01019	0.00958	0.00554	0.01198
9	0.01712	0.00856	0.00856	0.00856	0.01070	0.00856	0.00642	0.02139	0.01926	0.03423	0.02995	0.03423	0.02353	0.01070	0.00642	0.00214	0.00428	0.00856	0.72828	0.00856
10	0.01595	0.00797	0.01196	0.01196	0.01196	0.00797	0.00797	0.01196	0.01196	0.01595	0.01595	0.02791	0.01595	0.03190	0.03589	0.73285	0.00797	0.00797	0.00399	0.00399
11	0.12878	0.02084	0.03324	0.07783	0.06821	0.02173	0.22153	0.09935	0.10190	0.03616	0.07783	0.02833	0.02234	0.01010	0.00944	0.00297	0.01088	0.00978	0.00647	0.01230
12	0.01312	0.00895	0.01075	0.01095	0.01124	0.00913	0.00669	0.01373	0.01395	0.01883	0.03034	0.11397	0.03446	0.52961	0.12830	0.00925	0.01081	0.01405	0.00575	0.00612
13	0.01480	0.01057	0.01480	0.01691	0.01902	0.01057	0.01480	0.01902	0.02114	0.02748	0.04862	0.10357	0.05284	0.02536	0.01268	0.00423	0.00845	0.55823	0.00845	0.00845
14	0.05868	0.01689	0.05437	0.06988	0.02375	0.01630	0.01376	0.03026	0.22994	0.03424	0.19038	0.04565	0.10571	0.01426	0.00949	0.00291	0.00697	0.01202	0.00822	0.05632
15	0.02875	0.01370	0.01804	0.01611	0.02096	0.01291	0.01346	0.03451	0.07328	0.32583	0.04003	0.05628	0.03346	0.01615	0.01019	0.00328	0.00770	0.19549	0.06735	0.01254
16	0.04120	0.01563	0.02131	0.01634	0.02344	0.01350	0.01350	0.04475	0.02628	0.62639	0.03622	0.03125	0.02273	0.01136	0.00923	0.00284	0.00781	0.00923	0.01136	0.01563
17	0.01307	0.00921	0.01169	0.01128	0.01337	0.00851	0.00838	0.01708	0.02455	0.03495	0.49730	0.11143	0.10971	0.01912	0.01054	0.00290	0.00442	0.01682	0.06715	0.00851
18	0.02305	0.02206	0.07241	0.09584	0.42738	0.02044	0.06025	0.02869	0.02097	0.08005	0.02026	0.05115	0.01681	0.00942	0.00930	0.00284	0.01096	0.00911	0.00522	0.01380
19	0.01300	0.00939	0.01227	0.01155	0.01372	0.00866	0.00866	0.01733	0.02599	0.03682	0.61519	0.06859	0.08664	0.01877	0.01083	0.00289	0.00433	0.01661	0.01011	0.00866
20	0.01336	0.00926	0.01239	0.01407	0.01556	0.00897	0.01102	0.01654	0.02002	0.02729	0.10244	0.32287	0.05693	0.02493	0.01162	0.00373	0.00647	0.24843	0.06602	0.00808
21	0.02562	0.52982	0.09094	0.01782	0.02563	0.13191	0.01749	0.02909	0.01989	0.02234	0.01329	0.01539	0.01178	0.00818	0.00650	0.00210	0.01120	0.00522	0.00405	0.01174
22	0.02298	0.02203	0.09753	0.10838	0.03362	0.02032	0.09574	0.07912	0.20156	0.09288	0.06383	0.03089	0.02390	0.01454	0.04794	0.00372	0.01095	0.00979	0.00731	0.01298
23	0.28237	0.01664	0.01831	0.01483	0.02103	0.01675	0.01216	0.07964	0.02389	0.32695	0.07639	0.02802	0.02317	0.01098	0.00813	0.00284	0.00745	0.00830	0.00910	0.01305
24	0.01119	0.00799	0.01065	0.01278	0.01332	0.00746	0.00852	0.01278	0.01758	0.02344	0.05061	0.67132	0.06073	0.02877	0.01172	0.00373	0.00533	0.02610	0.00852	0.00746
25	0.01767	0.01665	0.02813	0.61877	0.09715	0.02049	0.02566	0.02375	0.01851	0.02386	0.01638	0.02437	0.01238	0.00912	0.00917	0.00304	0.01216	0.00816	0.00411	0.01046
26	0.02039	0.09755	0.47349	0.02747	0.07108	0.02319	0.06592	0.06304	0.02100	0.03027	0.01668	0.01968	0.01220	0.00870	0.00866	0.00282	0.01301	0.00705	0.00429	0.01352
27	0.02455	0.68284	0.04811	0.01571	0.02357	0.03633	0.01571	0.02749	0.01866	0.02160	0.01277	0.01473	0.01178	0.00786	0.00589	0.00196	0.00982	0.00491	0.00393	0.01178
28	0.01335	0.00890	0.01001	0.01001	0.01001	0.00890	0.00556	0.01335	0.01335	0.01780	0.02893	0.06009	0.03338	0.67731	0.04673	0.00890	0.00890	0.01335	0.00556	0.00556
29	0.74217	0.01776	0.01350	0.01207	0.01776	0.02060	0.00994	0.02699	0.01563	0.04120	0.01278	0.01492	0.00994	0.00852	0.00568	0.00284	0.00710	0.00497	0.00568	0.00994
30	0.01335	0.00890	0.01001	0.01001	0.01001	0.00890	0.00556	0.01335	0.01335	0.01780	0.02893	0.06009	0.03338	0.67731	0.04673	0.00890	0.00890	0.01335	0.00556	0.00556
31	0.08200	0.02969	0.21906	0.09514	0.14769	0.02190	0.21548	0.02831	0.02001	0.02985	0.01699	0.02190	0.01284	0.00832	0.00928	0.00295	0.01305	0.00837	0.00443	0.01271
32	0.02163	0.02280	0.02651	0.02314	0.02403	0.12206	0.01889	0.02382	0.01599	0.02208	0.01359	0.02108	0.01307	0.02012	0.08549	0.00479	0.49885	0.00788	0.00422	0.00996
33	0.01116	0.00880	0.01008	0.01083	0.01287	0.00772	0.00772	0.01338	0.02007	0.02531	0.12130	0.31105	0.35723	0.02499	0.01118	0.00332	0.00488	0.02173	0.00866	0.00772
34	0.02209	0.01110	0.01511	0.01483	0.01791	0.01014	0.01148	0.02489	0.02125	0.22870	0.04533	0.33922	0.04625	0.02218	0.01107	0.00353	0.00680	0.12824	0.00947	0.01043
35	0.01595	0.00797	0.01196	0.01196	0.01196	0.00797	0.00797	0.01196	0.01196	0.01595	0.01595	0.02791	0.01595	0.03190	0.03589	0.73285	0.00797	0.00797	0.00399	0.00399
36	0.01309	0.00926	0.01170	0.01116	0.01278	0.00872	0.00788	0.01632	0.02279	0.03200	0.46649	0.06643	0.07313	0.18581	0.01994	0.00441	0.00549	0.01578	0.00896	0.00788
37	0.01312	0.00984	0.01476	0.01476	0.01640	0.01148	0.01148	0.01640	0.01476	0.02131	0.02459	0.03607	0.02295	0.06886	0.64092	0.01476	0.02459	0.00984	0.00492	0.00820
38	0.03490	0.02572	0.02756	0.02113	0.02847	0.02847	0.01745	0.58942	0.04317	0.05787	0.02204	0.02204	0.01561	0.01102	0.00919	0.00276	0.01010	0.00827	0.00919	0.01561
39	0.74217	0.01776	0.01350	0.01207	0.01776	0.02060	0.00994	0.02699	0.01563	0.04120	0.01278	0.01492	0.00994	0.00852	0.00568	0.00284	0.00710	0.00497	0.00568	0.00994
40	0.01734	0.01632	0.02754	0.65524	0.06324	0.02040	0.02550	0.02346	0.01836	0.02346	0.01632	0.02448	0.01224	0.00918	0.00918	0.00306	0.01224	0.00816	0.00408	0.01020
41	0.01734	0.01632	0.02754	0.65524	0.06324	0.02040	0.02550	0.02346	0.01836	0.02346	0.01632	0.02448	0.01224	0.00918	0.00918	0.00306	0.01224	0.00816	0.00408	0.01020
42	0.74217	0.01776	0.01350	0.01207	0.01776	0.02060	0.00994	0.02699	0.01563	0.04120	0.01278	0.01492	0.00994	0.00852	0.00568	0.00284	0.00710	0.00497	0.00568	0.00994
43	0.01188	0.00934	0.01073	0.01038	0.01303	0.00819	0.00779	0.01517	0.02336	0.03057	0.34352	0.07888	0.36221	0.02110	0.01084	0.00300	0.00450	0.01805	0.00928	0.00819
44	0.02009	0.02009	0.02812	0.02411	0.02411	0.02812	0.02009	0.02210	0.01406	0.02210	0.01205	0.02009	0.01205	0.01607	0.03013	0.00402	0.66051	0.00804	0.00402	0.01004
45	0.02245	0.01012	0.01138	0.01028	0.01352	0.00965	0.00799	0.02657	0.02081	0.16539	0.03134	0.03357	0.02336	0.01085	0.00704	0.00229	0.00506	0.00871	0.56949	0.01012
46	0.01595	0.00797	0.01196	0.01196	0.01196	0.00797	0.00797	0.01196	0.01196	0.01595	0.01595	0.02791	0.01595	0.03190	0.03589	0.73285	0.00797	0.00797	0.00399	0.00399
47	0.01288	0.00938	0.01212	0.01143	0.01365	0.00862	0.00858	0.01711	0.02573	0.03619	0.58794	0.06962	0.11427	0.01901	0.01083	0.00290	0.00435	0.01675	0.01003	0.00862
48	0.08494	0.01536	0.01677	0.01386	0.01876	0.01583	0.01117	0.17573	0.02679	0.17319	0.02791	0.02884	0.02020	0.01076	0.00771	0.00251	0.00682	0.00835	0.32240	0.01209
49	0.02455	0.68284	0.04811	0.01571	0.02357	0.03633	0.01571	0.02749	0.01866	0.02160	0.01277	0.01473	0.01178	0.00786	0.00589	0.00196	0.00982	0.00491	0.00393	0.01178
50	0.02063	0.10910	0.23784	0.01919	0.02776	0.01940	0.02026	0.02877	0.07377	0.07549	0.02089	0.02389	0.01633	0.01893	0.11431	0.00451	0.01268	0.00735	0.00545	0.14345
51	0.07091	0.02520	0.11585	0.05136	0.06418	0.07915	0.01847	0.09577	0.12368	0.15062	0.06138	0.02747	0.02190	0.01071	0.00884	0.00278	0.00979	0.00854	0.00755	0.04584
52	0.03982	0.01783	0.02267	0.01738	0.02454	0.01677	0.01436	0.16374	0.02997	0.50219	0.03313	0.02924	0.02117	0.01129	0.00922	0.00282	0.00831	0.00902	0.01089	0.01562
53	0.01768	0.01666	0.02815	0.61793	0.09793	0.02049	0.02567	0.02375	0.01852	0.02387	0.01638	0.02437	0.01238	0.00912	0.00917	0.00304	0.01216	0.00816	0.00411	0.01047
54	0.06141	0.02206	0.10301	0.02582	0.14166	0.06252	0.01922	0.06312	0.02325	0.12622	0.06469	0.07360	0.02987	0.01435	0.00983	0.00313	0.00975	0.12709	0.00727	0.01213
55	0.01119	0.00799	0.01065	0.01278	0.01332	0.00746	0.00852	0.01278	0.01758	0.02344	0.05061	0.67132	0.06073	0.02877	0.01172	0.00373	0.00533	0.02610	0.00852	0.00746
56	0.02587	0.02421	0.08322	0.02013	0.02677	0.02431	0.01730	0.20229	0.38431	0.04308	0.03089	0.02927	0.02283	0.01167	0.00924	0.00299	0.00871	0.00942	0.00875	0.01475
57	0.03214	0.18531	0.03091	0.02190	0.02732	0.50664	0.01729	0.03463	0.02439	0.02228	0.01388	0.01615	0.01182	0.00911	0.00775	0.00228	0.01507	0.00569	0.00455	0.01090
58	0.02205	0.22004	0.41732	0.02245	0.03389	0.02480	0.02716	0.02998	0.01977	0.07804	0.01714	0.01911	0.01262	0.00871	0.00799	0.00264	0.01204	0.00648	0.00453	0.01325
59	0.15287	0.01597	0.02006	0.01566	0.02253	0.01463	0.01293	0.04192	0.02458	0.53317	0.03249	0.02865	0.02069	0.01091	0.00867	0.00284	0.00770	0.00855	0.01046	0.01472
60	0.01734	0.01632	0.02754	0.65524	0.06324	0.02040	0.02550	0.02346	0.01836	0.02346	0.01632	0.02448	0.01224	0.00918	0.00918	0.00306	0.01224	0.00816	0.00408	0.01020
61	0.07566	0.02123	0.02351	0.01909	0.02496	0.02349	0.01547	0.31930	0.12204	0.12163	0.02730	0.07629	0.02146	0.01286	0.01050	0.00298	0.04932	0.00992	0.00889	0.01409
62	0.04043	0.01685	0.02207	0.01692	0.02405	0.01532	0.01398	0.11105	0.02834	0.55719	0.03450	0.03013	0.02186	0.01132	0.00923	0.00283	0.00809	0.00912	0.01110	0.01562
63	0.01256	0.00937	0.01167	0.01110	0.01345	0.00848	0.00832	0.01649	0.02496	0.03438	0.50927	0.07260	0.19408	0.01968	0.01083	0.00293	0.00440	0.01717	0.00979	0.00848
64	0.02406	0.01188	0.01553	0.01319	0.01746	0.01049	0.01039	0.02783	0.02546	0.27240	0.31610	0.05608	0.12814	0.01636	0.01019	0.00290	0.00577	0.01399	0.01041	0.01135
65	0.14088	0.06805	0.09177	0.02743	0.07922	0.06988	0.16756	0.10961	0.05857	0.03447	0.01788	0.02116	0.01381	0.00939	0.01001	0.00289	0.05127	0.00799	0.00558	0.01256
66	0.01312	0.00984	0.01476	0.01476	0.01640	0.01148	0.01148	0.01640	0.01476	0.02131	0.02459	0.03607	0.02295	0.06886	0.64092	0.01476	0.02459	0.00984	0.00492	0.00820
67	0.01276	0.00849	0.01016	0.01107	0.01147	0.00826	0.00689	0.01380	0.01565	0.02160	0.03822	0.31726	0.04415	0.34515	0.02843	0.00613	0.00699	0.01835	0.06855	0.00662
68	0.07078	0.03103	0.22907	0.02163	0.03041	0.02408	0.02180	0.22244	0.18001	0.04196	0.02358	0.02389	0.01716	0.01046	0.00885	0.00291	0.01035	0.00811	0.00721	0.01428
69	0.01339	0.01016	0.01250	0.01267	0.01471	0.00991	0.00919	0.01925	0.09363	0.03130	0.30183	0.27711	0.11560	0.02188	0.01096	0.00323	0.00507	0.01940	0.00932	0.00889
70	0.01792	0.05428	0.02136	0.06328	0.02344	0.09052	0.06101	0.02233	0.02398	0.03191	0.35425	0.04736	0.05445	0.01420	0.00973	0.00265	0.00792	0.01244	0.00773	0.07925
71	0.07557	0.02733	0.27500	0.08047	0.03088	0.01633	0.02147	0.02460	0.01892	0.06576	0.02646	0.19320	0.02543	0.01409	0.00921	0.00302	0.00988	0.01195	0.00586	0.06457
72	0.68910	0.01790	0.01403	0.01256	0.01821	0.02076	0.01028	0.02860	0.05899	0.04099	0.01460	0.01634	0.01128	0.00881	0.00595	0.00286	0.00711	0.00537	0.00595	0.01028
73	0.03295	0.03478	0.02574	0.02209	0.02753	0.37431	0.01718	0.23364	0.03135	0.03510	0.01778	0.01997	0.01401	0.01440	0.05527	0.00342	0.01483	0.00705	0.00634	0.01225
74	0.07272	0.13966	0.49790	0.02358	0.03572	0.02350	0.02945	0.02869	0.01900	0.02886	0.01565	0.01836	0.01153	0.00858	0.00808	0.00276	0.01254	0.00637	0.00402	0.01304
75	0.02855	0.03379	0.03116	0.03200	0.15588	0.36081	0.06893	0.03198	0.02271	0.02462	0.01489	0.01912	0.01262	0.01006	0.01205	0.00276	0.11481	0.00715	0.00457	0.01153
76	0.02978	0.02924	0.02614	0.02178	0.02752	0.23284	0.05215	0.22221	0.12850	0.03883	0.07736	0.02677	0.02297	0.01125	0.00916	0.00272	0.01161	0.00877	0.00750	0.01289
77	0.02761	0.02149	0.03453	0.04286	0.38338	0.02136	0.07179	0.10807	0.02498	0.14055	0.02143	0.02433	0.01610	0.00910	0.00928	0.00278	0.01063	0.00861	0.00641	0.01470

[dist]
# distance from previous block
# <min> <max>
2	8

[block]
# block no. 7 follows, 18 sequences, length 25
# corresponding to MSA columns:
# 341-365
name=unknown_H
#
# <colnr> <probs for GDERKNQSTAVLIFYWHMCP>
#	G	D	E	R	K	N	Q	S	T	A	V	L	I	F	Y	W	H	M	C	P
0	0.01936	0.01661	0.01919	0.01403	0.02194	0.01314	0.01119	0.02531	0.06893	0.03064	0.01812	0.02034	0.01483	0.00728	0.00702	0.00151	0.00684	0.00586	0.00577	0.67207
1	0.01143	0.00831	0.01079	0.01230	0.01330	0.00767	0.00841	0.01351	0.01915	0.02560	0.14038	0.53021	0.11147	0.02678	0.01151	0.00355	0.00512	0.02409	0.00877	0.00767
2	0.02009	0.02009	0.02812	0.02411	0.02411	0.02812	0.02009	0.02210	0.01406	0.02210	0.01205	0.02009	0.01205	0.01607	0.03013	0.00402	0.66051	0.00804	0.00402	0.01004
3	0.01904	0.01632	0.01904	0.01360	0.02176	0.01224	0.01088	0.02312	0.01904	0.02992	0.01632	0.01904	0.01360	0.00680	0.00680	0.00136	0.00680	0.00544	0.00544	0.73344
4	0.03081	0.02145	0.02406	0.01970	0.02587	0.02324	0.01637	0.39214	0.07506	0.10394	0.02952	0.03943	0.02429	0.01391	0.00987	0.00307	0.00938	0.11445	0.00926	0.01416
5	0.01138	0.00821	0.01046	0.01217	0.01288	0.00764	0.00807	0.01288	0.01745	0.02297	0.05229	0.55227	0.10987	0.09664	0.01533	0.00422	0.00564	0.02413	0.00821	0.00729
6	0.02331	0.08674	0.21947	0.07673	0.03496	0.02386	0.07584	0.10125	0.13387	0.06410	0.02179	0.02374	0.01613	0.01014	0.01011	0.00294	0.04741	0.00818	0.00606	0.01337
7	0.01734	0.01632	0.02754	0.65524	0.06324	0.02040	0.02550	0.02346	0.01836	0.02346	0.01632	0.02448	0.01224	0.00918	0.00918	0.00306	0.01224	0.00816	0.00408	0.01020
8	0.04120	0.01563	0.02131	0.01634	0.02344	0.01350	0.01350	0.04475	0.02628	0.62639	0.03622	0.03125	0.02273	0.01136	0.00923	0.00284	0.00781	0.00923	0.01136	0.01563
9	0.01414	0.01146	0.01450	0.01457	0.01610	0.04586	0.01093	0.01687	0.01550	0.02121	0.02691	0.09700	0.02697	0.12596	0.48411	0.01242	0.02069	0.01151	0.00531	0.00799
10	0.02468	0.15240	0.14922	0.12175	0.06684	0.02506	0.07489	0.12698	0.06905	0.07318	0.01990	0.02237	0.01483	0.00937	0.00863	0.00274	0.01121	0.00779	0.00587	0.01322
11	0.01294	0.01072	0.01326	0.01250	0.01546	0.00992	0.03496	0.01789	0.07078	0.02892	0.20738	0.16041	0.32811	0.02132	0.01084	0.00314	0.00539	0.01852	0.00881	0.00872
12	0.01119	0.00799	0.01065	0.01278	0.01332	0.00746	0.00852	0.01278	0.01758	0.02344	0.05061	0.67132	0.06073	0.02877	0.01172	0.00373	0.00533	0.02610	0.00852	0.00746
13	0.01842	0.04749	0.62974	0.02617	0.03974	0.02132	0.03392	0.02908	0.01939	0.02908	0.01648	0.01939	0.01163	0.00872	0.00872	0.00291	0.01357	0.00678	0.00388	0.01357
14	0.01904	0.01632	0.01904	0.01360	0.02176	0.01224	0.01088	0.02312	0.01904	0.02992	0.01632	0.01904	0.01360	0.00680	0.00680	0.00136	0.00680	0.00544	0.00544	0.73344
15	0.01387	0.01226	0.05502	0.01566	0.01756	0.01087	0.01298	0.01652	0.01782	0.02409	0.04012	0.30441	0.04493	0.02940	0.06880	0.07306	0.04479	0.18259	0.00721	0.00805
16	0.01321	0.00884	0.01006	0.01020	0.01024	0.00880	0.00576	0.01331	0.01364	0.01819	0.03041	0.10167	0.03524	0.63319	0.04435	0.00855	0.00866	0.01422	0.00576	0.00569
17	0.09530	0.01963	0.13218	0.01564	0.02028	0.03836	0.01468	0.02098	0.01954	0.02943	0.12896	0.09544	0.12596	0.02064	0.06920	0.00409	0.05956	0.01229	0.06819	0.00963
18	0.02352	0.29158	0.14423	0.08000	0.13464	0.02819	0.02208	0.08798	0.05393	0.02931	0.01685	0.01963	0.01358	0.00877	0.00777	0.00251	0.01077	0.00675	0.00489	0.01300
19	0.09391	0.05994	0.02162	0.01736	0.02051	0.01846	0.04336	0.05183	0.02014	0.02955	0.11785	0.04756	0.10940	0.02103	0.06832	0.00429	0.15888	0.07963	0.00663	0.00972
20	0.01207	0.00935	0.01099	0.01058	0.01315	0.00827	0.00793	0.01553	0.02380	0.03161	0.38886	0.07716	0.31621	0.02071	0.01084	0.00298	0.00447	0.01781	0.00942	0.00827
21	0.01114	0.00817	0.01047	0.01231	0.01319	0.00750	0.00831	0.01284	0.01803	0.02362	0.05638	0.59202	0.13630	0.02802	0.01160	0.00364	0.00524	0.02519	0.00852	0.00750
22	0.17966	0.01969	0.02051	0.01592	0.02306	0.01972	0.01293	0.19327	0.07464	0.04131	0.01902	0.02032	0.01462	0.00889	0.00748	0.00224	0.00788	0.00659	0.00693	0.30532
23	0.02334	0.19788	0.32891	0.02075	0.03136	0.02293	0.02387	0.03031	0.02017	0.11444	0.01841	0.01992	0.01350	0.00868	0.00788	0.00249	0.01105	0.00653	0.00515	0.09243
24	0.02631	0.14808	0.12514	0.02781	0.13160	0.05855	0.07397	0.12479	0.02454	0.09486	0.01958	0.02229	0.01500	0.01318	0.05158	0.00346	0.01232	0.00773	0.00588	0.01333

[dist]
# distance from previous block
# <min> <max>
0	3

[block]
# block no. 8 follows, 18 sequences, length 14
# corresponding to MSA columns:
# 369-382
name=unknown_I
#
# <colnr> <probs for GDERKNQSTAVLIFYWHMCP>
#	G	D	E	R	K	N	Q	S	T	A	V	L	I	F	Y	W	H	M	C	P
0	0.74217	0.01776	0.01350	0.01207	0.01776	0.02060	0.00994	0.02699	0.01563	0.04120	0.01278	0.01492	0.00994	0.00852	0.00568	0.00284	0.00710	0.00497	0.00568	0.00994
1	0.02111	0.02312	0.04498	0.03355	0.03956	0.02495	0.38663	0.02683	0.01898	0.02683	0.01627	0.02312	0.01327	0.01068	0.01765	0.00342	0.24323	0.00985	0.00442	0.01156
2	0.43144	0.13813	0.02499	0.02124	0.12582	0.02425	0.01478	0.07139	0.01926	0.03702	0.01430	0.01682	0.01153	0.00854	0.00660	0.00266	0.00850	0.00578	0.00544	0.01153
3	0.01146	0.00881	0.01048	0.01115	0.01305	0.00784	0.00795	0.01395	0.02076	0.02694	0.19250	0.30920	0.28413	0.02439	0.01118	0.00330	0.00484	0.02136	0.00888	0.00784
4	0.01173	0.00838	0.01127	0.01340	0.01417	0.00792	0.00946	0.01372	0.01811	0.02404	0.05031	0.58633	0.05955	0.02826	0.01186	0.00380	0.00580	0.10576	0.00851	0.00761
5	0.06391	0.08628	0.02384	0.01676	0.02241	0.02058	0.01403	0.17418	0.02692	0.23517	0.02572	0.02587	0.01830	0.01114	0.01029	0.00273	0.07197	0.00812	0.12854	0.01324
6	0.02945	0.11196	0.02890	0.02016	0.02639	0.02827	0.01685	0.34150	0.15825	0.04529	0.02314	0.02351	0.01744	0.01140	0.01083	0.00285	0.07321	0.00825	0.00801	0.01432
7	0.01905	0.02394	0.14696	0.14658	0.03807	0.01757	0.11988	0.02547	0.01944	0.02840	0.01675	0.02119	0.01300	0.00781	0.00836	0.00230	0.01073	0.00719	0.00473	0.32258
8	0.02665	0.18759	0.16418	0.02924	0.17558	0.08812	0.02273	0.06140	0.02250	0.11166	0.01860	0.02060	0.01417	0.00895	0.00818	0.00256	0.01133	0.00701	0.00547	0.01348
9	0.02733	0.06691	0.08899	0.02340	0.02917	0.12053	0.07241	0.15783	0.02548	0.08014	0.01974	0.02561	0.01609	0.01204	0.01393	0.00307	0.16000	0.03869	0.00619	0.01244
10	0.01585	0.00825	0.01170	0.01170	0.01220	0.00841	0.00807	0.01387	0.01338	0.01934	0.01899	0.02970	0.01782	0.03220	0.09059	0.54803	0.00903	0.00825	0.11749	0.00512
11	0.06436	0.14841	0.07952	0.02326	0.06522	0.14345	0.06166	0.09895	0.13714	0.03267	0.04431	0.02357	0.01865	0.00999	0.00840	0.00265	0.01109	0.00785	0.00618	0.01269
12	0.02654	0.02235	0.03219	0.04365	0.41881	0.06912	0.02366	0.03356	0.08216	0.12366	0.02207	0.02476	0.01700	0.00922	0.00908	0.00276	0.01049	0.00839	0.00612	0.01441
13	0.01224	0.00911	0.01196	0.01326	0.01367	0.00935	0.00899	0.01362	0.01663	0.02245	0.04411	0.52313	0.05252	0.12930	0.01869	0.00456	0.05869	0.02265	0.00770	0.00737

[dist]
# distance from previous block
# <min> <max>
0	4

[block]
# block no. 9 follows, 18 sequences, length 6
# corresponding to MSA columns:
# 405-410
name=unknown_J
#
# <colnr> <probs for GDERKNQSTAVLIFYWHMCP>
#	G	D	E	R	K	N	Q	S	T	A	V	L	I	F	Y	W	H	M	C	P
0	0.01119	0.00799	0.01065	0.01278	0.01332	0.00746	0.00852	0.01278	0.01758	0.02344	0.05061	0.67132	0.06073	0.02877	0.01172	0.00373	0.00533	0.02610	0.00852	0.00746
