[name]
unknown

[dist]
# distance from previous block
# <min> <max>
0	86

[block]
# block no. 0 follows, 22 sequences, length 8
# corresponding to MSA columns:
# 86-93
name=unknown_A
#
# <colnr> <probs for GDERKNQSTAVLIFYWHMCP>
#	G	D	E	R	K	N	Q	S	T	A	V	L	I	F	Y	W	H	M	C	P
0	0.01176	0.00849	0.01110	0.01045	0.01241	0.00784	0.00784	0.01568	0.02352	0.03331	0.65184	0.06206	0.07839	0.01698	0.00980	0.00261	0.00392	0.01502	0.00914	0.00784
1	0.02058	0.01896	0.02975	0.14047	0.43624	0.02008	0.02278	0.06788	0.10537	0.02898	0.01828	0.02219	0.01458	0.00824	0.00827	0.00256	0.00955	0.00768	0.00493	0.01263
2	0.76672	0.01607	0.01221	0.01092	0.01607	0.01864	0.00900	0.02442	0.01414	0.03727	0.01157	0.01350	0.00900	0.00771	0.00514	0.00257	0.00643	0.00450	0.00514	0.00900
3	0.00982	0.00842	0.00842	0.00842	0.01122	0.00701	0.00631	0.01192	0.01894	0.02244	0.08416	0.07995	0.65285	0.02104	0.00982	0.00281	0.00421	0.01753	0.00771	0.00701
4	0.01569	0.01477	0.02492	0.68808	0.05722	0.01846	0.02307	0.02123	0.01661	0.02123	0.01477	0.02215	0.01107	0.00831	0.00831	0.00277	0.01107	0.00738	0.00369	0.00923
5	0.03030	0.01971	0.02204	0.01751	0.02363	0.02120	0.01427	0.34164	0.18283	0.19704	0.02648	0.02469	0.01845	0.01037	0.00836	0.00259	0.00801	0.00816	0.00883	0.01389
6	0.02613	0.01840	0.02028	0.01686	0.02069	0.07744	0.01367	0.15691	0.05506	0.17383	0.02199	0.02348	0.01634	0.01104	0.01240	0.00267	0.17365	0.00758	0.14026	0.01132
7	0.01989	0.01906	0.03251	0.13847	0.57397	0.01956	0.02516	0.02491	0.01860	0.02633	0.01551	0.02078	0.01287	0.00753	0.00824	0.00251	0.01003	0.00740	0.00405	0.01262

[dist]
# distance from previous block
# <min> <max>
0	1

[block]
# block no. 1 follows, 22 sequences, length 29
# corresponding to MSA columns:
# 95-123
name=unknown_B
#
# <colnr> <probs for GDERKNQSTAVLIFYWHMCP>
#	G	D	E	R	K	N	Q	S	T	A	V	L	I	F	Y	W	H	M	C	P
0	0.02097	0.60566	0.09032	0.01490	0.02198	0.03006	0.01522	0.02421	0.01666	0.02006	0.01264	0.01515	0.01143	0.01144	0.05730	0.00274	0.01019	0.00492	0.00362	0.01054
1	0.01571	0.01295	0.01497	0.01250	0.01714	0.01193	0.00971	0.02393	0.16253	0.03073	0.24306	0.03939	0.07416	0.01190	0.00815	0.00216	0.00537	0.01015	0.00735	0.28623
2	0.12368	0.02113	0.02043	0.01679	0.02250	0.11241	0.01349	0.19674	0.13776	0.21474	0.02400	0.02277	0.01683	0.00981	0.00783	0.00253	0.00858	0.00739	0.00792	0.01267
3	0.01403	0.04868	0.01331	0.01192	0.01430	0.00957	0.00939	0.01698	0.01990	0.07624	0.22778	0.21222	0.14031	0.01972	0.00995	0.00300	0.00543	0.13107	0.00809	0.00809
4	0.01190	0.00876	0.01263	0.01263	0.01387	0.00999	0.00949	0.01437	0.01314	0.01875	0.02291	0.03628	0.02235	0.17045	0.56914	0.01246	0.01987	0.00943	0.00455	0.00702
5	0.00982	0.00842	0.00842	0.00842	0.01122	0.00701	0.00631	0.01192	0.01894	0.02244	0.08416	0.07995	0.65285	0.02104	0.00982	0.00281	0.00421	0.01753	0.00771	0.00701
6	0.03158	0.02327	0.02493	0.01911	0.02576	0.02576	0.01579	0.62852	0.03906	0.05236	0.01995	0.01995	0.01413	0.00997	0.00831	0.00249	0.00914	0.00748	0.00831	0.01413
7	0.02003	0.02598	0.16820	0.03165	0.04070	0.02017	0.47452	0.02734	0.01944	0.06248	0.01734	0.02179	0.01265	0.00736	0.00935	0.00275	0.01327	0.00900	0.00441	0.01158
8	0.02179	0.01385	0.01393	0.01224	0.01573	0.07611	0.00952	0.06669	0.05716	0.15141	0.14925	0.03424	0.03106	0.01123	0.00756	0.00230	0.00609	0.00913	0.30084	0.00990
9	0.01047	0.00812	0.00964	0.01068	0.01244	0.00729	0.00792	0.01257	0.01777	0.02232	0.06311	0.32626	0.32797	0.02328	0.01037	0.00318	0.00496	0.10693	0.00770	0.00700
10	0.02683	0.01935	0.03298	0.02445	0.03157	0.01876	0.28223	0.10802	0.09728	0.23259	0.02429	0.02499	0.01684	0.00892	0.00900	0.00269	0.01031	0.00901	0.00715	0.01273
11	0.01750	0.04186	0.62899	0.02342	0.03538	0.01966	0.02986	0.06019	0.01875	0.02777	0.01519	0.01767	0.01073	0.00801	0.00792	0.00262	0.01210	0.00621	0.00378	0.01238
12	0.01027	0.00836	0.00836	0.00836	0.01110	0.00707	0.00627	0.01251	0.01882	0.02312	0.07965	0.07608	0.60293	0.02014	0.00950	0.00274	0.00418	0.01676	0.06671	0.00707
13	0.01960	0.01876	0.03199	0.17600	0.53869	0.01949	0.02502	0.02466	0.01846	0.02598	0.01546	0.02087	0.01275	0.00758	0.00824	0.00253	0.01011	0.00740	0.00403	0.01239
14	0.02357	0.02187	0.02879	0.02261	0.02839	0.13508	0.21065	0.06016	0.15344	0.10480	0.09925	0.02832	0.02401	0.00993	0.00886	0.00262	0.01033	0.00928	0.00663	0.01141
15	0.01666	0.04297	0.66500	0.02368	0.03596	0.01929	0.03069	0.02631	0.01754	0.02631	0.01491	0.01754	0.01052	0.00789	0.00789	0.00263	0.01228	0.00614	0.00351	0.01228
16	0.01002	0.00762	0.00924	0.01054	0.01178	0.00683	0.00725	0.01168	0.01690	0.02161	0.05834	0.49891	0.25056	0.02439	0.01035	0.00319	0.00462	0.02163	0.00771	0.00683
17	0.02080	0.01988	0.03048	0.22631	0.37259	0.07418	0.05408	0.02569	0.01892	0.05460	0.01601	0.02100	0.01268	0.00787	0.00827	0.00255	0.01072	0.00739	0.00430	0.01170
18	0.17631	0.02230	0.02180	0.01729	0.02343	0.07440	0.01415	0.40860	0.03153	0.10319	0.01893	0.01906	0.01344	0.00945	0.00763	0.00249	0.00888	0.00681	0.00755	0.01277
19	0.02299	0.01886	0.01932	0.01655	0.02148	0.06072	0.01302	0.15093	0.35639	0.06606	0.10080	0.03070	0.02761	0.01123	0.00841	0.00260	0.00729	0.00917	0.00816	0.04772
20	0.02221	0.71304	0.04353	0.01421	0.02132	0.03287	0.01421	0.02488	0.01688	0.01955	0.01155	0.01333	0.01066	0.00711	0.00533	0.00178	0.00888	0.00444	0.00355	0.01066
21	0.01705	0.01339	0.01755	0.14512	0.02577	0.01209	0.01256	0.02073	0.01722	0.06046	0.02073	0.03248	0.01894	0.07799	0.01095	0.00262	0.00755	0.08427	0.00535	0.39719
22	0.01523	0.01326	0.01343	0.01286	0.01412	0.08974	0.00899	0.01816	0.06243	0.01906	0.02344	0.04049	0.02414	0.36969	0.20009	0.00812	0.04474	0.01002	0.00499	0.00702
23	0.01402	0.14753	0.01737	0.01137	0.01471	0.01369	0.00919	0.01891	0.08102	0.02676	0.25909	0.10936	0.21400	0.01636	0.00886	0.00259	0.00531	0.01381	0.00747	0.00860
24	0.02146	0.02144	0.03285	0.04845	0.60203	0.07603	0.02468	0.02616	0.01931	0.02656	0.01539	0.02008	0.01295	0.00750	0.00816	0.00244	0.01031	0.00723	0.00413	0.01286
25	0.09390	0.01489	0.01811	0.01440	0.01988	0.01441	0.01174	0.14303	0.02572	0.37215	0.15005	0.03209	0.02972	0.01132	0.00835	0.00256	0.00678	0.00917	0.00925	0.01246
26	0.08467	0.02306	0.03226	0.02476	0.03078	0.16796	0.31171	0.02533	0.02026	0.02611	0.07254	0.02985	0.09309	0.00986	0.00887	0.00262	0.01163	0.00965	0.00510	0.00990
27	0.09885	0.01610	0.01978	0.01530	0.02166	0.01542	0.01264	0.15449	0.02595	0.48867	0.02843	0.02537	0.01831	0.01000	0.00807	0.00256	0.00742	0.00785	0.00945	0.01369
28	0.01087	0.00787	0.00949	0.01016	0.01171	0.00715	0.00721	0.01326	0.01855	0.02511	0.19150	0.33660	0.21409	0.02127	0.00980	0.00293	0.00437	0.01871	0.07219	0.00715

[dist]
# distance from previous block
# <min> <max>
0	5

[block]
# block no. 2 follows, 22 sequences, length 33
# corresponding to MSA columns:
# 129-161
name=unknown_C
#
# <colnr> <probs for GDERKNQSTAVLIFYWHMCP>
#	G	D	E	R	K	N	Q	S	T	A	V	L	I	F	Y	W	H	M	C	P
0	0.01324	0.00802	0.01075	0.01194	0.01310	0.00737	0.00823	0.01488	0.01681	0.09470	0.04429	0.62527	0.05100	0.02422	0.01035	0.00328	0.00508	0.02187	0.00801	0.00760
1	0.02381	0.02839	0.03529	0.02758	0.03301	0.27539	0.29031	0.02808	0.02001	0.02310	0.01431	0.01884	0.01159	0.00884	0.01175	0.00268	0.12498	0.00766	0.00414	0.01025
2	0.01549	0.00963	0.01333	0.01451	0.01667	0.00932	0.01215	0.01878	0.01903	0.09723	0.04305	0.20472	0.04607	0.02210	0.01095	0.00359	0.00703	0.42016	0.00796	0.00822
3	0.01344	0.01150	0.01822	0.01709	0.01927	0.01186	0.09920	0.01654	0.01732	0.02311	0.03971	0.28657	0.08288	0.02064	0.01263	0.00343	0.08592	0.20598	0.00672	0.00796
4	0.76672	0.01607	0.01221	0.01092	0.01607	0.01864	0.00900	0.02442	0.01414	0.03727	0.01157	0.01350	0.00900	0.00771	0.00514	0.00257	0.00643	0.00450	0.00514	0.00900
5	0.01187	0.00890	0.01335	0.01335	0.01483	0.01038	0.01038	0.01483	0.01335	0.01928	0.02225	0.03264	0.02077	0.06231	0.67512	0.01335	0.02225	0.00890	0.00445	0.00742
6	0.02426	0.42403	0.03461	0.01604	0.02248	0.07015	0.01445	0.14164	0.12674	0.02830	0.01696	0.01765	0.01379	0.00844	0.00655	0.00211	0.00893	0.00590	0.00532	0.01166
7	0.01304	0.00920	0.01241	0.01380	0.01534	0.00917	0.01143	0.01612	0.01802	0.02366	0.07685	0.08416	0.04621	0.15594	0.01737	0.00458	0.00751	0.45083	0.00723	0.00715
8	0.08934	0.15520	0.02402	0.01573	0.02124	0.08150	0.01313	0.21074	0.12258	0.06705	0.02064	0.02114	0.01566	0.00928	0.00711	0.00232	0.00824	0.00682	0.09658	0.01169
9	0.01429	0.00731	0.01096	0.01096	0.01104	0.00739	0.00739	0.01104	0.01096	0.01469	0.01485	0.02565	0.01477	0.03067	0.06730	0.71793	0.00803	0.00731	0.00365	0.00381
10	0.03727	0.01414	0.01928	0.01478	0.02121	0.01221	0.01221	0.04049	0.02378	0.66198	0.03277	0.02828	0.02056	0.01028	0.00835	0.00257	0.00707	0.00835	0.01028	0.01414
11	0.03165	0.02233	0.14656	0.01774	0.02536	0.01741	0.01682	0.20371	0.02688	0.36617	0.02568	0.02383	0.01679	0.00973	0.00825	0.00256	0.00867	0.00768	0.00841	0.01377
12	0.01208	0.00805	0.00906	0.00906	0.00906	0.00805	0.00503	0.01208	0.01208	0.01611	0.02618	0.05436	0.03020	0.70804	0.04228	0.00805	0.00805	0.01208	0.00503	0.00503
13	0.02297	0.01623	0.02374	0.01947	0.02232	0.01925	0.05739	0.02574	0.01657	0.20189	0.01882	0.02278	0.01483	0.01742	0.08693	0.00418	0.35447	0.00782	0.00569	0.04149
14	0.01559	0.01134	0.01318	0.01187	0.01504	0.01121	0.00915	0.06867	0.11584	0.06665	0.34884	0.05630	0.19135	0.01613	0.00941	0.00267	0.00496	0.01379	0.00872	0.00928
15	0.01102	0.00846	0.01008	0.00968	0.01196	0.00752	0.00726	0.01425	0.02177	0.02917	0.43557	0.06887	0.29724	0.01853	0.00981	0.00269	0.00403	0.01598	0.00860	0.00752
16	0.01666	0.04297	0.66500	0.02368	0.03596	0.01929	0.03069	0.02631	0.01754	0.02631	0.01491	0.01754	0.01052	0.00789	0.00789	0.00263	0.01228	0.00614	0.00351	0.01228
17	0.01229	0.00905	0.01156	0.01084	0.01296	0.00861	0.00816	0.01738	0.06044	0.03340	0.61490	0.06020	0.07522	0.01664	0.00972	0.00263	0.00408	0.01469	0.00910	0.00816
18	0.01339	0.00956	0.01339	0.01530	0.01721	0.00956	0.01339	0.01721	0.01912	0.02486	0.04399	0.09371	0.04781	0.02295	0.01147	0.00382	0.00765	0.60031	0.00765	0.00765
19	0.03100	0.02298	0.02460	0.01900	0.02554	0.02549	0.01565	0.59735	0.07118	0.05142	0.02068	0.02053	0.01473	0.01004	0.00832	0.00251	0.00900	0.00758	0.00832	0.01408
20	0.01912	0.01616	0.02548	0.02049	0.02512	0.01710	0.16860	0.17988	0.02203	0.03017	0.02142	0.02994	0.01838	0.03233	0.29451	0.00729	0.01592	0.04031	0.00558	0.01016
21	0.01916	0.02678	0.29494	0.01745	0.02682	0.01472	0.01903	0.02536	0.01807	0.09579	0.01679	0.01856	0.01244	0.00735	0.00714	0.00198	0.00888	0.00582	0.00490	0.35804
22	0.01484	0.01354	0.02237	0.52520	0.07776	0.01624	0.02020	0.01955	0.01659	0.02151	0.02085	0.15452	0.01972	0.01171	0.00875	0.00287	0.00980	0.01054	0.00449	0.00894
23	0.01204	0.00822	0.00990	0.00990	0.01018	0.00851	0.00608	0.01262	0.01233	0.01673	0.02541	0.05014	0.02837	0.58236	0.16546	0.00908	0.01082	0.01146	0.00492	0.00550
24	0.03343	0.01538	0.02183	0.06161	0.10783	0.01428	0.01483	0.06682	0.02346	0.50744	0.02874	0.02645	0.01867	0.00976	0.00833	0.00257	0.00779	0.00812	0.00896	0.01370
25	0.01720	0.02218	0.14949	0.02180	0.02459	0.02235	0.04558	0.02073	0.01425	0.02162	0.01513	0.08090	0.01494	0.01398	0.02122	0.00338	0.46843	0.00865	0.00401	0.00958
26	0.01961	0.01877	0.03201	0.17499	0.53963	0.01949	0.02502	0.02466	0.01847	0.02599	0.01546	0.02087	0.01275	0.00758	0.00824	0.00253	0.01010	0.00740	0.00403	0.01239
27	0.01569	0.01477	0.02492	0.68808	0.05722	0.01846	0.02307	0.02123	0.01661	0.02123	0.01477	0.02215	0.01107	0.00831	0.00831	0.00277	0.01107	0.00738	0.00369	0.00923
28	0.01199	0.08927	0.01349	0.00987	0.01284	0.01030	0.00781	0.01487	0.02048	0.02633	0.29639	0.06536	0.35600	0.01787	0.00930	0.00261	0.00463	0.01506	0.00779	0.00775
29	0.68058	0.01592	0.01367	0.08859	0.02079	0.01862	0.01061	0.02405	0.01442	0.03543	0.01193	0.01449	0.00924	0.00778	0.00550	0.00259	0.00696	0.00483	0.00497	0.00902
30	0.01181	0.00866	0.01270	0.01293	0.01431	0.00986	0.00990	0.01464	0.01380	0.01996	0.02514	0.10942	0.02471	0.05607	0.57258	0.01176	0.01953	0.01054	0.03430	0.00735
31	0.01409	0.01291	0.01358	0.01419	0.01529	0.08993	0.01019	0.01677	0.04785	0.02164	0.03722	0.50769	0.04309	0.02187	0.01203	0.00323	0.08505	0.01883	0.00687	0.00768
32	0.12094	0.01436	0.01847	0.01434	0.02062	0.01295	0.01184	0.03864	0.02267	0.59032	0.03034	0.02658	0.01924	0.00999	0.00799	0.00257	0.00700	0.00791	0.00969	0.01355

[dist]
# distance from previous block
# <min> <max>
0	1

[block]
# block no. 3 follows, 22 sequences, length 8
# corresponding to MSA columns:
# 163-170
name=unknown_D
#
# <colnr> <probs for GDERKNQSTAVLIFYWHMCP>
#	G	D	E	R	K	N	Q	S	T	A	V	L	I	F	Y	W	H	M	C	P
0	0.03490	0.01421	0.01990	0.08875	0.02516	0.01290	0.01340	0.03837	0.02299	0.59158	0.03080	0.02760	0.01952	0.01006	0.00835	0.00259	0.00751	0.00825	0.00956	0.01360
1	0.07413	0.01573	0.01570	0.01384	0.01718	0.05677	0.01095	0.11651	0.14151	0.03349	0.02356	0.02568	0.01833	0.01036	0.00911	0.00244	0.08175	0.00759	0.31527	0.01010
2	0.01816	0.01949	0.04040	0.03155	0.08757	0.01834	0.45672	0.02439	0.02031	0.02796	0.14013	0.02996	0.02543	0.00898	0.00967	0.00274	0.01171	0.01062	0.00516	0.01071
3	0.17623	0.01629	0.01670	0.01435	0.01874	0.01793	0.01135	0.26446	0.06953	0.03920	0.02514	0.15349	0.02272	0.01268	0.00779	0.00263	0.00688	0.01017	0.10296	0.01075
4	0.01142	0.00803	0.00900	0.00922	0.00981	0.00771	0.00558	0.01199	0.01384	0.01791	0.03963	0.13173	0.15397	0.49837	0.03244	0.00651	0.00695	0.01443	0.00585	0.00561
5	0.02019	0.09491	0.02317	0.16278	0.02946	0.02110	0.01534	0.07384	0.34422	0.03064	0.02469	0.02523	0.01879	0.00965	0.00787	0.00254	0.00795	0.00791	0.00657	0.07314
6	0.01887	0.07248	0.12015	0.02689	0.03546	0.01936	0.36542	0.02515	0.01860	0.02617	0.01572	0.01995	0.01213	0.00693	0.00841	0.00235	0.01162	0.00784	0.00423	0.18226
7	0.05272	0.18513	0.09177	0.01649	0.02352	0.04394	0.01516	0.15398	0.09141	0.13570	0.01996	0.02002	0.01473	0.00872	0.00720	0.00224	0.00854	0.00651	0.00641	0.09584

[dist]
# distance from previous block
# <min> <max>
0	2

[block]
# block no. 4 follows, 22 sequences, length 18
# corresponding to MSA columns:
# 173-190
name=unknown_E
#
# <colnr> <probs for GDERKNQSTAVLIFYWHMCP>
#	G	D	E	R	K	N	Q	S	T	A	V	L	I	F	Y	W	H	M	C	P
0	0.02462	0.01981	0.02101	0.01771	0.02311	0.02251	0.01411	0.25616	0.42274	0.04114	0.02878	0.02699	0.02128	0.01080	0.00840	0.00270	0.00751	0.00870	0.00840	0.01350
1	0.02004	0.43953	0.21988	0.01673	0.02536	0.02645	0.01847	0.02484	0.01711	0.02236	0.01289	0.01499	0.01081	0.00722	0.00616	0.00196	0.00955	0.00499	0.00370	0.09697
2	0.01135	0.00818	0.01074	0.01073	0.01232	0.00757	0.00781	0.01466	0.02163	0.03031	0.50149	0.22096	0.07257	0.01923	0.01000	0.00280	0.00414	0.01716	0.00879	0.00757
3	0.01159	0.00837	0.01025	0.00984	0.01143	0.00779	0.00695	0.01430	0.02009	0.02764	0.42347	0.06245	0.14046	0.18894	0.01786	0.00399	0.00498	0.01462	0.00794	0.00704
4	0.01005	0.00752	0.00934	0.01079	0.01184	0.00681	0.00736	0.01166	0.01666	0.02151	0.05531	0.54815	0.20327	0.02479	0.01041	0.00323	0.00467	0.02211	0.00771	0.00681
5	0.01012	0.00723	0.00964	0.01157	0.01205	0.00675	0.00771	0.01157	0.01591	0.02121	0.04579	0.70262	0.05495	0.02603	0.01060	0.00337	0.00482	0.02362	0.00771	0.00675
6	0.01714	0.01096	0.01126	0.01066	0.01348	0.01186	0.00815	0.02726	0.21627	0.03218	0.02924	0.03098	0.02259	0.01019	0.00665	0.00222	0.00473	0.00827	0.51645	0.00947
7	0.02478	0.01693	0.01891	0.01638	0.02150	0.01857	0.01292	0.04324	0.48804	0.19035	0.03355	0.03032	0.02417	0.01103	0.00843	0.00276	0.00670	0.00913	0.00891	0.01339
8	0.03103	0.03959	0.02354	0.02140	0.02568	0.67469	0.01605	0.03317	0.02354	0.02033	0.01284	0.01498	0.01070	0.00856	0.00749	0.00214	0.01498	0.00535	0.00428	0.00963
9	0.01432	0.01121	0.01372	0.01391	0.01557	0.01215	0.01014	0.07001	0.11958	0.02596	0.03880	0.47943	0.04307	0.02132	0.01141	0.00323	0.06140	0.01860	0.00755	0.00861
10	0.01045	0.00737	0.00954	0.01115	0.01155	0.00696	0.00727	0.01165	0.01527	0.02036	0.04252	0.59476	0.05083	0.13950	0.01587	0.00415	0.00536	0.02170	0.00727	0.00646
11	0.02048	0.01996	0.03496	0.04969	0.60641	0.01984	0.07431	0.02559	0.01897	0.02710	0.01572	0.02071	0.01311	0.00737	0.00835	0.00249	0.01021	0.00760	0.00412	0.01300
12	0.02056	0.01974	0.03372	0.05099	0.65622	0.01974	0.02550	0.02550	0.01892	0.02714	0.01563	0.02056	0.01316	0.00740	0.00822	0.00247	0.00987	0.00740	0.00411	0.01316
13	0.02178	0.03582	0.50481	0.02147	0.03230	0.01754	0.02611	0.02983	0.01909	0.18400	0.01934	0.02020	0.01301	0.00849	0.00801	0.00262	0.01099	0.00669	0.00519	0.01274
14	0.01173	0.00797	0.00947	0.01002	0.01026	0.00786	0.00617	0.01230	0.01339	0.01781	0.03170	0.20153	0.03686	0.51151	0.03322	0.00674	0.00731	0.05276	0.00580	0.00559
15	0.24624	0.01449	0.02014	0.18288	0.10752	0.01596	0.06056	0.02075	0.01619	0.02730	0.02174	0.18811	0.02170	0.01231	0.00800	0.00282	0.00816	0.01071	0.00523	0.00918
16	0.21067	0.02151	0.02183	0.01712	0.02340	0.02403	0.01414	0.48136	0.03299	0.04868	0.01790	0.01837	0.01288	0.00942	0.00754	0.00251	0.00848	0.00675	0.00754	0.01288
17	0.05098	0.01599	0.02382	0.05460	0.18056	0.01583	0.06512	0.03004	0.11249	0.18396	0.12219	0.03031	0.02667	0.01015	0.00847	0.00256	0.00788	0.00911	0.00711	0.04217

[dist]
# distance from previous block
# <min> <max>
0	9

[block]
# block no. 5 follows, 22 sequences, length 170
# corresponding to MSA columns:
# 200-369
name=unknown_F
#
# <colnr> <probs for GDERKNQSTAVLIFYWHMCP>
#	G	D	E	R	K	N	Q	S	T	A	V	L	I	F	Y	W	H	M	C	P
0	0.14144	0.03089	0.02299	0.02187	0.07824	0.38259	0.01574	0.15675	0.02500	0.03023	0.01439	0.01628	0.01138	0.00863	0.00737	0.00231	0.01202	0.00585	0.00525	0.01079
1	0.01590	0.02449	0.25653	0.02409	0.12202	0.01533	0.08166	0.02225	0.01949	0.02786	0.16925	0.03598	0.06382	0.01122	0.00878	0.00262	0.00918	0.03830	0.00548	0.04574
2	0.01189	0.00882	0.01295	0.01295	0.01430	0.01017	0.00989	0.01458	0.01323	0.01899	0.02262	0.03465	0.02164	0.12224	0.61638	0.01286	0.02093	0.00920	0.00450	0.00720
3	0.01839	0.23064	0.42465	0.02081	0.03039	0.02376	0.02476	0.02527	0.01687	0.02376	0.01355	0.01641	0.01060	0.00834	0.00910	0.00249	0.07942	0.00577	0.00353	0.01150
4	0.01806	0.00991	0.01302	0.01143	0.01456	0.00889	0.00886	0.02171	0.02334	0.19066	0.46627	0.05452	0.09428	0.01551	0.00944	0.00261	0.00473	0.01348	0.00935	0.00938
5	0.76672	0.01607	0.01221	0.01092	0.01607	0.01864	0.00900	0.02442	0.01414	0.03727	0.01157	0.01350	0.00900	0.00771	0.00514	0.00257	0.00643	0.00450	0.00514	0.00900
6	0.01012	0.00723	0.00964	0.01157	0.01205	0.00675	0.00771	0.01157	0.01591	0.02121	0.04579	0.70262	0.05495	0.02603	0.01060	0.00337	0.00482	0.02362	0.00771	0.00675
7	0.03727	0.01414	0.01928	0.01478	0.02121	0.01221	0.01221	0.04049	0.02378	0.66198	0.03277	0.02828	0.02056	0.01028	0.00835	0.00257	0.00707	0.00835	0.01028	0.01414
8	0.01024	0.00796	0.00931	0.00997	0.01173	0.00704	0.00710	0.01236	0.01846	0.02364	0.15706	0.32151	0.32923	0.02237	0.01012	0.00300	0.00440	0.01953	0.00793	0.00704
9	0.02894	0.19914	0.02828	0.01970	0.02465	0.52264	0.01562	0.03121	0.02196	0.02015	0.01254	0.01459	0.01069	0.00822	0.00698	0.00205	0.01354	0.00514	0.00411	0.00987
10	0.01945	0.00919	0.01067	0.00963	0.01251	0.00869	0.00746	0.02319	0.01969	0.16286	0.12537	0.03524	0.03001	0.01094	0.00696	0.00217	0.00455	0.00900	0.48333	0.00909
11	0.01172	0.00861	0.01051	0.01148	0.01269	0.00838	0.00822	0.01456	0.05005	0.02160	0.04590	0.30633	0.13567	0.18548	0.01804	0.00445	0.00611	0.12619	0.00711	0.00690
12	0.03419	0.01908	0.02234	0.01713	0.02367	0.01954	0.01415	0.35865	0.03205	0.33213	0.02583	0.02377	0.01708	0.01011	0.00833	0.00253	0.00819	0.00788	0.00922	0.01413
13	0.02685	0.03248	0.02114	0.01996	0.02368	0.51712	0.01542	0.02939	0.02250	0.02140	0.02022	0.03363	0.01949	0.01197	0.00843	0.00254	0.01324	0.14630	0.00508	0.00916
14	0.01014	0.00843	0.00886	0.00875	0.01142	0.00715	0.00656	0.01254	0.01969	0.02422	0.17723	0.07702	0.55867	0.02037	0.00982	0.00277	0.00416	0.01712	0.00795	0.00715
15	0.01696	0.00940	0.01206	0.01081	0.01358	0.00862	0.00831	0.02074	0.02262	0.14676	0.44263	0.05111	0.05904	0.01463	0.00892	0.00250	0.00448	0.01268	0.12519	0.00896
16	0.02148	0.01955	0.01916	0.01726	0.02192	0.07188	0.01338	0.04328	0.59284	0.03362	0.03217	0.02974	0.02421	0.01106	0.00838	0.00276	0.00723	0.00908	0.00813	0.01287
17	0.01820	0.03042	0.33493	0.05245	0.06499	0.05315	0.02251	0.02965	0.17258	0.02762	0.02145	0.06404	0.01725	0.00981	0.00814	0.00263	0.01006	0.00807	0.00515	0.04690
18	0.05522	0.45297	0.25298	0.01727	0.02604	0.02760	0.01956	0.02534	0.01698	0.02267	0.01269	0.01476	0.01054	0.00740	0.00619	0.00210	0.00992	0.00502	0.00361	0.01113
19	0.01012	0.00723	0.00964	0.01157	0.01205	0.00675	0.00771	0.01157	0.01591	0.02121	0.04579	0.70262	0.05495	0.02603	0.01060	0.00337	0.00482	0.02362	0.00771	0.00675
20	0.10936	0.01579	0.01947	0.01508	0.02142	0.01501	0.01246	0.13253	0.02525	0.50237	0.02861	0.02547	0.01838	0.00998	0.00803	0.00256	0.00733	0.00783	0.00945	0.01362
21	0.01651	0.01594	0.02673	0.52113	0.07992	0.01971	0.05523	0.02154	0.01630	0.02162	0.01433	0.02149	0.01123	0.00913	0.01125	0.00289	0.11431	0.00750	0.00373	0.00950
22	0.02166	0.64599	0.10572	0.01516	0.02279	0.03151	0.01586	0.02502	0.01695	0.02022	0.01189	0.01375	0.01065	0.00719	0.00559	0.00186	0.00922	0.00461	0.00355	0.01082
23	0.01012	0.00723	0.00964	0.01157	0.01205	0.00675	0.00771	0.01157	0.01591	0.02121	0.04579	0.70262	0.05495	0.02603	0.01060	0.00337	0.00482	0.02362	0.00771	0.00675
24	0.01009	0.00734	0.00953	0.01128	0.01197	0.00677	0.00758	0.01160	0.01619	0.02132	0.04934	0.64500	0.11028	0.02557	0.01053	0.00332	0.00476	0.02305	0.00771	0.00677
25	0.28604	0.01650	0.01797	0.01375	0.02032	0.01579	0.04434	0.08313	0.01844	0.03321	0.01426	0.01646	0.01132	0.00714	0.00621	0.00192	0.00698	0.00530	0.00530	0.37563
26	0.02137	0.61177	0.13746	0.01564	0.02353	0.03082	0.01671	0.02509	0.01698	0.02057	0.01206	0.01396	0.01064	0.00723	0.00572	0.00191	0.00940	0.00470	0.00355	0.01091
27	0.01149	0.00896	0.01018	0.01021	0.01247	0.00815	0.00749	0.04681	0.02022	0.02598	0.18515	0.22867	0.35243	0.02086	0.00993	0.00289	0.00458	0.01799	0.00803	0.00751
28	0.01200	0.00913	0.01122	0.01200	0.01352	0.00906	0.00848	0.01726	0.11196	0.02552	0.15640	0.45147	0.08641	0.02189	0.01009	0.00312	0.00489	0.01958	0.00808	0.00793
29	0.02692	0.05698	0.05742	0.01880	0.02399	0.16406	0.04365	0.07965	0.11595	0.18487	0.02339	0.05997	0.01819	0.01088	0.01003	0.00263	0.07588	0.00828	0.00676	0.01168
30	0.01063	0.00759	0.01022	0.01215	0.01285	0.00719	0.00859	0.01244	0.01641	0.02177	0.04551	0.60800	0.05384	0.02555	0.01074	0.00344	0.00526	0.11324	0.00770	0.00689
31	0.01267	0.00942	0.01224	0.01371	0.01538	0.00944	0.01086	0.01741	0.07807	0.02431	0.04553	0.32074	0.07602	0.02291	0.01077	0.00351	0.00630	0.29515	0.00775	0.00781
32	0.15075	0.02474	0.02347	0.02622	0.18915	0.22327	0.01669	0.09165	0.05541	0.05835	0.01665	0.01913	0.01320	0.01133	0.04282	0.00299	0.01115	0.00651	0.00531	0.01120
33	0.02683	0.02224	0.02505	0.02017	0.02437	0.05606	0.01664	0.38619	0.02905	0.03945	0.01643	0.01909	0.01283	0.01152	0.01495	0.00288	0.25034	0.00731	0.00647	0.01214
34	0.02035	0.01790	0.02395	0.02441	0.17182	0.01823	0.01613	0.11252	0.01997	0.02943	0.01496	0.01861	0.01250	0.00872	0.01124	0.00220	0.14643	0.00637	0.00498	0.31929
35	0.02024	0.01923	0.03263	0.19477	0.32501	0.02053	0.11433	0.08471	0.02016	0.02780	0.01578	0.02103	0.01256	0.00819	0.00950	0.00265	0.04687	0.00776	0.00442	0.01181
36	0.02257	0.01422	0.01728	0.01273	0.01957	0.01121	0.01027	0.02614	0.01901	0.19934	0.02030	0.02095	0.01502	0.00746	0.00673	0.00163	0.00628	0.00600	0.04605	0.51724
37	0.01192	0.00870	0.01233	0.01233	0.01347	0.00983	0.00912	0.01418	0.01305	0.01853	0.02318	0.03778	0.02300	0.21529	0.52520	0.01210	0.01889	0.00965	0.00459	0.00685
38	0.01253	0.00906	0.01159	0.01106	0.01304	0.00859	0.00823	0.04652	0.02316	0.03246	0.52781	0.15670	0.07154	0.01799	0.00984	0.00272	0.00432	0.01594	0.00889	0.00800
39	0.01569	0.01477	0.02492	0.68808	0.05722	0.01846	0.02307	0.02123	0.01661	0.02123	0.01477	0.02215	0.01107	0.00831	0.00831	0.00277	0.01107	0.00738	0.00369	0.00923
40	0.01941	0.01856	0.03163	0.20192	0.51431	0.01943	0.02492	0.02448	0.01837	0.02574	0.01542	0.02094	0.01267	0.00762	0.00824	0.00254	0.01015	0.00740	0.00401	0.01223
41	0.02056	0.01974	0.03372	0.05099	0.65622	0.01974	0.02550	0.02550	0.01892	0.02714	0.01563	0.02056	0.01316	0.00740	0.00822	0.00247	0.00987	0.00740	0.00411	0.01316
42	0.03678	0.01492	0.01976	0.01515	0.02160	0.01337	0.01252	0.09087	0.02509	0.60975	0.03168	0.02756	0.02001	0.01026	0.00835	0.00256	0.00725	0.00828	0.01011	0.01414
43	0.01446	0.01170	0.01328	0.01266	0.01552	0.01222	0.00952	0.02486	0.24645	0.03041	0.25213	0.14758	0.14247	0.01685	0.00943	0.00283	0.00506	0.01462	0.00847	0.00949
44	0.01147	0.00818	0.01044	0.01179	0.01258	0.00791	0.00795	0.04585	0.01689	0.02254	0.04282	0.61397	0.05074	0.07854	0.01296	0.00369	0.00531	0.02182	0.00754	0.00702
45	0.01648	0.00987	0.01083	0.00989	0.01266	0.00968	0.00762	0.08006	0.02141	0.06187	0.16568	0.04382	0.13063	0.01303	0.00764	0.00230	0.00462	0.01078	0.37254	0.00860
46	0.01046	0.00747	0.01002	0.01195	0.01258	0.00704	0.00829	0.01215	0.01623	0.02158	0.04560	0.64029	0.05421	0.02571	0.01069	0.00342	0.00511	0.08265	0.00771	0.00684
47	0.01195	0.00857	0.01168	0.01168	0.01259	0.00948	0.00830	0.01376	0.01286	0.01805	0.02378	0.04109	0.02444	0.31361	0.42884	0.01129	0.01673	0.01014	0.00468	0.00649
48	0.01941	0.01856	0.03163	0.20192	0.51431	0.01943	0.02492	0.02448	0.01837	0.02574	0.01542	0.02094	0.01267	0.00762	0.00824	0.00254	0.01015	0.00740	0.00401	0.01223
49	0.01088	0.00812	0.01022	0.01118	0.01273	0.00746	0.00829	0.01334	0.01862	0.02445	0.17389	0.33440	0.20010	0.02259	0.01039	0.00316	0.00494	0.11010	0.00798	0.00717
50	0.01204	0.00821	0.00985	0.00985	0.01012	0.00848	0.00602	0.01259	0.01232	0.01669	0.02545	0.05036	0.02846	0.58905	0.15890	0.00903	0.01067	0.01149	0.00493	0.00547
51	0.01245	0.01012	0.01474	0.07494	0.11335	0.00994	0.01160	0.01530	0.01813	0.02447	0.15444	0.35977	0.10973	0.01952	0.00982	0.00299	0.00589	0.01757	0.00709	0.00816
52	0.01841	0.01813	0.03254	0.30936	0.31372	0.01942	0.11975	0.02392	0.01808	0.02463	0.01546	0.02150	0.01222	0.00771	0.00851	0.00264	0.01102	0.00778	0.00395	0.01124
53	0.01187	0.00890	0.01335	0.01335	0.01483	0.01038	0.01038	0.01483	0.01335	0.01928	0.02225	0.03264	0.02077	0.06231	0.67512	0.01335	0.02225	0.00890	0.00445	0.00742
54	0.01723	0.01477	0.01723	0.01230	0.01969	0.01107	0.00984	0.02092	0.01723	0.02707	0.01477	0.01723	0.01230	0.00615	0.00615	0.00123	0.00615	0.00492	0.00492	0.75883
55	0.02233	0.02050	0.04182	0.03004	0.03804	0.01884	0.48045	0.02847	0.02012	0.13081	0.01928	0.02299	0.01389	0.00748	0.00930	0.00265	0.01230	0.00921	0.00525	0.06624
56	0.56010	0.01630	0.01469	0.01239	0.01791	0.01798	0.01021	0.07932	0.01817	0.16160	0.01646	0.01696	0.01171	0.00841	0.00605	0.00256	0.00679	0.00551	0.00643	0.01045
57	0.01012	0.00723	0.00964	0.01157	0.01205	0.00675	0.00771	0.01157	0.01591	0.02121	0.04579	0.70262	0.05495	0.02603	0.01060	0.00337	0.00482	0.02362	0.00771	0.00675
58	0.01639	0.07883	0.12334	0.52986	0.05093	0.01982	0.02347	0.02231	0.01677	0.02185	0.01451	0.02070	0.01096	0.00814	0.00799	0.00266	0.01107	0.00694	0.00365	0.00981
59	0.01167	0.01570	0.16490	0.01444	0.01771	0.00972	0.01316	0.01506	0.01629	0.02242	0.03847	0.54032	0.04442	0.02173	0.00996	0.00320	0.00659	0.01948	0.00672	0.00806
60	0.02569	0.01987	0.02120	0.01740	0.02273	0.02228	0.01385	0.35003	0.26932	0.04245	0.02583	0.02716	0.01984	0.07025	0.01127	0.00309	0.00806	0.00861	0.00808	0.01297
61	0.01205	0.00819	0.00974	0.00974	0.00998	0.00842	0.00588	0.01252	0.01228	0.01661	0.02555	0.05092	0.02871	0.60563	0.14265	0.00889	0.01031	0.01158	0.00494	0.00541
62	0.02280	0.48147	0.13169	0.01592	0.02352	0.02767	0.01638	0.02835	0.07115	0.08805	0.01614	0.01701	0.01292	0.00791	0.00629	0.00208	0.00901	0.00552	0.00466	0.01147
63	0.01819	0.01789	0.03145	0.27865	0.23807	0.01903	0.13257	0.02347	0.01775	0.02451	0.01522	0.02108	0.01211	0.00790	0.00928	0.00259	0.04360	0.00761	0.00402	0.07501
64	0.01006	0.00746	0.00940	0.01095	0.01189	0.00680	0.00744	0.01164	0.01650	0.02145	0.05327	0.58118	0.17156	0.02505	0.01045	0.00326	0.00470	0.02243	0.00771	0.00680
65	0.01833	0.01748	0.03067	0.03897	0.41108	0.01711	0.11208	0.02334	0.02011	0.02852	0.16653	0.03067	0.02853	0.00961	0.00884	0.00255	0.00908	0.00957	0.00532	0.01160
66	0.02097	0.06258	0.29248	0.02531	0.09439	0.06844	0.08526	0.12553	0.05209	0.03010	0.01820	0.05419	0.01462	0.00920	0.00821	0.00258	0.01108	0.00778	0.00494	0.01205
67	0.01580	0.01279	0.01981	0.29409	0.06242	0.01429	0.04810	0.04873	0.01823	0.02557	0.02486	0.13284	0.02326	0.01249	0.00849	0.00276	0.00838	0.06082	0.15733	0.00894
68	0.01112	0.00802	0.01074	0.01256	0.01361	0.00764	0.00940	0.01334	0.01707	0.02241	0.04726	0.48034	0.08439	0.02481	0.01083	0.00348	0.00567	0.20258	0.00769	0.00704
69	0.08306	0.12940	0.31938	0.01901	0.02754	0.01952	0.04978	0.05788	0.01967	0.06403	0.11184	0.02427	0.02153	0.00934	0.00771	0.00250	0.00964	0.00747	0.00518	0.01124
70	0.02049	0.50472	0.23674	0.01716	0.02587	0.02865	0.01934	0.02532	0.01708	0.02165	0.01259	0.01464	0.01062	0.00735	0.00613	0.00204	0.00994	0.00497	0.00354	0.01116
71	0.06587	0.01743	0.01957	0.01480	0.02158	0.01648	0.01204	0.20409	0.05740	0.11887	0.01949	0.02000	0.01443	0.00818	0.00714	0.00194	0.00719	0.00634	0.00682	0.36033
72	0.02252	0.47194	0.13536	0.01715	0.02427	0.12949	0.01723	0.02614	0.01781	0.02073	0.01224	0.01447	0.01066	0.00781	0.00713	0.00206	0.04368	0.00498	0.00366	0.01067
73	0.01541	0.01218	0.01386	0.01156	0.01583	0.01097	0.00904	0.10247	0.02276	0.03124	0.23367	0.04973	0.21878	0.01437	0.00865	0.00229	0.00532	0.01208	0.00752	0.20228
74	0.09965	0.02008	0.02185	0.01720	0.02343	0.02171	0.01411	0.38148	0.10667	0.17331	0.02347	0.02239	0.01633	0.00998	0.00804	0.00256	0.00815	0.00761	0.00844	0.01353
75	0.01176	0.00849	0.01110	0.01045	0.01241	0.00784	0.00784	0.01568	0.02352	0.03331	0.65184	0.06206	0.07839	0.01698	0.00980	0.00261	0.00392	0.01502	0.00914	0.00784
76	0.01401	0.01230	0.02037	0.01652	0.02020	0.01163	0.15451	0.01965	0.05663	0.03123	0.43703	0.05189	0.09028	0.01452	0.00973	0.00268	0.00647	0.01361	0.00786	0.00889
77	0.03158	0.02327	0.02493	0.01911	0.02576	0.02576	0.01579	0.62852	0.03906	0.05236	0.01995	0.01995	0.01413	0.00997	0.00831	0.00249	0.00914	0.00748	0.00831	0.01413
78	0.01930	0.01142	0.01182	0.01044	0.01349	0.01201	0.00817	0.16367	0.02255	0.03604	0.02541	0.02836	0.01960	0.00975	0.00640	0.00207	0.00512	0.00768	0.57746	0.00926
79	0.03509	0.01585	0.02012	0.01562	0.02195	0.01498	0.01284	0.13220	0.07450	0.51807	0.03086	0.02719	0.01994	0.01031	0.00836	0.00258	0.00735	0.00830	0.00983	0.01406
80	0.01159	0.00849	0.01087	0.01028	0.01231	0.00777	0.00771	0.01536	0.02312	0.03238	0.60322	0.06359	0.12758	0.01733	0.00980	0.00263	0.00394	0.01524	0.00902	0.00777
81	0.03116	0.03573	0.02387	0.02086	0.02570	0.52095	0.01599	0.17422	0.02722	0.02792	0.01452	0.01616	0.01151	0.00890	0.00768	0.00222	0.01360	0.00585	0.00524	0.01070
82	0.01176	0.00849	0.01110	0.01045	0.01241	0.00784	0.00784	0.01568	0.02352	0.03331	0.65184	0.06206	0.07839	0.01698	0.00980	0.00261	0.00392	0.01502	0.00914	0.00784
83	0.00993	0.00842	0.00856	0.00853	0.01129	0.00706	0.00640	0.01213	0.01919	0.02305	0.11567	0.07896	0.62097	0.02081	0.00982	0.00279	0.00419	0.01739	0.00779	0.00706
84	0.01801	0.01267	0.01313	0.01222	0.01550	0.01405	0.00939	0.03146	0.32190	0.03282	0.03038	0.03098	0.02328	0.01046	0.00710	0.00237	0.00519	0.00855	0.39017	0.01038
85	0.01666	0.04297	0.66500	0.02368	0.03596	0.01929	0.03069	0.02631	0.01754	0.02631	0.01491	0.01754	0.01052	0.00789	0.00789	0.00263	0.01228	0.00614	0.00351	0.01228
86	0.01012	0.00723	0.00964	0.01157	0.01205	0.00675	0.00771	0.01157	0.01591	0.02121	0.04579	0.70262	0.05495	0.02603	0.01060	0.00337	0.00482	0.02362	0.00771	0.00675
87	0.03584	0.01643	0.02070	0.01587	0.02235	0.01561	0.01311	0.18820	0.02762	0.50884	0.02955	0.02618	0.01895	0.01020	0.00834	0.00255	0.00759	0.00813	0.00979	0.01414
88	0.02477	0.23444	0.02983	0.17720	0.03185	0.32792	0.01717	0.02787	0.01991	0.02031	0.01291	0.01619	0.01078	0.00807	0.00704	0.00218	0.01224	0.00556	0.00392	0.00984
89	0.01939	0.02252	0.13144	0.04201	0.47330	0.01892	0.02470	0.02599	0.05255	0.02724	0.01872	0.02638	0.01612	0.00891	0.00844	0.00262	0.00990	0.05374	0.00453	0.01259
90	0.02513	0.19192	0.03198	0.03046	0.25407	0.28434	0.01905	0.02841	0.02028	0.02262	0.01355	0.01662	0.01159	0.00779	0.00725	0.00217	0.01168	0.00588	0.00405	0.01116
91	0.01723	0.01477	0.01723	0.01230	0.01969	0.01107	0.00984	0.02092	0.01723	0.02707	0.01477	0.01723	0.01230	0.00615	0.00615	0.00123	0.00615	0.00492	0.00492	0.75883
92	0.02252	0.07510	0.03095	0.10514	0.38114	0.05799	0.02174	0.12193	0.05040	0.02991	0.01658	0.02023	0.01332	0.00812	0.00799	0.00245	0.00993	0.00716	0.00490	0.01252
93	0.02740	0.03371	0.02387	0.17934	0.03315	0.51922	0.01771	0.03034	0.02190	0.02054	0.01330	0.01668	0.01079	0.00850	0.00768	0.00229	0.01406	0.00583	0.00414	0.00954
94	0.01187	0.00890	0.01335	0.01335	0.01483	0.01038	0.01038	0.01483	0.01335	0.01928	0.02225	0.03264	0.02077	0.06231	0.67512	0.01335	0.02225	0.00890	0.00445	0.00742
95	0.01256	0.01102	0.01911	0.01688	0.01950	0.01027	0.15417	0.01565	0.01782	0.02402	0.11470	0.44245	0.06724	0.02025	0.01029	0.00313	0.00687	0.01909	0.00706	0.00795
96	0.29546	0.01842	0.02021	0.01619	0.02165	0.06558	0.06435	0.06055	0.01864	0.13940	0.01660	0.01828	0.01238	0.00875	0.00885	0.00246	0.07826	0.00619	0.00587	0.12193
97	0.01046	0.00747	0.01002	0.01195	0.01258	0.00704	0.00829	0.01215	0.01623	0.02158	0.04560	0.64029	0.05421	0.02571	0.01069	0.00342	0.00511	0.08265	0.00771	0.00684
98	0.03592	0.01384	0.01885	0.01455	0.02074	0.01198	0.01198	0.03917	0.02376	0.62868	0.06556	0.03006	0.02363	0.01064	0.00843	0.00257	0.00690	0.00871	0.01022	0.01380
99	0.01723	0.01477	0.01723	0.01230	0.01969	0.01107	0.00984	0.02092	0.01723	0.02707	0.01477	0.01723	0.01230	0.00615	0.00615	0.00123	0.00615	0.00492	0.00492	0.75883
100	0.02363	0.01886	0.03197	0.02529	0.05925	0.01866	0.26666	0.06381	0.16888	0.15723	0.05776	0.02750	0.02080	0.00937	0.00905	0.00272	0.00989	0.00946	0.00689	0.01231
101	0.01154	0.00814	0.00891	0.00891	0.00957	0.00781	0.00534	0.01204	0.01370	0.01761	0.03991	0.06043	0.17771	0.54529	0.03459	0.00681	0.00714	0.01337	0.00567	0.00550
102	0.01208	0.00805	0.00906	0.00906	0.00906	0.00805	0.00503	0.01208	0.01208	0.01611	0.02618	0.05436	0.03020	0.70804	0.04228	0.00805	0.00805	0.01208	0.00503	0.00503
103	0.01987	0.09164	0.02903	0.36335	0.07356	0.12800	0.08168	0.02599	0.06377	0.02273	0.01576	0.02066	0.01227	0.00826	0.00803	0.00256	0.01140	0.00714	0.00419	0.01012
104	0.01012	0.00723	0.00964	0.01157	0.01205	0.00675	0.00771	0.01157	0.01591	0.02121	0.04579	0.70262	0.05495	0.02603	0.01060	0.00337	0.00482	0.02362	0.00771	0.00675
105	0.01020	0.00729	0.00971	0.01151	0.01207	0.00680	0.00772	0.01177	0.01628	0.02180	0.07528	0.67145	0.05609	0.02559	0.01056	0.00334	0.00478	0.02320	0.00778	0.00680
106	0.01843	0.01554	0.01686	0.01546	0.01940	0.01755	0.01188	0.03710	0.49432	0.03353	0.13601	0.08509	0.03621	0.01328	0.00883	0.00282	0.00601	0.01135	0.00851	0.01181
107	0.02638	0.02632	0.02164	0.01888	0.02383	0.24366	0.01467	0.15828	0.31014	0.03341	0.02390	0.02333	0.01812	0.01009	0.00810	0.00252	0.00995	0.00763	0.00701	0.01215
108	0.02603	0.01895	0.02075	0.01646	0.02175	0.02056	0.01338	0.45107	0.03423	0.04671	0.17003	0.03051	0.02973	0.01162	0.00853	0.00249	0.00763	0.00928	0.04800	0.01230
109	0.02905	0.07950	0.12734	0.01902	0.02658	0.02394	0.01767	0.42689	0.03238	0.10666	0.01977	0.01988	0.01393	0.00945	0.00802	0.00247	0.00941	0.00712	0.00737	0.01356
110	0.03103	0.03959	0.02354	0.02140	0.02568	0.67469	0.01605	0.03317	0.02354	0.02033	0.01284	0.01498	0.01070	0.00856	0.00749	0.00214	0.01498	0.00535	0.00428	0.00963
111	0.02858	0.03444	0.02241	0.02034	0.02472	0.51975	0.01536	0.03577	0.16987	0.02375	0.01781	0.01877	0.01417	0.00920	0.00772	0.00230	0.01299	0.00631	0.00527	0.01046
112	0.01443	0.00722	0.01082	0.01082	0.01082	0.00722	0.00722	0.01082	0.01082	0.01443	0.01443	0.02525	0.01443	0.02886	0.03247	0.75830	0.00722	0.00722	0.00361	0.00361
113	0.01268	0.00930	0.01241	0.01382	0.01588	0.00902	0.01182	0.01623	0.01941	0.02508	0.09492	0.08914	0.14923	0.02220	0.01108	0.00357	0.00681	0.46206	0.00777	0.00756
114	0.01012	0.00723	0.00964	0.01157	0.01205	0.00675	0.00771	0.01157	0.01591	0.02121	0.04579	0.70262	0.05495	0.02603	0.01060	0.00337	0.00482	0.02362	0.00771	0.00675
115	0.00982	0.00842	0.00842	0.00842	0.01122	0.00701	0.00631	0.01192	0.01894	0.02244	0.08416	0.07995	0.65285	0.02104	0.00982	0.00281	0.00421	0.01753	0.00771	0.00701
116	0.02056	0.01974	0.03372	0.05099	0.65622	0.01974	0.02550	0.02550	0.01892	0.02714	0.01563	0.02056	0.01316	0.00740	0.00822	0.00247	0.00987	0.00740	0.00411	0.01316
117	0.01176	0.00849	0.01110	0.01045	0.01241	0.00784	0.00784	0.01568	0.02352	0.03331	0.65184	0.06206	0.07839	0.01698	0.00980	0.00261	0.00392	0.01502	0.00914	0.00784
118	0.01146	0.00848	0.01070	0.01014	0.01223	0.00771	0.00761	0.01511	0.02282	0.03167	0.56596	0.06476	0.16529	0.01760	0.00980	0.00264	0.00396	0.01540	0.00893	0.00771
119	0.02056	0.01974	0.03372	0.05099	0.65622	0.01974	0.02550	0.02550	0.01892	0.02714	0.01563	0.02056	0.01316	0.00740	0.00822	0.00247	0.00987	0.00740	0.00411	0.01316
120	0.01012	0.00723	0.00964	0.01157	0.01205	0.00675	0.00771	0.01157	0.01591	0.02121	0.04579	0.70262	0.05495	0.02603	0.01060	0.00337	0.00482	0.02362	0.00771	0.00675
121	0.01092	0.00780	0.01056	0.01248	0.01331	0.00744	0.00910	0.01295	0.01669	0.02210	0.04535	0.55338	0.05320	0.02527	0.01082	0.00348	0.00551	0.16496	0.00770	0.00697
122	0.32196	0.01524	0.01594	0.01404	0.01892	0.01626	0.01176	0.11999	0.02120	0.16684	0.02497	0.03658	0.02140	0.01221	0.00780	0.00286	0.00727	0.14692	0.00730	0.01055
123	0.03181	0.02535	0.02440	0.01924	0.02550	0.12793	0.01563	0.50146	0.03575	0.08111	0.01953	0.01962	0.01394	0.00977	0.00818	0.00244	0.00995	0.00719	0.00778	0.01342
124	0.01012	0.00723	0.00964	0.01157	0.01205	0.00675	0.00771	0.01157	0.01591	0.02121	0.04579	0.70262	0.05495	0.02603	0.01060	0.00337	0.00482	0.02362	0.00771	0.00675
125	0.01166	0.00849	0.01097	0.01035	0.01235	0.00780	0.00776	0.01548	0.02328	0.03276	0.62270	0.06297	0.10788	0.01719	0.00980	0.00262	0.00393	0.01515	0.00907	0.00780
126	0.01888	0.01605	0.01803	0.01396	0.02052	0.01454	0.01108	0.05544	0.19998	0.03046	0.02055	0.02136	0.01619	0.00782	0.00692	0.00175	0.00641	0.00634	0.00611	0.50761
127	0.01738	0.03825	0.52863	0.02742	0.08558	0.01957	0.11431	0.02629	0.01794	0.02642	0.01523	0.01846	0.01102	0.00773	0.00819	0.00264	0.01233	0.00675	0.00365	0.01220
128	0.01666	0.04297	0.66500	0.02368	0.03596	0.01929	0.03069	0.02631	0.01754	0.02631	0.01491	0.01754	0.01052	0.00789	0.00789	0.00263	0.01228	0.00614	0.00351	0.01228
129	0.01723	0.01477	0.01723	0.01230	0.01969	0.01107	0.00984	0.02092	0.01723	0.02707	0.01477	0.01723	0.01230	0.00615	0.00615	0.00123	0.00615	0.00492	0.00492	0.75883
130	0.01569	0.01477	0.02492	0.68808	0.05722	0.01846	0.02307	0.02123	0.01661	0.02123	0.01477	0.02215	0.01107	0.00831	0.00831	0.00277	0.01107	0.00738	0.00369	0.00923
131	0.01012	0.00723	0.00964	0.01157	0.01205	0.00675	0.00771	0.01157	0.01591	0.02121	0.04579	0.70262	0.05495	0.02603	0.01060	0.00337	0.00482	0.02362	0.00771	0.00675
132	0.03727	0.01414	0.01928	0.01478	0.02121	0.01221	0.01221	0.04049	0.02378	0.66198	0.03277	0.02828	0.02056	0.01028	0.00835	0.00257	0.00707	0.00835	0.01028	0.01414
133	0.01684	0.01594	0.02700	0.53715	0.19913	0.01876	0.02365	0.02224	0.01716	0.02263	0.01497	0.02177	0.01157	0.00809	0.00829	0.00270	0.01079	0.00739	0.00379	0.01016
134	0.02056	0.01974	0.03372	0.05099	0.65622	0.01974	0.02550	0.02550	0.01892	0.02714	0.01563	0.02056	0.01316	0.00740	0.00822	0.00247	0.00987	0.00740	0.00411	0.01316
135	0.01007	0.00742	0.00944	0.01105	0.01191	0.00679	0.00748	0.01163	0.01640	0.02141	0.05208	0.60054	0.15297	0.02521	0.01047	0.00328	0.00472	0.02262	0.00771	0.00679
136	0.01012	0.00723	0.00964	0.01157	0.01205	0.00675	0.00771	0.01157	0.01591	0.02121	0.04579	0.70262	0.05495	0.02603	0.01060	0.00337	0.00482	0.02362	0.00771	0.00675
137	0.02055	0.51257	0.22946	0.01705	0.02570	0.02881	0.01914	0.02530	0.01708	0.02157	0.01255	0.01459	0.01062	0.00734	0.00610	0.00203	0.00990	0.00495	0.00354	0.01114
138	0.01723	0.01477	0.01723	0.01230	0.01969	0.01107	0.00984	0.02092	0.01723	0.02707	0.01477	0.01723	0.01230	0.00615	0.00615	0.00123	0.00615	0.00492	0.00492	0.75883
