[name]
unknown

[dist]
# distance from previous block
# <min> <max>
0	114

[block]
# block no. 0 follows, 21 sequences, length 47
# corresponding to MSA columns:
# 186-194,202-239
name=unknown_A
#
# <colnr> <probs for GDERKNQSTAVLIFYWHMCP>
#	G	D	E	R	K	N	Q	S	T	A	V	L	I	F	Y	W	H	M	C	P
0	0.61899	0.01519	0.01274	0.01204	0.01668	0.01732	0.01007	0.02361	0.01545	0.03577	0.01816	0.02944	0.01677	0.01087	0.00650	0.00288	0.00682	0.11598	0.00575	0.00895
1	0.01353	0.00826	0.00873	0.00862	0.01086	0.00773	0.00646	0.01698	0.01939	0.02964	0.15256	0.05173	0.21099	0.01457	0.00785	0.00236	0.00407	0.01212	0.40581	0.00773
2	0.03818	0.01448	0.01975	0.01514	0.02172	0.01251	0.01251	0.04147	0.02436	0.65373	0.03357	0.02897	0.02107	0.01053	0.00856	0.00263	0.00724	0.00856	0.01053	0.01448
3	0.01037	0.00741	0.00987	0.01185	0.01234	0.00691	0.00790	0.01185	0.01629	0.02172	0.04690	0.69537	0.05629	0.02666	0.01086	0.00346	0.00494	0.02419	0.00790	0.00691
4	0.02275	0.70604	0.04459	0.01456	0.02184	0.03367	0.01456	0.02548	0.01729	0.02002	0.01183	0.01365	0.01092	0.00728	0.00546	0.00182	0.00910	0.00455	0.00364	0.01092
5	0.03818	0.01448	0.01975	0.01514	0.02172	0.01251	0.01251	0.04147	0.02436	0.65373	0.03357	0.02897	0.02107	0.01053	0.00856	0.00263	0.00724	0.00856	0.01053	0.01448
6	0.03286	0.01697	0.02542	0.01929	0.02606	0.01589	0.11889	0.07673	0.08790	0.44071	0.02996	0.02765	0.01972	0.01003	0.00883	0.00270	0.00857	0.00887	0.00911	0.01385
7	0.01814	0.01536	0.01653	0.01551	0.01933	0.01723	0.01180	0.03597	0.46141	0.03185	0.04151	0.16230	0.08614	0.01530	0.00920	0.00299	0.00618	0.01312	0.00845	0.01167
8	0.01607	0.01513	0.02552	0.68047	0.05861	0.01891	0.02363	0.02174	0.01702	0.02174	0.01513	0.02269	0.01134	0.00851	0.00851	0.00284	0.01134	0.00756	0.00378	0.00945
9	0.76103	0.01646	0.01251	0.01119	0.01646	0.01909	0.00922	0.02502	0.01448	0.03818	0.01185	0.01382	0.00922	0.00790	0.00527	0.00263	0.00658	0.00461	0.00527	0.00922
10	0.01145	0.00826	0.01144	0.01304	0.01405	0.00826	0.00970	0.01376	0.01652	0.02217	0.04192	0.43752	0.04802	0.03303	0.13581	0.00550	0.00897	0.14609	0.00725	0.00725
11	0.02314	0.02496	0.02996	0.15985	0.36536	0.20057	0.02296	0.02751	0.02026	0.02473	0.01505	0.01977	0.01238	0.00809	0.00823	0.00249	0.01180	0.00699	0.00418	0.01173
12	0.01654	0.01342	0.01525	0.01396	0.01735	0.01450	0.01071	0.03042	0.32361	0.03485	0.34366	0.04790	0.05355	0.01452	0.00936	0.00278	0.00535	0.01255	0.00902	0.01071
13	0.03818	0.01448	0.01975	0.01514	0.02172	0.01251	0.01251	0.04147	0.02436	0.65373	0.03357	0.02897	0.02107	0.01053	0.00856	0.00263	0.00724	0.00856	0.01053	0.01448
14	0.01237	0.00824	0.01050	0.01121	0.01268	0.00784	0.00831	0.01547	0.01963	0.02823	0.24489	0.28449	0.05713	0.02004	0.00979	0.00298	0.00481	0.08864	0.14518	0.00759
15	0.01180	0.00851	0.01115	0.01088	0.01266	0.00786	0.00801	0.01543	0.02293	0.03228	0.55470	0.15747	0.07673	0.01877	0.01016	0.00279	0.00415	0.01670	0.00915	0.00786
16	0.01744	0.08727	0.61684	0.02362	0.03585	0.02067	0.03034	0.02685	0.01792	0.02650	0.01505	0.01769	0.01079	0.00803	0.00791	0.00264	0.01235	0.00617	0.00360	0.01247
17	0.02502	0.01487	0.02319	0.41110	0.04368	0.01632	0.01913	0.02973	0.01999	0.27762	0.02259	0.02523	0.01528	0.00933	0.00853	0.00275	0.00968	0.00797	0.00651	0.01149
18	0.21140	0.02570	0.02086	0.01799	0.02255	0.23629	0.01427	0.15327	0.02327	0.05600	0.01558	0.01809	0.01236	0.01321	0.05318	0.00331	0.08008	0.00628	0.00566	0.01065
19	0.02275	0.70604	0.04459	0.01456	0.02184	0.03367	0.01456	0.02548	0.01729	0.02002	0.01183	0.01365	0.01092	0.00728	0.00546	0.00182	0.00910	0.00455	0.00364	0.01092
20	0.01238	0.00825	0.00928	0.00928	0.00928	0.00825	0.00516	0.01238	0.01238	0.01650	0.02681	0.05569	0.03094	0.70092	0.04331	0.00825	0.00825	0.01238	0.00516	0.00516
21	0.22244	0.01841	0.02000	0.01575	0.02207	0.01928	0.01300	0.24849	0.02753	0.27567	0.02317	0.02194	0.01560	0.00974	0.00769	0.00260	0.00785	0.00721	0.00844	0.01312
22	0.03600	0.01799	0.02192	0.01681	0.02347	0.01771	0.01388	0.25813	0.03023	0.42878	0.02865	0.02577	0.01859	0.01041	0.00854	0.00260	0.00804	0.00822	0.00978	0.01448
23	0.62356	0.02155	0.13157	0.01361	0.02022	0.01922	0.01332	0.02537	0.01513	0.03611	0.01248	0.01459	0.00951	0.00793	0.00579	0.00264	0.00769	0.00492	0.00496	0.00984
24	0.02117	0.01828	0.01924	0.01732	0.02213	0.02117	0.01347	0.04522	0.63246	0.03560	0.03464	0.03175	0.02598	0.01155	0.00866	0.00289	0.00673	0.00962	0.00866	0.01347
25	0.03235	0.02384	0.02554	0.01958	0.02639	0.02639	0.01618	0.61946	0.04001	0.05363	0.02043	0.02043	0.01447	0.01022	0.00851	0.00255	0.00936	0.00766	0.00851	0.01447
26	0.48789	0.01922	0.01739	0.01434	0.02018	0.02183	0.01182	0.24784	0.02405	0.04397	0.01507	0.01630	0.01119	0.00877	0.00648	0.00260	0.00763	0.00575	0.00648	0.01119
27	0.01607	0.01513	0.02552	0.68047	0.05861	0.01891	0.02363	0.02174	0.01702	0.02174	0.01513	0.02269	0.01134	0.00851	0.00851	0.00284	0.01134	0.00756	0.00378	0.00945
28	0.03235	0.02384	0.02554	0.01958	0.02639	0.02639	0.01618	0.61946	0.04001	0.05363	0.02043	0.02043	0.01447	0.01022	0.00851	0.00255	0.00936	0.00766	0.00851	0.01447
29	0.02117	0.01828	0.01924	0.01732	0.02213	0.02117	0.01347	0.04522	0.63246	0.03560	0.03464	0.03175	0.02598	0.01155	0.00866	0.00289	0.00673	0.00962	0.00866	0.01347
30	0.02310	0.02409	0.03256	0.04647	0.52970	0.14311	0.02428	0.02761	0.02028	0.02648	0.01547	0.01998	0.01300	0.00781	0.00828	0.00246	0.01111	0.00718	0.00425	0.01279
31	0.01037	0.00741	0.00987	0.01185	0.01234	0.00691	0.00790	0.01185	0.01629	0.02172	0.04690	0.69537	0.05629	0.02666	0.01086	0.00346	0.00494	0.02419	0.00790	0.00691
32	0.01014	0.00828	0.00897	0.00952	0.01173	0.00711	0.00686	0.01211	0.01854	0.02264	0.07530	0.25216	0.48117	0.02297	0.01028	0.00304	0.00448	0.01969	0.00790	0.00711
33	0.01791	0.01654	0.02330	0.02026	0.02026	0.02262	0.01654	0.01874	0.01267	0.01943	0.01184	0.01996	0.01184	0.01761	0.02891	0.14207	0.56007	0.00744	0.00372	0.00827
34	0.62747	0.01609	0.01385	0.01192	0.01743	0.01787	0.00982	0.02806	0.01631	0.15192	0.01586	0.01662	0.01141	0.00839	0.00587	0.00263	0.00670	0.00534	0.00624	0.01019
35	0.76103	0.01646	0.01251	0.01119	0.01646	0.01909	0.00922	0.02502	0.01448	0.03818	0.01185	0.01382	0.00922	0.00790	0.00527	0.00263	0.00658	0.00461	0.00527	0.00922
36	0.01044	0.00864	0.00914	0.00902	0.01173	0.00734	0.00676	0.01294	0.02029	0.02511	0.19210	0.07842	0.53717	0.02076	0.01005	0.00284	0.00425	0.01747	0.00818	0.00734
37	0.01656	0.01562	0.02640	0.61933	0.11595	0.01903	0.02388	0.02217	0.01725	0.02233	0.01521	0.02253	0.01155	0.00842	0.00850	0.00281	0.01122	0.00756	0.00382	0.00985
38	0.01216	0.00912	0.01368	0.01368	0.01520	0.01064	0.01064	0.01520	0.01368	0.01976	0.02279	0.03343	0.02127	0.06382	0.66720	0.01368	0.02279	0.00912	0.00456	0.00760
39	0.01067	0.00774	0.01014	0.01194	0.01278	0.00722	0.00834	0.01244	0.01689	0.02220	0.05016	0.58338	0.10701	0.02591	0.01088	0.00345	0.00516	0.07876	0.00789	0.00703
40	0.09132	0.03875	0.53840	0.02219	0.03353	0.01906	0.02762	0.02803	0.01819	0.08286	0.01654	0.01853	0.01153	0.00828	0.00785	0.00268	0.01153	0.00632	0.00436	0.01242
41	0.02479	0.06705	0.02218	0.01778	0.02301	0.10173	0.01411	0.09816	0.41900	0.07487	0.02901	0.02724	0.02168	0.01072	0.00830	0.00268	0.00825	0.00851	0.00791	0.01302
42	0.03818	0.01448	0.01975	0.01514	0.02172	0.01251	0.01251	0.04147	0.02436	0.65373	0.03357	0.02897	0.02107	0.01053	0.00856	0.00263	0.00724	0.00856	0.01053	0.01448
43	0.01434	0.00892	0.01053	0.01000	0.01124	0.00848	0.00647	0.01560	0.01633	0.07622	0.15037	0.05740	0.09916	0.44451	0.03071	0.00618	0.00697	0.01316	0.00669	0.00672
44	0.01943	0.01373	0.01990	0.02393	0.16173	0.01381	0.01611	0.07964	0.02120	0.08275	0.03238	0.05955	0.03209	0.01799	0.01229	0.06921	0.00841	0.29891	0.00695	0.00998
45	0.15700	0.01889	0.02827	0.08001	0.37379	0.02104	0.02141	0.02456	0.01711	0.02793	0.01426	0.01937	0.01211	0.00909	0.01155	0.00279	0.13788	0.00701	0.00429	0.01164
46	0.01219	0.00787	0.01052	0.01206	0.01296	0.00728	0.00820	0.01378	0.01682	0.06301	0.04603	0.65184	0.05398	0.02561	0.01071	0.00340	0.00509	0.02317	0.00807	0.00741

[dist]
# distance from previous block
# <min> <max>
0	15

[block]
# block no. 1 follows, 21 sequences, length 6
# corresponding to MSA columns:
# 255-260
name=unknown_B
#
# <colnr> <probs for GDERKNQSTAVLIFYWHMCP>
#	G	D	E	R	K	N	Q	S	T	A	V	L	I	F	Y	W	H	M	C	P
0	0.02147	0.48132	0.03466	0.01421	0.01958	0.09689	0.01271	0.02354	0.01696	0.01934	0.01525	0.02302	0.01530	0.15897	0.01397	0.00327	0.00959	0.00636	0.00405	0.00955
1	0.07682	0.01240	0.01777	0.08083	0.08846	0.01434	0.01356	0.01747	0.01444	0.02162	0.02144	0.02911	0.05778	0.03114	0.21401	0.16363	0.10435	0.00844	0.00444	0.00793
2	0.15544	0.11100	0.02649	0.02060	0.09118	0.01971	0.07077	0.06962	0.06942	0.19172	0.02103	0.02152	0.01527	0.00869	0.00750	0.00243	0.00838	0.00708	0.00666	0.07549
3	0.02703	0.08345	0.29117	0.01972	0.02893	0.01970	0.02130	0.13649	0.02388	0.23305	0.02181	0.02160	0.01476	0.00919	0.00811	0.00258	0.01001	0.00713	0.00670	0.01340
4	0.01186	0.00834	0.00979	0.00996	0.01058	0.00829	0.00625	0.01266	0.01382	0.01823	0.03608	0.11093	0.11508	0.47174	0.11403	0.00779	0.00925	0.01373	0.00569	0.00589
5	0.01995	0.09083	0.02662	0.09196	0.26008	0.01745	0.01931	0.02427	0.01945	0.08321	0.02659	0.04564	0.02531	0.01312	0.00921	0.00294	0.00911	0.19802	0.00588	0.01107

[dist]
# distance from previous block
# <min> <max>
0	2

[block]
# block no. 2 follows, 21 sequences, length 34
# corresponding to MSA columns:
# 263-296
name=unknown_C
#
# <colnr> <probs for GDERKNQSTAVLIFYWHMCP>
#	G	D	E	R	K	N	Q	S	T	A	V	L	I	F	Y	W	H	M	C	P
0	0.01678	0.01596	0.01703	0.01609	0.01863	0.11581	0.04932	0.02288	0.12514	0.02359	0.03132	0.25136	0.03232	0.07960	0.13838	0.00545	0.01119	0.01395	0.00639	0.00882
1	0.01950	0.03952	0.46392	0.02361	0.03300	0.11692	0.02720	0.02698	0.01811	0.02503	0.01431	0.01768	0.01087	0.00925	0.01113	0.00278	0.11844	0.00635	0.00373	0.01166
2	0.03137	0.01248	0.01614	0.01294	0.01812	0.01111	0.01050	0.03486	0.02237	0.46378	0.03180	0.02981	0.02129	0.01034	0.00776	0.00243	0.00624	0.00837	0.23579	0.01248
3	0.01289	0.01083	0.01482	0.01505	0.01540	0.01276	0.01117	0.01449	0.01530	0.02134	0.03599	0.48870	0.04251	0.02307	0.01607	0.00354	0.21272	0.01908	0.00662	0.00764
4	0.01650	0.02820	0.31322	0.11922	0.03288	0.01928	0.02359	0.02295	0.01762	0.02578	0.11273	0.02597	0.02185	0.01121	0.01313	0.00296	0.16956	0.00818	0.00456	0.01063
5	0.01707	0.04402	0.65683	0.02426	0.03683	0.01976	0.03144	0.02695	0.01797	0.02695	0.01527	0.01797	0.01078	0.00809	0.00809	0.00270	0.01258	0.00629	0.00359	0.01258
6	0.01607	0.01513	0.02552	0.68047	0.05861	0.01891	0.02363	0.02174	0.01702	0.02174	0.01513	0.02269	0.01134	0.00851	0.00851	0.00284	0.01134	0.00756	0.00378	0.00945
7	0.02272	0.01771	0.02706	0.33326	0.19687	0.01961	0.02166	0.12014	0.02219	0.10863	0.01853	0.02272	0.01361	0.00880	0.00849	0.00269	0.01020	0.00771	0.00550	0.01190
8	0.01377	0.01105	0.01499	0.01411	0.01471	0.01341	0.01051	0.01541	0.01304	0.01873	0.02152	0.03813	0.02244	0.28714	0.28563	0.00932	0.17448	0.00992	0.00458	0.00710
9	0.01342	0.00945	0.01273	0.01425	0.01578	0.00945	0.01181	0.01646	0.01799	0.02348	0.04101	0.08705	0.04497	0.17389	0.01876	0.00488	0.00793	0.46221	0.00724	0.00724
10	0.01139	0.00814	0.01105	0.01302	0.01396	0.00779	0.00968	0.01362	0.01730	0.02287	0.04634	0.51233	0.05405	0.02570	0.01113	0.00360	0.00582	0.19715	0.00788	0.00719
11	0.07484	0.02440	0.11809	0.01981	0.02700	0.06141	0.06358	0.19063	0.12190	0.17632	0.02358	0.02321	0.01653	0.00970	0.00834	0.00265	0.00955	0.00782	0.00746	0.01318
12	0.03126	0.02242	0.02322	0.02303	0.12117	0.16963	0.01584	0.05817	0.11446	0.29355	0.02571	0.02463	0.01799	0.00979	0.00834	0.00255	0.00960	0.00781	0.00774	0.01309
13	0.03440	0.01969	0.02517	0.01940	0.02597	0.11117	0.10783	0.03813	0.02365	0.46146	0.02797	0.02600	0.01829	0.00974	0.00866	0.00260	0.00956	0.00833	0.00864	0.01333
14	0.01765	0.01513	0.01765	0.01260	0.02017	0.01134	0.01008	0.02143	0.01765	0.02773	0.01513	0.01765	0.01260	0.00630	0.00630	0.00126	0.00630	0.00504	0.00504	0.75295
15	0.01413	0.01202	0.01746	0.01632	0.01738	0.01535	0.01307	0.01681	0.01348	0.01998	0.01925	0.02891	0.01819	0.04888	0.47198	0.01064	0.22513	0.00861	0.00430	0.00812
16	0.01213	0.00867	0.01190	0.01387	0.01513	0.00843	0.01097	0.01490	0.01803	0.02370	0.04593	0.37900	0.05243	0.02500	0.01133	0.00370	0.00647	0.32314	0.00787	0.00740
17	0.02442	0.02535	0.01803	0.01657	0.02032	0.31346	0.01254	0.03231	0.16553	0.02764	0.02268	0.02421	0.01781	0.00977	0.00738	0.00229	0.00984	0.00720	0.23253	0.01012
18	0.02000	0.01763	0.02563	0.41732	0.04500	0.02183	0.02111	0.14841	0.02116	0.02828	0.01551	0.02145	0.01198	0.01006	0.01213	0.00294	0.13672	0.00756	0.00478	0.01049
19	0.01814	0.01272	0.01578	0.01231	0.01750	0.01021	0.00942	0.01961	0.01609	0.06548	0.01625	0.02091	0.01383	0.01369	0.01468	0.23074	0.00670	0.00599	0.00500	0.47494
20	0.01200	0.01021	0.01581	0.01448	0.01698	0.00932	0.09811	0.01489	0.01881	0.02479	0.14524	0.35186	0.19216	0.02111	0.01042	0.00311	0.00604	0.01924	0.00760	0.00783
21	0.02061	0.01760	0.07476	0.01401	0.02188	0.01226	0.01234	0.02486	0.01866	0.11952	0.01785	0.01934	0.01368	0.00708	0.00679	0.00159	0.00700	0.00567	0.00572	0.57879
22	0.01272	0.01071	0.01132	0.01118	0.01413	0.01044	0.00834	0.01993	0.16335	0.02576	0.06790	0.16624	0.40651	0.02000	0.00985	0.00297	0.00498	0.01697	0.00808	0.00862
23	0.01652	0.01005	0.01345	0.01346	0.01620	0.00943	0.01117	0.02022	0.02165	0.12126	0.22858	0.07494	0.10725	0.01955	0.01061	0.00326	0.00627	0.27862	0.00871	0.00882
24	0.01042	0.00845	0.00924	0.00943	0.01181	0.00728	0.00692	0.01276	0.01967	0.02455	0.16770	0.17021	0.46855	0.02166	0.01017	0.00293	0.00436	0.01848	0.00813	0.00728
25	0.01765	0.01513	0.01765	0.01260	0.02017	0.01134	0.01008	0.02143	0.01765	0.02773	0.01513	0.01765	0.01260	0.00630	0.00630	0.00126	0.00630	0.00504	0.00504	0.75295
26	0.01337	0.00886	0.00974	0.00937	0.01148	0.00801	0.00656	0.01525	0.01782	0.06606	0.10266	0.06437	0.31488	0.22690	0.01974	0.00440	0.00566	0.01452	0.07315	0.00720
27	0.01910	0.01583	0.01874	0.01837	0.06226	0.06616	0.01347	0.16093	0.02114	0.02844	0.02102	0.02808	0.01832	0.04293	0.41404	0.00937	0.01815	0.00838	0.00546	0.00981
28	0.02615	0.02393	0.11920	0.02662	0.16766	0.03999	0.01959	0.17253	0.14856	0.13323	0.02336	0.02368	0.01695	0.00957	0.00844	0.00264	0.00933	0.00791	0.00703	0.01363
29	0.01478	0.00739	0.01109	0.01109	0.01109	0.00739	0.00739	0.01109	0.01109	0.01478	0.01478	0.02587	0.01478	0.02956	0.03326	0.75240	0.00739	0.00739	0.00370	0.00370
30	0.01491	0.01000	0.01331	0.01269	0.01298	0.01121	0.00885	0.03494	0.01328	0.01820	0.02083	0.09284	0.02267	0.22461	0.03251	0.32166	0.11376	0.01038	0.00468	0.00568
31	0.01569	0.02806	0.31616	0.02272	0.03103	0.01629	0.16198	0.02247	0.01842	0.02562	0.03123	0.13482	0.11259	0.01278	0.00927	0.00288	0.01057	0.01171	0.00508	0.01063
32	0.01718	0.01703	0.02045	0.07991	0.11568	0.11498	0.05550	0.02110	0.02133	0.02692	0.20921	0.04897	0.14408	0.01429	0.00943	0.00274	0.00841	0.05687	0.00660	0.00933
33	0.01785	0.01564	0.02156	0.01560	0.02282	0.01253	0.09876	0.02214	0.01802	0.02802	0.01656	0.01968	0.01347	0.00675	0.00682	0.00156	0.00728	0.00603	0.07097	0.57794

[dist]
# distance from previous block
# <min> <max>
0	1

[block]
# block no. 3 follows, 21 sequences, length 11
# corresponding to MSA columns:
# 298-308
name=unknown_D
#
# <colnr> <probs for GDERKNQSTAVLIFYWHMCP>
#	G	D	E	R	K	N	Q	S	T	A	V	L	I	F	Y	W	H	M	C	P
0	0.01357	0.01031	0.01343	0.01330	0.01613	0.00970	0.01085	0.01693	0.01825	0.02497	0.09556	0.06531	0.09428	0.06877	0.11824	0.00509	0.00932	0.25135	0.00680	0.13782
1	0.01607	0.01192	0.01690	0.17880	0.02601	0.01160	0.01235	0.01722	0.01477	0.02087	0.01498	0.02231	0.01319	0.01648	0.01801	0.31266	0.00801	0.00664	0.00417	0.25700
2	0.01422	0.00898	0.01146	0.01146	0.01330	0.00832	0.00837	0.01673	0.01951	0.08672	0.23475	0.21441	0.10932	0.13021	0.01563	0.00389	0.00562	0.07110	0.00817	0.00783
3	0.76103	0.01646	0.01251	0.01119	0.01646	0.01909	0.00922	0.02502	0.01448	0.03818	0.01185	0.01382	0.00922	0.00790	0.00527	0.00263	0.00658	0.00461	0.00527	0.00922
4	0.02439	0.01854	0.12965	0.01707	0.02212	0.01457	0.01565	0.02815	0.01940	0.28412	0.03009	0.19183	0.02647	0.01484	0.01218	0.00303	0.11703	0.01189	0.00756	0.01142
5	0.02309	0.01585	0.02394	0.02953	0.27921	0.01461	0.01699	0.02691	0.01984	0.18492	0.02519	0.12940	0.02203	0.01113	0.00847	0.00248	0.00790	0.01002	0.00654	0.14194
6	0.02385	0.01122	0.01529	0.01409	0.01777	0.01015	0.01125	0.02684	0.02118	0.31102	0.07920	0.22279	0.04025	0.01804	0.00995	0.00313	0.00655	0.13762	0.00918	0.01063
7	0.01223	0.00883	0.01220	0.01220	0.01321	0.00984	0.00879	0.01425	0.01324	0.01866	0.02415	0.04091	0.02452	0.27799	0.45747	0.01185	0.01791	0.01021	0.00476	0.00678
8	0.14459	0.47388	0.03507	0.01412	0.02095	0.02762	0.01334	0.02820	0.01807	0.13371	0.01563	0.01636	0.01242	0.00795	0.00597	0.00209	0.00837	0.00526	0.00511	0.01127
9	0.01126	0.00802	0.00968	0.01037	0.01116	0.00757	0.00673	0.01258	0.01616	0.02142	0.11428	0.31023	0.12334	0.27208	0.02256	0.00505	0.00597	0.01805	0.00707	0.00643
10	0.01166	0.00853	0.00998	0.00971	0.01126	0.00789	0.00667	0.01386	0.01898	0.02542	0.29692	0.06550	0.20461	0.24821	0.02123	0.00460	0.00551	0.01502	0.00759	0.00685

[dist]
# distance from previous block
# <min> <max>
4	17

[block]
# block no. 4 follows, 21 sequences, length 22
# corresponding to MSA columns:
# 326-347
name=unknown_E
#
# <colnr> <probs for GDERKNQSTAVLIFYWHMCP>
#	G	D	E	R	K	N	Q	S	T	A	V	L	I	F	Y	W	H	M	C	P
0	0.21084	0.01596	0.01639	0.01418	0.01819	0.01790	0.01099	0.18700	0.09474	0.03502	0.02159	0.02927	0.01889	0.16139	0.10746	0.00536	0.00999	0.00830	0.00644	0.01010
1	0.01257	0.00818	0.01013	0.01031	0.01192	0.00772	0.00748	0.01592	0.02053	0.03035	0.33672	0.21760	0.05954	0.01790	0.00923	0.00270	0.00424	0.01578	0.19346	0.00772
2	0.01765	0.01513	0.01765	0.01260	0.02017	0.01134	0.01008	0.02143	0.01765	0.02773	0.01513	0.01765	0.01260	0.00630	0.00630	0.00126	0.00630	0.00504	0.00504	0.75295
3	0.25569	0.01873	0.02225	0.13735	0.02966	0.02041	0.05940	0.20178	0.02340	0.03764	0.01584	0.01859	0.01189	0.00844	0.00732	0.00249	0.00882	0.00652	0.00587	0.10791
4	0.03235	0.02384	0.02554	0.01958	0.02639	0.02639	0.01618	0.61946	0.04001	0.05363	0.02043	0.02043	0.01447	0.01022	0.00851	0.00255	0.00936	0.00766	0.00851	0.01447
5	0.01481	0.01302	0.01877	0.01724	0.01813	0.01698	0.01392	0.01737	0.01341	0.02005	0.01802	0.02734	0.01712	0.04372	0.40448	0.00959	0.29508	0.00843	0.00422	0.00830
6	0.01690	0.01118	0.01459	0.01365	0.01619	0.01189	0.01043	0.06632	0.06460	0.09174	0.10864	0.11633	0.03362	0.08360	0.29138	0.00783	0.01335	0.01183	0.00686	0.00909
7	0.01064	0.00858	0.00953	0.00983	0.01224	0.00747	0.00741	0.01310	0.01965	0.02448	0.15087	0.15386	0.45376	0.02178	0.01028	0.00300	0.00462	0.06348	0.00809	0.00731
8	0.11997	0.20941	0.02963	0.07411	0.13721	0.14064	0.01691	0.05385	0.09290	0.02732	0.01616	0.01845	0.01314	0.00841	0.00711	0.00236	0.00998	0.00624	0.00490	0.01131
9	0.02410	0.01362	0.01970	0.10508	0.09810	0.01347	0.01408	0.06478	0.02018	0.22248	0.07079	0.02818	0.02122	0.01517	0.01490	0.19483	0.00801	0.00837	0.00673	0.03623
10	0.02105	0.18817	0.19667	0.11439	0.19157	0.10026	0.02333	0.02656	0.01878	0.02414	0.01439	0.01806	0.01160	0.00791	0.00757	0.00241	0.01130	0.00628	0.00388	0.01169
11	0.01742	0.03741	0.50028	0.11310	0.11262	0.01971	0.02979	0.02617	0.01801	0.02637	0.01534	0.01895	0.01118	0.00808	0.00818	0.00269	0.01212	0.00661	0.00369	0.01228
12	0.03191	0.01328	0.01820	0.01528	0.02067	0.01181	0.01282	0.03536	0.02314	0.49265	0.03652	0.04615	0.02822	0.01386	0.00938	0.00296	0.00739	0.15777	0.00984	0.01278
13	0.01450	0.01552	0.08706	0.10520	0.02772	0.01310	0.10695	0.01919	0.01845	0.02453	0.03563	0.19396	0.05675	0.01806	0.01044	0.00336	0.00904	0.22531	0.00634	0.00888
14	0.01420	0.10380	0.09302	0.01358	0.01666	0.01393	0.01179	0.01699	0.01422	0.01956	0.02182	0.03648	0.02192	0.26370	0.29282	0.00900	0.01491	0.00928	0.00452	0.00781
15	0.01646	0.01645	0.03233	0.10392	0.03447	0.01605	0.31136	0.02184	0.01950	0.02625	0.09058	0.13876	0.03106	0.01349	0.01021	0.00307	0.01063	0.08809	0.00578	0.00971
16	0.01233	0.00842	0.01013	0.01013	0.01042	0.00871	0.00621	0.01292	0.01263	0.01713	0.02604	0.05139	0.02907	0.57789	0.16380	0.00930	0.01106	0.01175	0.00504	0.00563
17	0.01765	0.01513	0.01765	0.01260	0.02017	0.01134	0.01008	0.02143	0.01765	0.02773	0.01513	0.01765	0.01260	0.00630	0.00630	0.00126	0.00630	0.00504	0.00504	0.75295
18	0.02016	0.02116	0.02923	0.09700	0.12596	0.14213	0.16778	0.02491	0.02029	0.02498	0.02440	0.04314	0.02331	0.01260	0.00969	0.00300	0.01162	0.18315	0.00531	0.01016
19	0.01072	0.00766	0.01028	0.01225	0.01290	0.00721	0.00851	0.01245	0.01664	0.02212	0.04671	0.63269	0.05552	0.02633	0.01096	0.00350	0.00524	0.08342	0.00789	0.00701
20	0.02311	0.07631	0.03228	0.20463	0.15741	0.13780	0.11226	0.10380	0.02223	0.02762	0.01570	0.02011	0.01230	0.00830	0.00834	0.00255	0.01185	0.00735	0.00466	0.01138
21	0.07575	0.01537	0.02338	0.19320	0.26113	0.01637	0.01812	0.02122	0.01654	0.02421	0.01819	0.02963	0.01705	0.18555	0.01705	0.00403	0.00951	0.00847	0.00446	0.04078

[dist]
# distance from previous block
# <min> <max>
5	8

[block]
# block no. 5 follows, 21 sequences, length 41
# corresponding to MSA columns:
# 356-375,378-398
name=unknown_F
#
# <colnr> <probs for GDERKNQSTAVLIFYWHMCP>
#	G	D	E	R	K	N	Q	S	T	A	V	L	I	F	Y	W	H	M	C	P
0	0.01431	0.01223	0.01594	0.01383	0.01700	0.01223	0.05880	0.07693	0.02148	0.02792	0.15269	0.10509	0.33672	0.01828	0.01166	0.00293	0.07056	0.01529	0.00751	0.00860
1	0.01217	0.00930	0.01237	0.07428	0.01693	0.00896	0.00931	0.01610	0.02280	0.03150	0.51103	0.06205	0.14706	0.01709	0.00989	0.00272	0.00475	0.01498	0.00864	0.00806
2	0.01220	0.00896	0.01287	0.01287	0.01411	0.01020	0.00963	0.01468	0.01344	0.01916	0.02353	0.03753	0.02305	0.18100	0.55246	0.01268	0.02012	0.00972	0.00467	0.00715
3	0.01216	0.00912	0.01368	0.01368	0.01520	0.01064	0.01064	0.01520	0.01368	0.01976	0.02279	0.03343	0.02127	0.06382	0.66720	0.01368	0.02279	0.00912	0.00456	0.00760
4	0.02171	0.58429	0.15719	0.01634	0.02460	0.03111	0.01767	0.02575	0.01742	0.02130	0.01246	0.01444	0.01090	0.00743	0.00594	0.00198	0.00974	0.00487	0.00363	0.01123
5	0.62809	0.01609	0.01384	0.01192	0.01743	0.01788	0.00982	0.02804	0.01630	0.15139	0.01584	0.01661	0.01140	0.00838	0.00587	0.00263	0.00670	0.00533	0.00624	0.01018
6	0.01957	0.02188	0.04724	0.03422	0.04228	0.02056	0.56769	0.02647	0.02005	0.02711	0.01949	0.02892	0.01586	0.00851	0.01018	0.00296	0.01382	0.05743	0.00459	0.01118
7	0.01937	0.01512	0.01904	0.01790	0.02078	0.01722	0.01519	0.16276	0.04905	0.03169	0.03252	0.06105	0.03283	0.01825	0.01383	0.00351	0.13276	0.31993	0.00728	0.00993
8	0.03179	0.04056	0.02412	0.02192	0.02631	0.66676	0.01644	0.03398	0.02412	0.02083	0.01315	0.01535	0.01096	0.00877	0.00767	0.00219	0.01535	0.00548	0.00438	0.00987
9	0.02275	0.70604	0.04459	0.01456	0.02184	0.03367	0.01456	0.02548	0.01729	0.02002	0.01183	0.01365	0.01092	0.00728	0.00546	0.00182	0.00910	0.00455	0.00364	0.01092
10	0.02752	0.01801	0.02028	0.01703	0.02263	0.01950	0.01359	0.12631	0.37792	0.21079	0.03231	0.02935	0.02296	0.01107	0.00861	0.00277	0.00725	0.00904	0.00916	0.01390
11	0.01607	0.01513	0.02552	0.68047	0.05861	0.01891	0.02363	0.02174	0.01702	0.02174	0.01513	0.02269	0.01134	0.00851	0.00851	0.00284	0.01134	0.00756	0.00378	0.00945
12	0.01429	0.01079	0.01382	0.01506	0.01720	0.01120	0.01228	0.02133	0.13152	0.02644	0.04358	0.22704	0.04649	0.02206	0.01097	0.00362	0.00694	0.34872	0.00800	0.00865
13	0.09595	0.03685	0.02323	0.02076	0.02545	0.54878	0.01578	0.08900	0.02478	0.02548	0.01373	0.01570	0.01114	0.00883	0.00754	0.00227	0.01401	0.00561	0.00486	0.01025
14	0.01589	0.01165	0.01302	0.01288	0.01506	0.05537	0.00939	0.02011	0.06500	0.08720	0.24827	0.31766	0.05582	0.01957	0.00997	0.00298	0.00570	0.01729	0.00846	0.00870
15	0.02746	0.01801	0.02035	0.01630	0.02181	0.01894	0.01321	0.31859	0.08509	0.15698	0.13330	0.03457	0.07215	0.01240	0.00890	0.00264	0.00749	0.01002	0.00900	0.01279
16	0.01052	0.00848	0.00936	0.00947	0.01186	0.00733	0.00698	0.01298	0.01999	0.02518	0.19903	0.15599	0.45036	0.02132	0.01016	0.00291	0.00433	0.01821	0.00821	0.00733
17	0.02785	0.01620	0.01753	0.01496	0.01955	0.10461	0.01197	0.03124	0.02380	0.33546	0.19694	0.04278	0.03833	0.01338	0.00914	0.00270	0.00758	0.06545	0.00908	0.01144
18	0.01207	0.00949	0.01400	0.17161	0.02391	0.01007	0.01224	0.01480	0.01680	0.02211	0.03914	0.47373	0.04483	0.02201	0.01039	0.00336	0.00676	0.07816	0.00691	0.00761
19	0.02117	0.01828	0.01924	0.01732	0.02213	0.02117	0.01347	0.04522	0.63246	0.03560	0.03464	0.03175	0.02598	0.01155	0.00866	0.00289	0.00673	0.00962	0.00866	0.01347
20	0.03818	0.01448	0.01975	0.01514	0.02172	0.01251	0.01251	0.04147	0.02436	0.65373	0.03357	0.02897	0.02107	0.01053	0.00856	0.00263	0.00724	0.00856	0.01053	0.01448
21	0.02506	0.01361	0.01665	0.01408	0.01880	0.01326	0.01116	0.03388	0.18412	0.28939	0.17791	0.04264	0.09528	0.01342	0.00906	0.00273	0.00609	0.01129	0.00952	0.01205
22	0.02035	0.21070	0.14097	0.02835	0.03720	0.02454	0.36514	0.02673	0.01901	0.02526	0.01547	0.01968	0.01205	0.00734	0.00851	0.00256	0.01266	0.00799	0.00402	0.01149
23	0.02741	0.03161	0.08302	0.09260	0.08268	0.32744	0.07622	0.08114	0.02345	0.07134	0.01626	0.01894	0.01241	0.00868	0.00822	0.00246	0.01307	0.00678	0.00503	0.01124
24	0.76103	0.01646	0.01251	0.01119	0.01646	0.01909	0.00922	0.02502	0.01448	0.03818	0.01185	0.01382	0.00922	0.00790	0.00527	0.00263	0.00658	0.00461	0.00527	0.00922
25	0.03818	0.01448	0.01975	0.01514	0.02172	0.01251	0.01251	0.04147	0.02436	0.65373	0.03357	0.02897	0.02107	0.01053	0.00856	0.00263	0.00724	0.00856	0.01053	0.01448
26	0.02380	0.01492	0.01751	0.01513	0.01977	0.01559	0.01190	0.03721	0.31577	0.20977	0.17942	0.03855	0.03754	0.01265	0.00896	0.00276	0.00623	0.01070	0.00936	0.01246
27	0.01809	0.01164	0.01392	0.01210	0.01563	0.01108	0.00945	0.10497	0.02531	0.11972	0.34080	0.05689	0.19375	0.01639	0.00962	0.00270	0.00529	0.01394	0.00907	0.00964
28	0.16579	0.01373	0.01649	0.01359	0.01871	0.01314	0.01094	0.05644	0.02256	0.36088	0.13529	0.08011	0.03137	0.01239	0.00837	0.00270	0.00648	0.01010	0.00908	0.01184
29	0.03179	0.04056	0.02412	0.02192	0.02631	0.66676	0.01644	0.03398	0.02412	0.02083	0.01315	0.01535	0.01096	0.00877	0.00767	0.00219	0.01535	0.00548	0.00438	0.00987
30	0.01250	0.00965	0.01472	0.07229	0.01901	0.01136	0.01178	0.01577	0.01397	0.01993	0.02212	0.03249	0.02040	0.05896	0.60930	0.01272	0.02179	0.00898	0.00449	0.00776
31	0.01207	0.00866	0.01077	0.01091	0.01293	0.00801	0.00837	0.01548	0.02132	0.02944	0.34709	0.12924	0.17363	0.01932	0.01003	0.00291	0.00470	0.09836	0.06904	0.00773
32	0.01787	0.03743	0.48536	0.05869	0.12850	0.01994	0.08007	0.02662	0.01831	0.02687	0.01554	0.01906	0.01138	0.00795	0.00832	0.00269	0.01231	0.00686	0.00375	0.01248
33	0.01222	0.00881	0.01161	0.01121	0.01322	0.00821	0.00861	0.01622	0.02363	0.03324	0.58215	0.06689	0.07709	0.01802	0.01021	0.00280	0.00441	0.07422	0.00921	0.00801
34	0.01486	0.01395	0.04852	0.01781	0.02163	0.01260	0.12276	0.02139	0.07937	0.02964	0.25358	0.11198	0.05037	0.01674	0.01029	0.00309	0.00752	0.14704	0.00763	0.00925
35	0.02487	0.29098	0.03352	0.06765	0.05412	0.02839	0.01689	0.22773	0.02451	0.03206	0.01510	0.01769	0.01232	0.00950	0.01015	0.00246	0.10840	0.00639	0.00536	0.01191
36	0.01050	0.00777	0.00953	0.01086	0.01184	0.00711	0.00730	0.01199	0.01659	0.02148	0.05373	0.49139	0.18651	0.09448	0.01400	0.00381	0.00513	0.02158	0.00762	0.00679
37	0.01161	0.00928	0.01273	0.04160	0.07869	0.00880	0.01006	0.01377	0.01732	0.02262	0.05119	0.46468	0.18007	0.02287	0.01034	0.00321	0.00558	0.02047	0.00736	0.00774
38	0.01959	0.01861	0.02994	0.04072	0.43343	0.02039	0.02219	0.02337	0.01715	0.02490	0.01596	0.02402	0.01472	0.08024	0.01664	0.00340	0.17086	0.00804	0.00419	0.01163
39	0.02638	0.47499	0.03755	0.01619	0.02304	0.09540	0.01487	0.12600	0.02227	0.07165	0.01497	0.01606	0.01225	0.00815	0.00642	0.00204	0.00965	0.00545	0.00502	0.01166
40	0.02391	0.24718	0.07330	0.01515	0.02255	0.04780	0.01396	0.02842	0.04332	0.14321	0.01821	0.01894	0.01397	0.00786	0.00673	0.00191	0.00826	0.00583	0.00562	0.25386

[dist]
# distance from previous block
# <min> <max>
0	9

[block]
# block no. 6 follows, 21 sequences, length 42
# corresponding to MSA columns:
# 408-449
name=unknown_G
#
# <colnr> <probs for GDERKNQSTAVLIFYWHMCP>
#	G	D	E	R	K	N	Q	S	T	A	V	L	I	F	Y	W	H	M	C	P
0	0.09725	0.16745	0.11565	0.01919	0.02431	0.08671	0.01778	0.06994	0.07037	0.02682	0.01481	0.01794	0.01234	0.01044	0.01320	0.00277	0.21107	0.00641	0.00468	0.01087
1	0.52451	0.07167	0.12037	0.01566	0.02253	0.02047	0.06616	0.02555	0.01573	0.03412	0.01286	0.01527	0.00991	0.00782	0.00614	0.00260	0.00840	0.00534	0.00480	0.01007
2	0.01766	0.01692	0.02639	0.06754	0.31549	0.04662	0.06926	0.02186	0.01949	0.02635	0.09019	0.14664	0.07323	0.01297	0.00924	0.00276	0.00885	0.01212	0.00564	0.01078
3	0.01316	0.00899	0.01148	0.01069	0.01303	0.00816	0.00807	0.01692	0.02354	0.06488	0.54518	0.06397	0.14465	0.01754	0.00996	0.00270	0.00422	0.01534	0.00925	0.00826
4	0.02073	0.01609	0.01832	0.12696	0.02504	0.07082	0.01365	0.05801	0.11897	0.09193	0.13175	0.03239	0.02864	0.01165	0.00996	0.00265	0.06587	0.00924	0.13695	0.01036
5	0.76103	0.01646	0.01251	0.01119	0.01646	0.01909	0.00922	0.02502	0.01448	0.03818	0.01185	0.01382	0.00922	0.00790	0.00527	0.00263	0.00658	0.00461	0.00527	0.00922
6	0.02523	0.01162	0.01560	0.01294	0.01726	0.01029	0.01029	0.02888	0.02422	0.34673	0.33571	0.04611	0.05041	0.01393	0.00929	0.00265	0.00564	0.01194	0.00996	0.01129
7	0.01873	0.01915	0.08702	0.09491	0.02650	0.02071	0.01807	0.04291	0.05827	0.05786	0.11629	0.02767	0.02382	0.01328	0.01793	0.00320	0.32924	0.00882	0.00545	0.01016
8	0.01190	0.00859	0.01124	0.01081	0.01268	0.00793	0.00802	0.01569	0.02341	0.03304	0.59130	0.11870	0.07820	0.01821	0.01011	0.00274	0.00410	0.01616	0.00924	0.00793
9	0.01828	0.01746	0.03158	0.16872	0.26646	0.01785	0.16064	0.02350	0.01862	0.02616	0.02027	0.09134	0.01798	0.00982	0.00886	0.00272	0.01030	0.00988	0.06854	0.01104
10	0.02275	0.70604	0.04459	0.01456	0.02184	0.03367	0.01456	0.02548	0.01729	0.02002	0.01183	0.01365	0.01092	0.00728	0.00546	0.00182	0.00910	0.00455	0.00364	0.01092
11	0.01892	0.01565	0.02156	0.33291	0.03857	0.01829	0.01773	0.04840	0.21897	0.06139	0.09474	0.03058	0.02462	0.01067	0.00874	0.00281	0.00873	0.00919	0.00651	0.01101
12	0.01307	0.01202	0.04096	0.01396	0.01579	0.04334	0.01112	0.01582	0.01833	0.02402	0.10468	0.36298	0.08605	0.02240	0.01145	0.00336	0.03879	0.14664	0.00746	0.00777
13	0.02337	0.01938	0.02048	0.01776	0.02297	0.02220	0.01400	0.15834	0.51575	0.03915	0.03184	0.02952	0.02371	0.01128	0.00863	0.00282	0.00725	0.00924	0.00863	0.01367
14	0.63257	0.01697	0.01559	0.01570	0.07131	0.01980	0.01149	0.02471	0.01478	0.03574	0.01215	0.01487	0.00975	0.00848	0.00752	0.00272	0.06611	0.00511	0.00504	0.00959
15	0.02075	0.15685	0.26961	0.02568	0.12240	0.12411	0.04911	0.02676	0.01964	0.02546	0.06783	0.02132	0.01724	0.00872	0.00784	0.00244	0.01136	0.00698	0.00434	0.01155
16	0.01743	0.03500	0.44544	0.14813	0.03986	0.01982	0.05612	0.02779	0.07875	0.02684	0.01726	0.02046	0.01249	0.00846	0.00832	0.00275	0.01185	0.00704	0.00416	0.01202
17	0.01360	0.00764	0.01046	0.01064	0.01089	0.00750	0.00695	0.01148	0.01239	0.01631	0.02503	0.09395	0.06716	0.15479	0.03151	0.49290	0.00711	0.01056	0.00464	0.00450
18	0.02276	0.59851	0.04053	0.01478	0.02156	0.05226	0.01423	0.05538	0.01917	0.02279	0.05835	0.01769	0.01616	0.00822	0.00602	0.00193	0.00895	0.00553	0.00433	0.01086
19	0.01094	0.00866	0.00984	0.00954	0.01203	0.00756	0.00716	0.01391	0.02147	0.02791	0.33230	0.07380	0.39522	0.01972	0.01005	0.00279	0.00418	0.01683	0.00855	0.00756
20	0.02183	0.01628	0.02438	0.17853	0.15528	0.01805	0.01853	0.05145	0.01908	0.14069	0.02143	0.09082	0.01830	0.01169	0.01223	0.00287	0.13441	0.00930	0.00579	0.04905
21	0.08732	0.01364	0.01745	0.01377	0.01957	0.01230	0.01128	0.03703	0.02266	0.51569	0.03112	0.02828	0.02032	0.01025	0.00793	0.00254	0.00670	0.00818	0.12084	0.01312
22	0.02088	0.01996	0.03279	0.07520	0.46737	0.02146	0.04336	0.05126	0.01913	0.02741	0.01539	0.02076	0.01301	0.00896	0.01177	0.00276	0.12403	0.00764	0.00430	0.01256
23	0.02725	0.01317	0.01779	0.01631	0.06431	0.01196	0.01193	0.03181	0.05452	0.37062	0.18613	0.04156	0.08890	0.01300	0.00904	0.00267	0.00638	0.01102	0.00947	0.01215
24	0.01349	0.01022	0.01262	0.01176	0.01421	0.01011	0.00889	0.02069	0.12062	0.03436	0.54676	0.05852	0.07168	0.01647	0.00982	0.00271	0.00445	0.01447	0.00926	0.00889
25	0.01168	0.00868	0.01086	0.01032	0.01249	0.00787	0.00774	0.01535	0.02322	0.03206	0.53988	0.06697	0.18506	0.01817	0.01004	0.00271	0.00407	0.01587	0.00910	0.00787
26	0.02805	0.03477	0.02163	0.02016	0.02387	0.55154	0.01495	0.03012	0.02275	0.02098	0.01905	0.13409	0.01888	0.01189	0.00823	0.00241	0.01353	0.00875	0.00500	0.00935
27	0.03591	0.01382	0.01855	0.01441	0.02052	0.01204	0.01184	0.03927	0.02370	0.59047	0.03298	0.02925	0.02114	0.01047	0.00829	0.00257	0.00691	0.00849	0.08556	0.01382
28	0.15036	0.01796	0.01807	0.01625	0.02114	0.02080	0.01273	0.04169	0.52455	0.03605	0.03066	0.02862	0.02305	0.01091	0.00807	0.00284	0.00671	0.00875	0.00807	0.01273
29	0.76103	0.01646	0.01251	0.01119	0.01646	0.01909	0.00922	0.02502	0.01448	0.03818	0.01185	0.01382	0.00922	0.00790	0.00527	0.00263	0.00658	0.00461	0.00527	0.00922
30	0.01717	0.01458	0.01711	0.01244	0.01953	0.01106	0.00991	0.02097	0.01819	0.02827	0.06846	0.02155	0.01835	0.00724	0.00662	0.00138	0.00611	0.00592	0.00541	0.68970
31	0.01236	0.00833	0.00966	0.00966	0.00979	0.00846	0.00563	0.01262	0.01249	0.01678	0.02647	0.05377	0.03011	0.64610	0.09701	0.00872	0.00950	0.01210	0.00511	0.00537
32	0.02227	0.01602	0.01796	0.01583	0.02043	0.01753	0.01238	0.03958	0.43124	0.13271	0.13997	0.03683	0.03462	0.01240	0.00888	0.00281	0.00634	0.01045	0.00908	0.01269
33	0.02275	0.70604	0.04459	0.01456	0.02184	0.03367	0.01456	0.02548	0.01729	0.02002	0.01183	0.01365	0.01092	0.00728	0.00546	0.00182	0.00910	0.00455	0.00364	0.01092
34	0.16823	0.05083	0.02230	0.01873	0.07511	0.01921	0.01411	0.18326	0.04574	0.28328	0.02371	0.02268	0.01622	0.00959	0.00778	0.00257	0.00797	0.00736	0.00811	0.01321
35	0.01070	0.00859	0.00962	0.01001	0.01237	0.00751	0.00757	0.01315	0.01954	0.02434	0.14023	0.16297	0.44125	0.02196	0.01034	0.00304	0.00472	0.07674	0.00806	0.00731
36	0.01494	0.01352	0.02192	0.51613	0.04763	0.01623	0.02017	0.01984	0.01735	0.02216	0.02563	0.09127	0.06446	0.01233	0.00911	0.00299	0.00998	0.06062	0.00479	0.00893
37	0.01869	0.07953	0.06649	0.10098	0.25451	0.01986	0.15524	0.02371	0.01838	0.02523	0.01996	0.11558	0.01871	0.01052	0.00955	0.00276	0.03427	0.01013	0.00461	0.01128
38	0.01343	0.00981	0.01381	0.06321	0.01937	0.01004	0.01312	0.01690	0.01845	0.02405	0.04151	0.14819	0.04544	0.08025	0.01411	0.00416	0.00783	0.44136	0.00732	0.00763
39	0.02027	0.42069	0.14604	0.01754	0.02406	0.02825	0.01793	0.02412	0.01641	0.02129	0.01311	0.01670	0.01169	0.01285	0.05787	0.00316	0.12791	0.00569	0.00371	0.01069
40	0.02180	0.29058	0.18692	0.08621	0.02984	0.15222	0.01995	0.02657	0.01895	0.02246	0.01570	0.02197	0.01371	0.00908	0.00731	0.00237	0.01133	0.04819	0.00410	0.01075
41	0.01991	0.01622	0.02135	0.07709	0.12432	0.01450	0.01434	0.02608	0.08089	0.07348	0.01859	0.02088	0.01461	0.00754	0.00724	0.00186	0.00746	0.00639	0.00557	0.44169

[dist]
# distance from previous block
# <min> <max>
0	9

[block]
# block no. 7 follows, 21 sequences, length 27
# corresponding to MSA columns:
# 459-485
name=unknown_H
#
# <colnr> <probs for GDERKNQSTAVLIFYWHMCP>
#	G	D	E	R	K	N	Q	S	T	A	V	L	I	F	Y	W	H	M	C	P
0	0.02109	0.06182	0.10797	0.10205	0.19359	0.09095	0.10519	0.02639	0.01931	0.04433	0.01582	0.01974	0.01249	0.00767	0.00802	0.00234	0.01093	0.00696	0.00442	0.13891
1	0.02220	0.01454	0.02074	0.02222	0.14015	0.01559	0.01442	0.02570	0.04218	0.18620	0.04195	0.03284	0.02191	0.16436	0.07266	0.00492	0.13123	0.00928	0.00633	0.01056
2	0.01767	0.08824	0.18034	0.02442	0.03225	0.01872	0.25916	0.02419	0.02016	0.02812	0.16122	0.03012	0.02783	0.00973	0.00901	0.00262	0.01073	0.00969	0.00528	0.04049
3	0.02282	0.10253	0.10520	0.02822	0.20695	0.18842	0.01951	0.02719	0.01984	0.02501	0.01452	0.01764	0.01202	0.00764	0.00740	0.00211	0.01084	0.00600	0.00430	0.17182
4	0.01710	0.00967	0.01152	0.01066	0.01382	0.00851	0.00812	0.01990	0.02063	0.16167	0.14776	0.13705	0.28461	0.01789	0.00938	0.00277	0.00494	0.01520	0.08986	0.00894
5	0.01296	0.00837	0.00913	0.00894	0.01121	0.00773	0.00671	0.01637	0.02012	0.02969	0.22226	0.05651	0.23296	0.01569	0.00840	0.00246	0.00409	0.01320	0.30549	0.00773
6	0.01364	0.01771	0.16569	0.08161	0.02307	0.01191	0.01515	0.01921	0.02192	0.03118	0.43108	0.04864	0.05686	0.01429	0.00942	0.00270	0.00678	0.01244	0.00744	0.00925
7	0.17816	0.01541	0.01654	0.01230	0.01937	0.01302	0.00990	0.02220	0.01696	0.02999	0.01442	0.01682	0.01187	0.00665	0.00608	0.00156	0.00636	0.00495	0.00509	0.59236
8	0.11013	0.01646	0.02012	0.01559	0.02208	0.01581	0.01287	0.14977	0.02634	0.47735	0.02888	0.02581	0.01861	0.01021	0.00822	0.00262	0.00758	0.00799	0.00962	0.01395
9	0.03246	0.01800	0.02486	0.02577	0.18592	0.01752	0.01685	0.16227	0.02644	0.36102	0.02616	0.02506	0.01766	0.00970	0.00851	0.00259	0.00845	0.00811	0.00845	0.01422
10	0.76103	0.01646	0.01251	0.01119	0.01646	0.01909	0.00922	0.02502	0.01448	0.03818	0.01185	0.01382	0.00922	0.00790	0.00527	0.00263	0.00658	0.00461	0.00527	0.00922
11	0.01401	0.01077	0.01307	0.01213	0.01475	0.01087	0.00920	0.02236	0.15545	0.03444	0.51191	0.05670	0.06857	0.01613	0.00974	0.00272	0.00460	0.01414	0.00921	0.00920
12	0.01862	0.01862	0.02607	0.02234	0.02234	0.02607	0.01862	0.02048	0.01303	0.02048	0.01117	0.01862	0.01117	0.01489	0.02793	0.00372	0.68535	0.00745	0.00372	0.00931
13	0.01330	0.00978	0.01170	0.01156	0.01388	0.00939	0.00852	0.01878	0.09861	0.05137	0.26766	0.22687	0.18675	0.01971	0.01003	0.00295	0.00478	0.01725	0.00862	0.00849
14	0.01181	0.00850	0.01127	0.01161	0.01322	0.00795	0.00869	0.01515	0.02151	0.02984	0.41490	0.23219	0.07022	0.02056	0.01046	0.00303	0.00472	0.08786	0.00880	0.00771
15	0.01061	0.00751	0.00980	0.01154	0.01197	0.00708	0.00756	0.01191	0.01582	0.02109	0.04445	0.61732	0.05319	0.10893	0.01482	0.00404	0.00534	0.02275	0.00756	0.00670
16	0.01750	0.01598	0.02331	0.19270	0.03305	0.01447	0.08022	0.02215	0.01775	0.02609	0.01535	0.01957	0.01230	0.00698	0.00730	0.00186	0.00852	0.00626	0.00463	0.47399
17	0.37647	0.29304	0.02627	0.01303	0.01926	0.02414	0.01176	0.02721	0.01682	0.10599	0.01449	0.01560	0.01135	0.00797	0.00575	0.00231	0.00767	0.00507	0.00526	0.01054
18	0.10524	0.06634	0.02395	0.01893	0.02134	0.02388	0.01576	0.08849	0.06645	0.02726	0.01538	0.02047	0.01351	0.01772	0.08467	0.00427	0.36401	0.00728	0.00490	0.01014
19	0.01183	0.00843	0.01042	0.01064	0.01142	0.00861	0.00704	0.01304	0.01395	0.01867	0.03479	0.12301	0.10165	0.38210	0.19933	0.00853	0.01124	0.01346	0.00562	0.00622
20	0.02405	0.01635	0.01754	0.01435	0.01886	0.01761	0.01154	0.33327	0.03017	0.04347	0.09463	0.02947	0.02469	0.01093	0.00776	0.00236	0.00680	0.00865	0.27614	0.01137
21	0.01765	0.01513	0.01765	0.01260	0.02017	0.01134	0.01008	0.02143	0.01765	0.02773	0.01513	0.01765	0.01260	0.00630	0.00630	0.00126	0.00630	0.00504	0.00504	0.75295
22	0.02709	0.10518	0.02792	0.09771	0.14142	0.25704	0.01824	0.05453	0.04431	0.10116	0.01725	0.01956	0.01339	0.00891	0.00844	0.00242	0.03205	0.00666	0.00525	0.01146
23	0.01952	0.16598	0.03250	0.28925	0.11544	0.02233	0.08571	0.06543	0.01953	0.02526	0.01754	0.02632	0.01494	0.00931	0.00827	0.00265	0.01062	0.05419	0.00452	0.01071
24	0.01971	0.01074	0.01485	0.01509	0.01809	0.01017	0.01273	0.02318	0.02045	0.18878	0.04228	0.14737	0.04254	0.02049	0.01082	0.00353	0.00735	0.37382	0.00855	0.00946
25	0.76103	0.01646	0.01251	0.01119	0.01646	0.01909	0.00922	0.02502	0.01448	0.03818	0.01185	0.01382	0.00922	0.00790	0.00527	0.00263	0.00658	0.00461	0.00527	0.00922
26	0.01029	0.00772	0.00955	0.01101	0.01212	0.00698	0.00753	0.01194	0.01710	0.02205	0.05715	0.53548	0.20956	0.02533	0.01065	0.00330	0.00477	0.02257	0.00790	0.00698

[dist]
# distance from previous block
# <min> <max>
0	1

[block]
# block no. 8 follows, 21 sequences, length 38
# corresponding to MSA columns:
# 487-524
name=unknown_I
#
# <colnr> <probs for GDERKNQSTAVLIFYWHMCP>
#	G	D	E	R	K	N	Q	S	T	A	V	L	I	F	Y	W	H	M	C	P
0	0.01418	0.16417	0.01844	0.01130	0.01460	0.01364	0.00929	0.01768	0.02198	0.02958	0.43239	0.05475	0.13586	0.01567	0.00902	0.00251	0.00519	0.01330	0.00791	0.00857
