#                                                                                    --- full sequence --- -------------- this domain -------------   hmm coord   ali coord   env coord
# target name                accession   tlen query name           accession   qlen   E-value  score  bias   #  of  c-Evalue  i-Evalue  score  bias  from    to  from    to  from    to  acc description of target
#        ------------------- ---------- ----- -------------------- ---------- ----- --------- ------ ----- --- --- --------- --------- ------ ----- ----- ----- ----- ----- ----- ----- ---- ---------------------
WXVQ01000152_1:258406-262059 -           1218 693at33634           -            925         0 1496.2  14.7   1   3   4.7e-92   3.8e-90  296.8   0.8     1   214    72   326    72   353 0.85 -
WXVQ01000152_1:258406-262059 -           1218 693at33634           -            925         0 1496.2  14.7   2   3  2.6e-220  2.1e-218  721.3   7.0   211   670   347   913   339   917 0.87 -
WXVQ01000152_1:258406-262059 -           1218 693at33634           -            925         0 1496.2  14.7   3   3  2.6e-144  2.1e-142  469.7   0.0   658   925   927  1216   917  1216 0.93 -
WXVQ01000036_1:8118-11791    -           1160 693at33634           -            925    1e-191  633.0   9.6   1   4   1.4e-24   1.1e-22   73.6   0.0    22   146    60   210    16   230 0.76 -
WXVQ01000036_1:8118-11791    -           1160 693at33634           -            925    1e-191  633.0   9.6   2   4   0.00043     0.035    5.7   0.0   172   199   262   289   250   296 0.88 -
WXVQ01000036_1:8118-11791    -           1160 693at33634           -            925    1e-191  633.0   9.6   3   4   2.6e-48   2.1e-46  152.0   0.0   202   475   341   621   327   631 0.84 -
WXVQ01000036_1:8118-11791    -           1160 693at33634           -            925    1e-191  633.0   9.6   4   4  1.1e-123  9.2e-122  401.4   1.7   474   922   644  1159   639  1160 0.83 -
WXVQ01000022_1:31427-35068   -           1186 693at33634           -            925  1.6e-116  384.1   1.5   1   3   5.5e-09   4.4e-07   21.9   0.0    31   131    56   164    29   172 0.75 -
WXVQ01000022_1:31427-35068   -           1186 693at33634           -            925  1.6e-116  384.1   1.5   2   3    2e-107  1.6e-105  347.7   0.1   301   882   448  1103   361  1111 0.75 -
WXVQ01000022_1:31427-35068   -           1186 693at33634           -            925  1.6e-116  384.1   1.5   3   3   0.00033     0.027    6.1   0.0   891   924  1151  1184  1120  1185 0.84 -
#
# Program:         hmmsearch
# Version:         3.1b2 (February 2015)
# Pipeline mode:   SEARCH
# Query file:      /Users/aholzer/ownCloud/PhD/Publications/2021 Liavero-Pasquina et al./analysis/TPP_aptamer_search/busco_downloads/lineages/stramenopiles_odb10/hmms/693at33634.hmm
# Target file:     /Users/aholzer/ownCloud/PhD/Publications/2021 Liavero-Pasquina et al./analysis/TPP_aptamer_search/genomes/BUSCO/Nitzschia_sp_Nitz4/run_stramenopiles_odb10/metaeuk_output/initial_results/GCA_013372465.1_Nitz4_genomic.fna.modified.fas
# Option settings: hmmsearch --domtblout /Users/aholzer/ownCloud/PhD/Publications/2021 Liavero-Pasquina et al./analysis/TPP_aptamer_search/genomes/BUSCO/Nitzschia_sp_Nitz4/run_stramenopiles_odb10/hmmer_output/initial_run_results/693at33634.out --cpu 1 /Users/aholzer/ownCloud/PhD/Publications/2021 Liavero-Pasquina et al./analysis/TPP_aptamer_search/busco_downloads/lineages/stramenopiles_odb10/hmms/693at33634.hmm /Users/aholzer/ownCloud/PhD/Publications/2021 Liavero-Pasquina et al./analysis/TPP_aptamer_search/genomes/BUSCO/Nitzschia_sp_Nitz4/run_stramenopiles_odb10/metaeuk_output/initial_results/GCA_013372465.1_Nitz4_genomic.fna.modified.fas 
# Current dir:     /Users/aholzer/ownCloud/PhD/Publications/2021 Liavero-Pasquina et al./analysis/TPP_aptamer_search
# Date:            Thu Apr 15 14:19:00 2021
# [ok]
