#                                                                                 --- full sequence --- -------------- this domain -------------   hmm coord   ali coord   env coord
# target name             accession   tlen query name           accession   qlen   E-value  score  bias   #  of  c-Evalue  i-Evalue  score  bias  from    to  from    to  from    to  acc description of target
#     ------------------- ---------- ----- -------------------- ---------- ----- --------- ------ ----- --- --- --------- --------- ------ ----- ----- ----- ----- ----- ----- ----- ---- ---------------------
scaffold_4504:10102-11994 -            631 271586at2759         -            460   5.8e-06   21.5   1.3   1   3   0.00034     0.095    7.6   0.1    25    65   389   429   378   453 0.83 -
scaffold_4504:10102-11994 -            631 271586at2759         -            460   5.8e-06   21.5   1.3   2   3    0.0008      0.22    6.3   0.2    28    85   426   485   423   492 0.81 -
scaffold_4504:10102-11994 -            631 271586at2759         -            460   5.8e-06   21.5   1.3   3   3   2.6e-05    0.0072   11.3   0.1   195   271   452   531   447   548 0.79 -
scaffold_3781:77012-77731 -            240 271586at2759         -            460     2e-05   19.7   0.0   1   2    0.0051       1.4    3.7   0.0    25    60   117   152   110   154 0.85 -
scaffold_3781:77012-77731 -            240 271586at2759         -            460     2e-05   19.7   0.0   2   2   2.3e-06   0.00065   14.7   0.0    25    64   151   190   146   207 0.86 -
scaffold_5178:15115-16644 -            510 271586at2759         -            460   0.00012   17.1   3.0   1   4     0.053        15    0.3   0.1    18    39   108   129    93   139 0.67 -
scaffold_5178:15115-16644 -            510 271586at2759         -            460   0.00012   17.1   3.0   2   4      0.12        32   -0.8   0.0     8    53   138   181   131   194 0.60 -
scaffold_5178:15115-16644 -            510 271586at2759         -            460   0.00012   17.1   3.0   3   4   0.00019     0.053    8.4   0.1    14    58   339   383   333   389 0.88 -
scaffold_5178:15115-16644 -            510 271586at2759         -            460   0.00012   17.1   3.0   4   4    0.0013      0.35    5.7   0.0    28    95   387   456   380   464 0.83 -
scaffold_4267:13087-13533 -            149 271586at2759         -            460    0.0012   13.9   0.3   1   1   4.4e-06    0.0012   13.8   0.3    18    66     7    55     2   123 0.86 -
#
# Program:         hmmsearch
# Version:         3.1b2 (February 2015)
# Pipeline mode:   SEARCH
# Query file:      /Users/aholzer/ownCloud/PhD/Publications/2021 Liavero-Pasquina et al./analysis/TPP_aptamer_search/busco_downloads/lineages/eukaryota_odb10/hmms/271586at2759.hmm
# Target file:     /Users/aholzer/ownCloud/PhD/Publications/2021 Liavero-Pasquina et al./analysis/TPP_aptamer_search/genomes/BUSCO_eukaryota_obd10/Cyclotella_cryptica_Cyccr1/run_eukaryota_odb10/metaeuk_output/initial_results/Cyccr1_AssemblyScaffolds_Repeatmasked.fna.modified.fas
# Option settings: hmmsearch --domtblout /Users/aholzer/ownCloud/PhD/Publications/2021 Liavero-Pasquina et al./analysis/TPP_aptamer_search/genomes/BUSCO_eukaryota_obd10/Cyclotella_cryptica_Cyccr1/run_eukaryota_odb10/hmmer_output/initial_run_results/271586at2759.out --cpu 1 /Users/aholzer/ownCloud/PhD/Publications/2021 Liavero-Pasquina et al./analysis/TPP_aptamer_search/busco_downloads/lineages/eukaryota_odb10/hmms/271586at2759.hmm /Users/aholzer/ownCloud/PhD/Publications/2021 Liavero-Pasquina et al./analysis/TPP_aptamer_search/genomes/BUSCO_eukaryota_obd10/Cyclotella_cryptica_Cyccr1/run_eukaryota_odb10/metaeuk_output/initial_results/Cyccr1_AssemblyScaffolds_Repeatmasked.fna.modified.fas 
# Current dir:     /Users/aholzer/ownCloud/PhD/Publications/2021 Liavero-Pasquina et al./analysis/TPP_aptamer_search
# Date:            Sun Apr 18 15:18:59 2021
# [ok]
